1 1 0.173654 0.159049 0.172881 0.164609 0.1723 0.177178 0.171914 0.182496 0.171914 0.192165 0.17114 0.198692 0.17114 0.206669 0.170947 0.210778 0.170947 0.214887 0.177715 0.214404 0.183323 0.213195 0.189705 0.210778 0.195506 0.207152 0.19918 0.202801 0.201887 0.198208 0.203241 0.190715 0.203241 0.184188 0.202274 0.177904 0.199567 0.169685 0.19744 0.166059 0.191445 0.162192 0.184677 0.159774 0.181002 0.159291 0.176748 0.158807
0 1 0.184062 0.169238 0.180625 0.169824 0.179766 0.172168 0.179455 0.178145 0.179262 0.184672 0.180036 0.190473 0.181969 0.19289 0.18487 0.19144 0.186224 0.188056 0.187656 0.183789 0.187734 0.180273 0.188125 0.175684 0.187384 0.17041
2 1 0.174041 0.159291 0.172881 0.165092 0.1723 0.169927 0.172578 0.17627 0.172187 0.181055 0.172031 0.186035 0.172109 0.191504 0.170753 0.199175 0.170753 0.204735 0.170947 0.209086 0.17125 0.214844 0.166484 0.214062 0.161665 0.21247 0.158571 0.212228 0.153156 0.209569 0.148902 0.206185 0.144647 0.20401 0.14078 0.200867 0.136525 0.197 0.133431 0.192407 0.133431 0.187089 0.133238 0.183705 0.134978 0.177904 0.142713 0.170652 0.145808 0.167026 0.150642 0.162917 0.15683 0.160741 0.163018 0.159774 0.166692 0.159291 0.169593 0.159049
3 1 0.134205 0.17887 0.133045 0.185397 0.133238 0.193616 0.125696 0.193616 0.117768 0.189748 0.110613 0.187331 0.10133 0.18298 0.0918549 0.178145 0.0955729 0.170898 0.103385 0.174479 0.109635 0.176758 0.117708 0.17806 0.121875 0.178385 0.129167 0.179362
4 1 0.0955729 0.170247 0.0919271 0.179036 0.0830729 0.173828 0.0765625 0.169922 0.0695313 0.164714 0.0643229 0.160156 0.0588542 0.15625 0.0536458 0.149414 0.0481771 0.144206 0.0393229 0.135417 0.0296875 0.128581 0.0205729 0.120768 0.0125 0.11263 0.00598958 0.10612 0.00286458 0.100911 0.00078125 0.0979818 0.00078125 0.0830078 0.0109375 0.0966797 0.0174479 0.102865 0.0257812 0.111003 0.034375 0.119466 0.0434896 0.126953 0.0523438 0.134115 0.059375 0.142904 0.0664062 0.151367 0.0760417 0.159505 0.0856771 0.164062 0.0929688 0.167318
1 2 0.4875 0.0428711 0.484983 0.0453509 0.480156 0.0498203 0.476044 0.0542897 0.471575 0.0603234 0.467463 0.0685918 0.464245 0.0755193 0.461563 0.0817765 0.459597 0.0860224 0.458906 0.0890625 0.453518 0.0824469 0.452446 0.077754 0.451552 0.0679214 0.451552 0.0609938 0.452446 0.0527254 0.45477 0.0460213 0.460133 0.0408815 0.465675 0.0375295 0.473541 0.037306 0.480871 0.0395407 0.485078 0.0416016
2 2 0.488125 0.0425781 0.485032 0.0454816 0.48391 0.0466918 0.481765 0.048703 0.479921 0.0501971 0.476938 0.052502 0.475905 0.0546084 0.47335 0.0582591 0.471396 0.0600999 0.469212 0.0652563 0.46763 0.0684506 0.466292 0.0710366 0.46471 0.0755999 0.461911 0.0812281 0.460329 0.0848788 0.45899 0.0891379 0.459239 0.0907153 0.46353 0.0949612 0.46782 0.0998775 0.474793 0.105017 0.478547 0.107029 0.486592 0.107922 0.494279 0.104347 0.497676 0.102336 0.503754 0.0992071 0.506615 0.0920561 0.506615 0.0857989 0.505721 0.077754 0.503754 0.0694857 0.500703 0.0610352 0.497031 0.0548828 0.49375 0.05 0.490078 0.0455078
3 2 0.506793 0.0931734 0.505363 0.0976428 0.501609 0.101218 0.507151 0.109263 0.512157 0.119096 0.516984 0.127364 0.523062 0.136303 0.528604 0.143678 0.534861 0.153063 0.54237 0.162449 0.548627 0.170941 0.555599 0.16446 0.55113 0.159767 0.547018 0.153734 0.54237 0.146359 0.53647 0.136974 0.532537 0.13094 0.526816 0.123565 0.521274 0.11418 0.517162 0.107029 0.51162 0.0994306 0.509475 0.096302
4 2 0.556314 0.164684 0.548806 0.170494 0.558638 0.181667 0.564538 0.189489 0.570974 0.199545 0.577589 0.20692 0.583309 0.215635 0.594458 0.229025 0.604639 0.242027 0.612606 0.251156 0.617918 0.258073 0.624557 0.263882 0.63341 0.274395 0.645804 0.284907 0.657144 0.292732 0.668407 0.300553 0.681636 0.309269 0.690039 0.314632 0.697011 0.318207 0.704341 0.32223 0.717213 0.32871 0.730084 0.33385 0.732945 0.334744 0.742241 0.337873 0.764052 0.346588 0.777996 0.350164 0.791762 0.353292 0.810176 0.356421 0.82716 0.357091 0.838959 0.357985 0.855049 0.357985 0.860948 0.357091 0.869529 0.355974 0.88258 0.35441 0.896882 0.351951 0.91029 0.351504 0.921732 0.34994 0.934246 0.348376 0.944079 0.347258 0.958739 0.347035 0.970001 0.346365 0.97894 0.345024 0.98913 0.344353 0.996281 0.344577 0.996818 0.337202 0.988952 0.338096 0.981443 0.338543 0.973934 0.338767 0.963923 0.33899 0.956593 0.338543 0.949085 0.338543 0.941219 0.339214 0.934246 0.340778 0.925486 0.342342 0.917263 0.343013 0.909754 0.343906 0.903854 0.344353 0.896346 0.344577 0.890983 0.3448 0.884547 0.345024 0.875965 0.345471 0.867205 0.345918 0.860233 0.347035 0.853618 0.347705 0.848255 0.348376 0.839316 0.348376 0.830914 0.347705 0.823763 0.346812 0.813215 0.345918 0.80231 0.344577 0.788365 0.341895 0.778354 0.33899 0.766912 0.335638 0.756364 0.332063 0.746889 0.328264 0.738129 0.325135 0.729727 0.321783 0.721682 0.317537 0.710363 0.312979 0.700649 0.30819 0.692713 0.303572 0.683045 0.297628 0.672063 0.290176 0.662494 0.283509 0.652001 0.275778 0.644033 0.268862 0.636066 0.262222 0.628984 0.253646 0.622998 0.247814 0.618707 0.242675 0.611914 0.234853 0.60512 0.226808 0.596181 0.214741 0.58474 0.202674 0.576695 0.192171 0.569901 0.183008 0.561856 0.172952
1 3 0.63732 0.710051 0.631064 0.70945 0.626572 0.709851 0.62208 0.711254 0.617749 0.713861 0.607161 0.717471 0.601065 0.719476 0.596573 0.719676 0.592884 0.719275 0.594648 0.7285 0.595771 0.733914 0.598659 0.741935 0.605717 0.748953 0.612295 0.751159 0.619353 0.750156 0.62561 0.748352 0.630743 0.745945 0.635235 0.742336 0.638443 0.736721 0.640208 0.730304 0.640529 0.724489 0.640689 0.717471 0.640529 0.713059 0.639727 0.709851
2 3 0.60652 0.671149 0.603792 0.672753 0.601065 0.675962 0.598819 0.678569 0.596092 0.683381 0.594167 0.687191 0.592563 0.6906 0.589996 0.699423 0.590157 0.706642 0.59128 0.715866 0.592563 0.719075 0.598338 0.719275 0.603311 0.718874 0.607001 0.717471 0.609888 0.716669 0.616626 0.714663 0.620637 0.712457 0.623524 0.710653 0.628016 0.709851 0.632347 0.708848 0.638283 0.710051 0.64101 0.710051 0.638122 0.704436 0.634433 0.69802 0.632508 0.693809 0.630422 0.689798 0.628818 0.68659 0.625449 0.682178 0.621599 0.677967 0.61823 0.67516 0.615343 0.673355 0.610851 0.67155
3 3 0.601867 0.674157 0.606199 0.670949 0.609888 0.67155 0.608284 0.664732 0.607482 0.659519 0.605717 0.649893 0.604594 0.641271 0.603311 0.628036 0.602188 0.61821 0.601707 0.608585 0.601707 0.596553 0.602028 0.589134 0.59545 0.588332 0.594167 0.600564 0.594328 0.608585 0.594328 0.621018 0.595611 0.631044 0.596894 0.640469 0.598659 0.651096 0.599782 0.660922 0.600263 0.667139
4 3 0.595771 0.588332 0.602188 0.589134 0.603151 0.579108 0.603311 0.572691 0.603953 0.563467 0.604113 0.552438 0.604113 0.541409 0.604113 0.530981 0.604434 0.51915 0.60359 0.505933 0.602509 0.492681 0.599942 0.478243 0.596894 0.462401 0.594969 0.448565 0.591119 0.433927 0.588071 0.422096 0.586146 0.415879 0.582136 0.400639 0.578606 0.388608 0.57604 0.378381 0.572992 0.369558 0.568741 0.35589 0.565097 0.341939 0.56112 0.330856 0.55711 0.319025 0.554222 0.309199 0.551174 0.301579 0.546682 0.289548 0.543231 0.280726 0.539303 0.273105 0.53433 0.262076 0.529036 0.248039 0.524063 0.234804 0.519732 0.223174 0.515721 0.216155 0.51139 0.205527 0.505775 0.194498 0.497594 0.180261 0.489573 0.166224 0.47722 0.148979 0.469039 0.137549 0.461659 0.128124 0.452351 0.117301 0.447703 0.105465 0.442248 0.091829 0.43914 0.0819971 0.436634 0.0734557 0.433446 0.0612131 0.429346 0.0475469 0.427068 0.0370126 0.42479 0.0270476 0.422517 0.0150274 0.420431 0.00640481 0.414656 0.00580323 0.416581 0.0174337 0.418506 0.0258558 0.420592 0.0360827 0.422196 0.0471116 0.424602 0.05794 0.427329 0.0683674 0.433425 0.08842 0.437917 0.100051 0.440003 0.10747 0.443692 0.118699 0.448665 0.126921 0.454922 0.133739 0.459895 0.140156 0.468878 0.150784 0.473851 0.157602 0.480589 0.166425 0.485723 0.174847 0.489573 0.180462 0.496766 0.192465 0.500481 0.199512 0.504492 0.207733 0.509304 0.21816 0.513636 0.227385 0.517165 0.236408 0.520373 0.245432 0.523582 0.253854 0.526951 0.261474 0.530159 0.268894 0.532405 0.274308 0.537992 0.28642 0.541409 0.297239 0.54556 0.307796 0.547805 0.31702 0.550693 0.326645 0.553901 0.334265 0.556789 0.342487 0.560541 0.352189 0.56578 0.368702 0.571019 0.388632 0.575719 0.405853 0.58005 0.4237 0.584542 0.44275 0.587269 0.451974 0.589836 0.464808 0.592242 0.47724 0.593846 0.488269 0.595771 0.501103 0.597055 0.514137 0.598017 0.527372 0.598017 0.538601 0.597857 0.547625 0.597215 0.556448 0.596734 0.566274 0.595771 0.5761
1 4 0.412399 0.533416 0.411305 0.536699 0.410539 0.541349 0.410102 0.54641 0.409336 0.552154 0.407694 0.557625 0.405834 0.561455 0.403427 0.563917 0.400363 0.565421 0.396424 0.56802 0.393142 0.569251 0.390406 0.570482 0.387999 0.570619 0.386905 0.570482 0.386358 0.565148 0.385811 0.560634 0.385811 0.553522 0.386248 0.54641 0.388765 0.541623 0.393689 0.536426 0.395987 0.5341 0.400582 0.532049 0.404084 0.531638 0.408023 0.531638 0.410649 0.531775
0 4 0.400582 0.542307 0.394564 0.545316 0.392376 0.548872 0.391719 0.55448 0.392595 0.55954 0.396315 0.561318 0.400254 0.560224 0.40288 0.557899 0.405068 0.553522 0.405068 0.548872 0.403318 0.544358 0.402114 0.542854
2 4 0.411852 0.532596 0.411305 0.536562 0.410867 0.538751 0.410649 0.541623 0.410649 0.545589 0.410102 0.549556 0.409007 0.554069 0.408241 0.557078 0.407257 0.559814 0.405615 0.562002 0.403427 0.564054 0.400254 0.565969 0.397847 0.567063 0.395111 0.56843 0.392047 0.569388 0.390078 0.570619 0.386577 0.570756 0.388765 0.576363 0.391719 0.581971 0.395549 0.586621 0.399488 0.590588 0.407038 0.595512 0.411743 0.598794 0.41601 0.600572 0.420825 0.60235 0.427061 0.603718 0.432642 0.603992 0.437456 0.603718 0.442052 0.600983 0.443474 0.597426 0.442927 0.591545 0.440848 0.586895 0.43855 0.581287 0.437675 0.575816 0.436253 0.567747 0.435377 0.561729 0.434283 0.555574 0.432642 0.551744 0.429578 0.547641 0.425748 0.543401 0.422138 0.540255 0.418308 0.537246 0.415682 0.534921 0.413275 0.533143
3 4 0.442818 0.591819 0.443037 0.595238 0.442927 0.599478 0.441505 0.601803 0.438769 0.603171 0.437347 0.604265 0.442599 0.609052 0.448289 0.614797 0.456057 0.621909 0.460872 0.62779 0.46678 0.635313 0.469844 0.637775 0.477613 0.646255 0.48199 0.649674 0.485819 0.654051 0.490853 0.64475 0.487242 0.639279 0.481552 0.633398 0.475972 0.626833 0.471923 0.621772 0.467218 0.616712 0.462185 0.612472 0.455291 0.60577 0.450039 0.599615 0.445006 0.594007
4 4 0.58829 0.723523 0.589952 0.713933 0.584071 0.709777 0.578061 0.706421 0.570517 0.700986 0.562206 0.696991 0.556196 0.693794 0.549675 0.690438 0.542898 0.687081 0.535738 0.683405 0.529601 0.679729 0.52423 0.676053 0.518349 0.671578 0.512978 0.667742 0.508119 0.663107 0.5039 0.658472 0.500064 0.654796 0.490962 0.644613 0.486148 0.65364 0.490634 0.657607 0.494245 0.661026 0.500372 0.66636 0.505051 0.671738 0.5117 0.678291 0.517709 0.682127 0.525509 0.686762 0.533436 0.691876 0.541108 0.696511 0.549547 0.701626 0.559393 0.707859 0.568599 0.713613 0.582536 0.721285 0.58829 0.723523 0.615437 0.7514 0.620529 0.75498 0.630076 0.76035 0.642328 0.767113 0.653784 0.773477 0.660944 0.778847 0.666672 0.784217 0.673514 0.791378 0.679242 0.796947 0.686402 0.802714 0.692448 0.808085 0.700563 0.814847 0.708837 0.821211 0.718384 0.829167 0.727424 0.837539 0.736037 0.845095 0.743744 0.852462 0.751957 0.861189 0.757367 0.867553 0.767391 0.877697 0.775188 0.884658 0.783486 0.891751 0.793611 0.90044 0.799202 0.904218 0.806374 0.909918 0.812739 0.913299 0.822126 0.920857 0.833353 0.930851 0.840305 0.938407 0.846198 0.944451 0.852835 0.953077 0.859043 0.960318 0.864331 0.967118 0.870074 0.973162 0.874456 0.97864 0.879443 0.982418 0.887149 0.984685 0.896216 0.984874 0.906038 0.985063 0.91314 0.986889 0.91839 0.988679 0.926892 0.99054 0.933692 0.992807 0.940341 0.995452 0.951645 0.998425 0.959919 0.998624 0.962783 0.997629 0.95976 0.99564 0.953395 0.993452 0.948622 0.991464 0.943849 0.98848 0.937802 0.9849 0.932392 0.982911 0.924596 0.980922 0.91855 0.979331 0.90948 0.977143 0.904866 0.976944 0.896274 0.975751 0.890705 0.975552 0.885772 0.975154 0.881635 0.973165 0.87718 0.969188 0.871611 0.96342 0.866519 0.956657 0.859836 0.946912 0.85013 0.935575 0.842811 0.927619 0.830936 0.91744 0.822776 0.91064 0.814767 0.905351 0.806456 0.899306 0.798144 0.894017 0.790891 0.887973 0.784846 0.883251 0.776938 0.875907 0.767232 0.865962 0.759754 0.85741 0.751798 0.84846 0.739211 0.836784 0.731113 0.828968 0.720612 0.819421 0.709315 0.810272 0.701995 0.803709 0.693721 0.797344 0.684015 0.788593 0.67781 0.783223 0.671445 0.77845 0.660785 0.769698 0.644237 0.758759 0.631508 0.751599 0.628962 0.750207 0.621961 0.750804 0.615437 0.7514
1 5 0.261206 0.808868 0.26863 0.811298 0.275523 0.814391 0.281356 0.821461 0.286659 0.826543 0.291254 0.82809 0.294789 0.829194 0.299208 0.83052 0.301786 0.832316 0.303804 0.823671 0.303804 0.815275 0.302743 0.807763 0.299562 0.798042 0.292845 0.790971 0.287896 0.788541 0.278528 0.787878 0.274463 0.789204 0.26969 0.792076 0.264918 0.796495 0.262267 0.800251 0.258908 0.805554
2 5 0.259262 0.805995 0.262797 0.80931 0.267923 0.811077 0.272872 0.813287 0.275877 0.815054 0.278174 0.817484 0.282417 0.822345 0.286305 0.825438 0.291077 0.828311 0.294789 0.829415 0.299031 0.830741 0.301786 0.832671 0.297804 0.838715 0.293917 0.843338 0.288987 0.848671 0.28224 0.85394 0.278705 0.858138 0.274639 0.862115 0.271811 0.865208 0.268983 0.863661 0.265625 0.860568 0.258908 0.859463 0.255727 0.859684 0.25449 0.856591 0.25449 0.850184 0.253959 0.843114 0.253252 0.836706 0.252899 0.830078 0.252899 0.825438 0.253811 0.819872 0.255328 0.815605 0.257035 0.811339
3 5 0.255727 0.859463 0.261383 0.859905 0.264918 0.860789 0.26863 0.863219 0.271635 0.866092 0.268983 0.872499 0.265448 0.880453 0.263857 0.887965 0.261736 0.898128 0.260676 0.904535 0.258201 0.917129 0.255373 0.926188 0.252545 0.938781 0.250071 0.947398 0.244768 0.945189 0.247596 0.935909 0.248833 0.926409 0.249717 0.91735 0.250778 0.906524 0.250954 0.897244 0.251485 0.887523 0.252368 0.878685 0.253606 0.872278 0.254843 0.867196 0.25555 0.862557
4 5 0.244591 0.944747 0.250424 0.948061 0.245829 0.95712 0.243884 0.961759 0.241233 0.968167 0.238582 0.974132 0.236637 0.978551 0.232395 0.984958 0.22886 0.99004 0.224618 0.995784 0.222674 0.998436 0.215957 0.997994 0.220553 0.992691 0.227977 0.982528 0.232749 0.973469 0.237875 0.963969 0.241763 0.952701
1 6 0.09872 0.806781 0.105699 0.80976 0.108932 0.8121 0.112847 0.81593 0.119656 0.820398 0.124932 0.825078 0.127315 0.827419 0.13123 0.831036 0.133783 0.8221 0.133953 0.813377 0.132591 0.804653 0.129528 0.798483 0.124421 0.793803 0.120166 0.792739 0.11523 0.792739 0.108252 0.795718 0.104337 0.798058 0.100763 0.800824 0.0966776 0.806143
2 6 0.0965074 0.806568 0.102465 0.808058 0.104847 0.80976 0.108932 0.812313 0.113188 0.815717 0.117613 0.818696 0.121868 0.8221 0.126294 0.825717 0.130208 0.829333 0.13157 0.831461 0.13174 0.835503 0.130889 0.841248 0.128676 0.846567 0.124592 0.852311 0.119315 0.856354 0.114719 0.860183 0.108932 0.864013 0.104167 0.866353 0.0976988 0.867417 0.0891885 0.864013 0.0866353 0.85912 0.0859545 0.851886 0.0847631 0.843801 0.0834014 0.836567 0.0837418 0.829972 0.0864651 0.824015 0.0893587 0.819334 0.0924224 0.814653 0.0948053 0.810823
3 6 0.0868056 0.85912 0.0895289 0.863375 0.0966776 0.867205 0.0961669 0.874226 0.0946351 0.880396 0.0914011 0.889757 0.0876566 0.896778 0.0834014 0.90231 0.0771038 0.909544 0.0716571 0.914437 0.0662105 0.919756 0.0604235 0.924437 0.0549769 0.92933 0.0502111 0.933798 0.0430624 0.937628 0.0408497 0.928692 0.0488494 0.922735 0.0559981 0.916139 0.063317 0.909756 0.0708061 0.901459 0.0759123 0.895289 0.08221 0.887842 0.0851035 0.882523 0.0869758 0.87614 0.0873162 0.869758
4 6 0.0405093 0.928692 0.043573 0.937628 0.0384668 0.942947 0.0308075 0.94784 0.0211057 0.951457 0.0124251 0.954223 0.00408497 0.955074 0.000680828 0.955287 0.00153186 0.946776 0.0120847 0.946351 0.0219567 0.943585 0.0289352 0.939755 0.0350626 0.935287 0.0382966 0.931458
0 5 0.279221 0.81205 0.277988 0.815961 0.280074 0.819872 0.286237 0.820464 0.288133 0.818331 0.28728 0.813827 0.283014 0.81122 0.280264 0.81122
