1 1 0.83875 0.104297 0.838822 0.10121 0.836506 0.101999 0.834295 0.103316 0.831873 0.105421 0.829346 0.107659 0.827872 0.10937 0.826293 0.112002 0.825135 0.114766 0.824292 0.118056 0.824082 0.12082 0.824082 0.123452 0.824082 0.125558 0.824292 0.12819 0.824924 0.130691 0.826188 0.133586 0.827662 0.135429 0.829873 0.13714 0.83261 0.137535 0.834821 0.138193 0.836822 0.138456 0.839454 0.135692 0.840718 0.133323 0.842086 0.131612 0.844824 0.127927 0.845391 0.125 0.845781 0.121191 0.845469 0.117383 0.844766 0.112988 0.8425 0.111426 0.84 0.110937 0.839844 0.107813
0 1 0.833436 0.11886 0.831752 0.117807 0.830909 0.117807 0.82954 0.120834 0.829751 0.124124 0.831646 0.12702 0.834594 0.128204 0.837227 0.127415 0.837542 0.124388 0.8367 0.122282 0.835331 0.120439
2 1 0.836822 0.138588 0.838296 0.139377 0.84156 0.140693 0.844824 0.141615 0.849878 0.142273 0.854616 0.142404 0.859565 0.142273 0.864303 0.141351 0.872936 0.13714 0.8762 0.134771 0.878622 0.132665 0.880938 0.130033 0.882518 0.127664 0.883255 0.124768 0.883571 0.119635 0.882939 0.115029 0.880728 0.111081 0.87778 0.107527 0.873779 0.104105 0.868619 0.101736 0.864197 0.0998937 0.858196 0.0989724 0.854405 0.0985775 0.848825 0.0985775 0.841771 0.100025 0.840507 0.10042 0.838906 0.101074 0.839141 0.104102 0.839766 0.107617 0.840312 0.110937 0.845078 0.112793 0.845469 0.117969 0.845625 0.123047 0.844929 0.127269 0.842402 0.131086 0.840718 0.133718 0.839138 0.135824
3 1 0.880833 0.111607 0.88515 0.113845 0.892099 0.114108 0.898416 0.113713 0.906945 0.114371 0.916737 0.114897 0.926739 0.114634 0.926634 0.125295 0.921791 0.125163 0.912631 0.125558 0.905892 0.125821 0.896416 0.126348 0.889783 0.126348 0.882623 0.127795 0.883465 0.124768 0.88336 0.120688 0.882623 0.116082
4 1 0.926529 0.114634 0.926739 0.125558 0.928635 0.125295 0.935478 0.1249 0.94148 0.124374 0.95064 0.123847 0.956115 0.123584 0.963907 0.123321 0.970751 0.122663 0.9777 0.121741 0.987597 0.120294 0.993177 0.119635 0.999219 0.119123 0.998968 0.105816 0.992756 0.106737 0.986018 0.10779 0.978542 0.108712 0.973593 0.109238 0.966012 0.110028 0.957589 0.111081 0.949693 0.111476 0.943059 0.112134 0.938637 0.112265 0.93411 0.112923 0.928845 0.113976
1 2 0.671944 0.58391 0.668507 0.582478 0.664841 0.58076 0.66255 0.578755 0.660488 0.575891 0.659572 0.572025 0.659343 0.566584 0.661405 0.563004 0.665185 0.558565 0.668393 0.555415 0.672058 0.552837 0.676755 0.54983 0.679962 0.548971 0.683514 0.548971 0.687179 0.549115 0.689356 0.549401 0.692334 0.55026 0.695078 0.550781 0.694511 0.553553 0.693021 0.557276 0.690387 0.559424 0.687752 0.562861 0.682941 0.568875 0.678702 0.57403 0.676068 0.577896 0.67538 0.581189
0 2 0.677796 0.559756 0.675735 0.560472 0.671725 0.563193 0.668289 0.568061 0.667487 0.571211 0.668861 0.57565 0.671267 0.575937 0.674704 0.573503 0.677682 0.569636 0.679858 0.565913 0.680431 0.56262 0.679973 0.559899
2 2 0.671715 0.584196 0.674006 0.584912 0.680879 0.58749 0.685461 0.588778 0.691189 0.589924 0.696802 0.591069 0.700696 0.591642 0.703789 0.591929 0.706653 0.592072 0.710319 0.590926 0.713641 0.588922 0.718223 0.585055 0.720285 0.581476 0.720972 0.577753 0.721201 0.571309 0.7204 0.565152 0.717994 0.561429 0.71513 0.558565 0.711808 0.556847 0.708257 0.555558 0.70482 0.554269 0.701155 0.552981 0.698062 0.551835 0.695391 0.551172 0.694609 0.553613 0.692907 0.55699 0.690845 0.559424 0.688668 0.562288 0.682368 0.569018 0.678702 0.573887 0.676172 0.577637 0.675724 0.58033
3 2 0.721201 0.57088 0.724409 0.572168 0.730938 0.575748 0.737468 0.579185 0.745945 0.582908 0.754422 0.58749 0.760493 0.591213 0.76519 0.594936 0.761295 0.608109 0.755338 0.605245 0.749954 0.601952 0.74457 0.598659 0.737926 0.594649 0.731969 0.590926 0.725325 0.58749 0.718796 0.584769 0.720972 0.581189 0.720743 0.577037
4 2 0.765201 0.59425 0.760962 0.608633 0.769138 0.612797 0.781553 0.618096 0.795785 0.623774 0.807897 0.62983 0.82001 0.635508 0.831819 0.64005 0.842418 0.643835 0.854227 0.648755 0.864826 0.652162 0.879966 0.657083 0.891473 0.661246 0.906311 0.666167 0.920543 0.669574 0.932655 0.672223 0.94719 0.67298 0.959908 0.67298 0.964753 0.671845 0.964753 0.669574 0.962633 0.66276 0.958697 0.651784 0.95476 0.643078 0.952338 0.633993 0.950218 0.623395 0.947796 0.610904 0.945979 0.600684 0.942951 0.587058 0.936289 0.588193 0.9375 0.60182 0.939317 0.616582 0.941134 0.62983 0.943859 0.643078 0.947493 0.653676 0.947493 0.65784 0.939922 0.658597 0.930233 0.657083 0.919937 0.653298 0.906008 0.649512 0.893593 0.646106 0.883903 0.643456 0.873607 0.640807 0.859678 0.637022 0.848171 0.633236 0.834847 0.628316 0.822735 0.623774 0.809109 0.618096 0.800024 0.614689 0.793968 0.61204 0.783067 0.605984 0.776102 0.60182
1 3 0.656016 0.584961 0.654552 0.580276 0.659222 0.582399 0.662477 0.583991 0.66644 0.586645 0.669837 0.589299 0.672809 0.593014 0.675074 0.596906 0.676206 0.601329 0.677197 0.609821 0.677338 0.617428 0.676913 0.625035 0.675074 0.632289 0.670686 0.636004 0.66361 0.638127 0.656675 0.63795 0.651296 0.635473 0.648324 0.632996 0.643795 0.627866 0.645211 0.626981 0.647422 0.626367 0.649219 0.624609 0.653047 0.62168 0.656094 0.616113 0.657188 0.608496 0.657656 0.60127 0.657813 0.594141 0.656797 0.589258
2 3 0.652146 0.579922 0.649032 0.579922 0.642663 0.580276 0.637568 0.581692 0.631199 0.58523 0.626245 0.589299 0.623273 0.59266 0.620584 0.596552 0.619594 0.599914 0.620443 0.605398 0.622283 0.609821 0.625679 0.61389 0.630208 0.61902 0.634313 0.622912 0.638983 0.626274 0.642946 0.627866 0.6475 0.626465 0.649687 0.624414 0.653125 0.62168 0.655859 0.616699 0.657344 0.608398 0.6575 0.601074 0.657891 0.595508 0.656953 0.590137 0.655938 0.585547 0.654687 0.580566
3 3 0.625746 0.589382 0.620898 0.590548 0.607473 0.587984 0.599828 0.58542 0.592557 0.582623 0.583607 0.578894 0.574284 0.574932 0.570555 0.587751 0.581183 0.590781 0.587895 0.592645 0.594794 0.594976 0.602066 0.597773 0.609338 0.600337 0.615304 0.601735 0.620898 0.604066 0.620339 0.600103 0.620898 0.596374 0.624068 0.592179
4 3 0.574284 0.575398 0.569996 0.588217 0.56608 0.587984 0.553214 0.585653 0.540908 0.584022 0.525246 0.582157 0.507719 0.57936 0.490938 0.576797 0.470242 0.574233 0.453088 0.572135 0.434815 0.570737 0.41878 0.570271 0.403118 0.570504 0.389879 0.570504 0.377387 0.57097 0.368076 0.570563 0.356687 0.569709 0.340288 0.569139 0.322977 0.567431 0.307034 0.566292 0.292228 0.566292 0.277879 0.565438 0.259885 0.56373 0.24713 0.563161 0.237336 0.562591 0.222531 0.560883 0.209548 0.557466 0.200893 0.550348 0.195199 0.542946 0.190643 0.537252 0.184266 0.532696 0.179483 0.531273 0.177205 0.531273 0.169916 0.533835 0.166272 0.537536 0.161033 0.542946 0.155111 0.545793 0.153061 0.541807 0.157617 0.536967 0.162855 0.530988 0.168777 0.526433 0.17356 0.52387 0.180621 0.521877 0.185405 0.521877 0.191554 0.524155 0.195199 0.527856 0.199754 0.532981 0.204993 0.539529 0.210231 0.544939 0.216837 0.548356 0.225036 0.551203 0.235286 0.553196 0.24713 0.554619 0.262163 0.555473 0.272868 0.555758 0.284712 0.556043 0.298606 0.556897 0.311361 0.557751 0.322066 0.558605 0.334594 0.559459 0.347349 0.560598 0.358282 0.561452 0.369442 0.561737 0.38197 0.561737 0.391081 0.561737 0.399508 0.561737 0.409074 0.561737 0.41773 0.561452 0.430257 0.561452 0.438684 0.561452 0.446656 0.561452 0.458273 0.562306 0.467156 0.562876 0.477633 0.56373 0.488566 0.565154 0.497677 0.566292 0.504965 0.567431 0.515215 0.568855 0.524781 0.568855 0.539814 0.570848 0.549153 0.572556 0.559175 0.57341 0.569196 0.575118
1 4 0.562578 0.739941 0.561094 0.737305 0.560155 0.735915 0.566257 0.736065 0.570923 0.736962 0.573076 0.738009 0.576426 0.740701 0.57858 0.743991 0.579776 0.747281 0.580135 0.752216 0.579656 0.7576 0.578221 0.763133 0.576306 0.768966 0.573315 0.77435 0.569487 0.778388 0.565937 0.78125 0.566484 0.775781 0.566953 0.770801 0.566484 0.765527 0.566953 0.759766 0.566406 0.755176 0.565391 0.749316 0.564375 0.745605
2 4 0.553575 0.735915 0.5519 0.735915 0.546157 0.736962 0.541372 0.738009 0.536586 0.739505 0.530484 0.742795 0.527015 0.745337 0.524622 0.747281 0.521511 0.751319 0.518879 0.756105 0.516965 0.760741 0.515649 0.765975 0.514811 0.771508 0.514572 0.775247 0.515051 0.78093 0.516726 0.784669 0.519118 0.786463 0.52187 0.788557 0.525699 0.7908 0.528929 0.792146 0.534552 0.793044 0.538261 0.792595 0.541372 0.791398 0.546995 0.789604 0.550584 0.788108 0.555011 0.785716 0.55875 0.784668 0.561406 0.783496 0.566016 0.781641 0.566563 0.775781 0.566875 0.771387 0.56625 0.765527 0.567031 0.760254 0.566484 0.755566 0.565547 0.749023 0.564375 0.745996 0.562812 0.740234 0.560469 0.735938
3 4 0.514617 0.771484 0.508821 0.773374 0.50126 0.77621 0.493196 0.77873 0.486391 0.78125 0.480847 0.783455 0.474546 0.785975 0.469758 0.787865 0.47379 0.797946 0.475554 0.797316 0.479839 0.795741 0.486391 0.793851 0.492188 0.791961 0.498992 0.789756 0.504788 0.78818 0.507056 0.78755 0.511341 0.78692 0.515625 0.785975 0.516885 0.785975 0.515121 0.78251 0.514617 0.77873
4 4 0.469247 0.787246 0.46702 0.789602 0.465478 0.793885 0.464107 0.802238 0.464964 0.808448 0.469076 0.817443 0.472502 0.824296 0.477471 0.833291 0.480212 0.840358 0.479355 0.861131 0.473701 0.873552 0.465135 0.88169 0.45674 0.88426 0.446289 0.887473 0.431212 0.893041 0.416478 0.898823 0.404999 0.90846 0.401059 0.915742 0.397461 0.92388 0.395186 0.936603 0.396177 0.941312 0.396574 0.948004 0.395582 0.954696 0.391616 0.956679 0.382099 0.953953 0.376348 0.950235 0.367029 0.942056 0.357313 0.932885 0.347398 0.920492 0.335303 0.902646 0.327173 0.890749 0.319043 0.878356 0.3125 0.866211 0.310232 0.858745 0.308468 0.85339 0.3062 0.842994 0.303679 0.828818 0.301915 0.816217 0.300403 0.802041 0.300655 0.78755 0.302167 0.774635 0.30494 0.763294 0.30746 0.756678 0.31502 0.751638 0.319556 0.751638 0.325353 0.753843 0.328377 0.757623 0.330141 0.765814 0.329889 0.77432 0.326613 0.78314 0.322077 0.793851 0.319304 0.800781 0.317036 0.805822 0.31628 0.809287 0.322329 0.805507 0.326613 0.800151 0.331149 0.793536 0.333417 0.788495 0.335938 0.780305 0.337702 0.773059 0.338206 0.766129 0.33745 0.759199 0.335685 0.754473 0.332661 0.749433 0.328377 0.745653 0.323085 0.742503 0.317288 0.741557 0.312752 0.741872 0.308972 0.743763 0.30494 0.747543 0.301411 0.752268 0.298387 0.758254 0.296371 0.765499 0.294859 0.77432 0.294103 0.78377 0.293095 0.792591 0.292591 0.802671 0.292843 0.814012 0.294103 0.826928 0.296119 0.841104 0.298639 0.850869 0.302167 0.86284 0.305696 0.872606 0.310988 0.884577 0.320565 0.900643 0.325101 0.906943 0.330897 0.913873 0.338206 0.922694 0.34501 0.9312 0.352067 0.940335 0.359123 0.948841 0.366683 0.956401 0.373236 0.961442 0.38004 0.964907 0.387601 0.966797 0.395665 0.967742 0.400706 0.966797 0.403478 0.963332 0.405494 0.959866 0.405494 0.949156 0.405494 0.94317 0.40625 0.93813 0.408518 0.92994 0.41255 0.920174 0.415575 0.916394 0.420867 0.910408 0.425403 0.908518 0.433216 0.906628 0.442036 0.903163 0.452369 0.900013 0.462702 0.896232 0.47253 0.889617 0.479083 0.883632 0.481855 0.880481 0.485635 0.873236 0.488659 0.86662 0.490675 0.85843 0.490927 0.849609 0.490927 0.843309 0.489415 0.835748 0.487651 0.828503 0.485383 0.823148 0.482359 0.817792 0.479335 0.813697 0.475806 0.810232 0.473538 0.806452 0.472278 0.802041 0.473286 0.799836
1 5 0.103544 0.78157 0.102108 0.782288 0.0998104 0.783724 0.0955021 0.788212 0.0926298 0.793059 0.0897576 0.799521 0.0888959 0.805266 0.0897576 0.814062 0.0916245 0.81837 0.0949276 0.822858 0.0993796 0.826269 0.104262 0.827884 0.108858 0.828423 0.113741 0.828423 0.117475 0.827705 0.121352 0.826628 0.124799 0.825012 0.128964 0.821601 0.127815 0.821063 0.124512 0.818191 0.122214 0.815318 0.119916 0.81119 0.116326 0.804727 0.112736 0.798444 0.109432 0.792161 0.10656 0.787314 0.104693 0.784262
2 5 0.103401 0.78139 0.10498 0.779774 0.107278 0.778159 0.10972 0.776184 0.112592 0.773671 0.116039 0.771517 0.120491 0.769363 0.12681 0.767388 0.130687 0.766311 0.13399 0.765593 0.138442 0.765593 0.143181 0.76649 0.146054 0.768285 0.148351 0.771158 0.149644 0.775107 0.150218 0.780492 0.150218 0.787314 0.148926 0.795213 0.145766 0.800957 0.140309 0.810292 0.134995 0.816216 0.130974 0.819627 0.128964 0.821422 0.125517 0.820165 0.123076 0.818011 0.120778 0.814241 0.118624 0.810651 0.116757 0.807061 0.11489 0.80347 0.113023 0.799162 0.110438 0.794315 0.108284 0.789648 0.105411 0.785339
3 5 0.145192 0.767567 0.149931 0.767029 0.157112 0.764516 0.165585 0.761284 0.170611 0.75931 0.177792 0.756258 0.184972 0.753386 0.191579 0.750693 0.197467 0.747282 0.203786 0.742794 0.209243 0.752847 0.204791 0.75536 0.198472 0.759489 0.190573 0.763798 0.182962 0.767926 0.172765 0.773132 0.166446 0.776364 0.159984 0.779415 0.153378 0.782467 0.150218 0.784083 0.149787 0.779236 0.149069 0.77403
4 5 0.203876 0.742234 0.209272 0.752499 0.217718 0.74634 0.226398 0.738129 0.235313 0.73197 0.24329 0.725225 0.254551 0.715254 0.265109 0.70587 0.276839 0.696779 0.290212 0.686808 0.3003 0.67889 0.311796 0.668919 0.3247 0.657482 0.33643 0.647218 0.350741 0.636074 0.367399 0.62141 0.386402 0.603521 0.400948 0.589152 0.415494 0.574782 0.424393 0.570112 0.436699 0.563673 0.446142 0.559738 0.457875 0.5533 0.469322 0.544357 0.478194 0.535056 0.485062 0.525398 0.496223 0.510374 0.506525 0.494992 0.518258 0.477464 0.530277 0.461367 0.542582 0.444554 0.552312 0.429888 0.561184 0.415579 0.56891 0.401271 0.575778 0.386247 0.586367 0.370149 0.599817 0.353694 0.61155 0.33867 0.620421 0.328297 0.629293 0.314346 0.614984 0.323646 0.610978 0.328297 0.604396 0.335809 0.594666 0.346898 0.586367 0.355483 0.578068 0.365141 0.57263 0.372296 0.565476 0.381596 0.561756 0.390181 0.556033 0.402344 0.549737 0.413791 0.543441 0.42488 0.536573 0.434896 0.528274 0.4467 0.517685 0.461724 0.508528 0.474245 0.498798 0.487838 0.489927 0.499642 0.480197 0.511805 0.474473 0.519317 0.466747 0.529333 0.460451 0.536845 0.449004 0.546861 0.437271 0.552584 0.431261 0.555088 0.422104 0.559738 0.415236 0.564031 0.407795 0.569039 0.400641 0.574405 0.392628 0.581917 0.385188 0.589071 0.377175 0.597299 0.366873 0.607315 0.357715 0.615184 0.348272 0.623054 0.338542 0.631281 0.328812 0.639151 0.31851 0.647736 0.308207 0.656322 0.297047 0.667053 0.285027 0.677784 0.273867 0.6878 0.261275 0.697817 0.250973 0.706759 0.242674 0.712841 0.237237 0.717849 0.231227 0.72393 0.22207 0.731084
