1 1 0.338213 0.535331 0.336248 0.528055 0.329005 0.534199 0.323831 0.541636 0.323831 0.555541 0.32797 0.565889 0.333661 0.573326 0.339611 0.578823 0.348406 0.581734 0.352813 0.583105 0.349484 0.573901 0.345873 0.564464 0.344669 0.558172 0.343575 0.554206 0.341824 0.550103 0.339964 0.543811
2 1 0.351484 0.518066 0.359013 0.517384 0.368843 0.517384 0.377897 0.520941 0.384882 0.523528 0.39316 0.525145 0.400921 0.526438 0.405577 0.526115 0.406095 0.533229 0.406095 0.54584 0.400921 0.551984 0.394971 0.557481 0.38928 0.562332 0.382554 0.569123 0.374793 0.57365 0.364445 0.578823 0.356426 0.581734 0.352813 0.583008 0.349453 0.573535 0.345625 0.564355 0.344297 0.558301 0.343516 0.554199 0.34125 0.547363 0.33875 0.538574 0.336094 0.527734 0.344922 0.520996
3 1 0.406612 0.525145 0.413338 0.523851 0.421099 0.522235 0.430153 0.519971 0.437397 0.517707 0.44852 0.511564 0.454988 0.50639 0.460679 0.501863 0.467922 0.493455 0.473872 0.501863 0.467146 0.507683 0.459644 0.513827 0.452918 0.518678 0.447227 0.523528 0.443605 0.528379 0.436362 0.533552 0.42679 0.536463 0.417477 0.541313 0.413079 0.54293 0.406871 0.546164 0.405577 0.532906
4 1 0.46844 0.493132 0.473613 0.488605 0.479563 0.481491 0.484737 0.4747 0.488876 0.468556 0.49405 0.460148 0.499483 0.450448 0.503622 0.440423 0.508796 0.429752 0.512417 0.418434 0.51785 0.406147 0.521471 0.395475 0.524058 0.383511 0.525093 0.371223 0.524834 0.361846 0.525352 0.351498 0.524576 0.34212 0.520437 0.330479 0.516556 0.320455 0.511382 0.306873 0.507502 0.297172 0.503363 0.288442 0.500259 0.279064 0.496896 0.26904 0.493274 0.256752 0.4881 0.244141 0.484478 0.23541 0.480081 0.226356 0.4762 0.217948 0.471285 0.2076 0.468698 0.19984 0.465335 0.189169 0.46042 0.178174 0.457833 0.170413 0.454729 0.161359 0.452401 0.152305 0.445157 0.143251 0.43869 0.132903 0.434034 0.125466 0.429118 0.118352 0.422392 0.110914 0.411269 0.0995964 0.403508 0.0918357 0.396782 0.0834282 0.391349 0.0756674 0.384882 0.0675833 0.378673 0.0591758 0.372206 0.0517384 0.364187 0.0423608 0.359272 0.0362169 0.353322 0.0291029 0.34582 0.0226356 0.340128 0.0142281 0.347113 0.0100243 0.355909 0.0190785 0.361858 0.0261926 0.369361 0.0342767 0.37531 0.0423608 0.382295 0.051415 0.38928 0.0594992 0.393678 0.0649964 0.400145 0.0724338 0.406612 0.0805179 0.412821 0.0876319 0.419288 0.0940992 0.426531 0.10186 0.433775 0.111238 0.438949 0.118998 0.446192 0.126759 0.452401 0.136137 0.459127 0.147454 0.463266 0.159096 0.466887 0.173 0.471285 0.184965 0.475683 0.195636 0.481115 0.20566 0.485255 0.217301 0.489394 0.227326 0.493533 0.23735 0.498189 0.248344 0.501293 0.259986 0.504915 0.27001 0.508278 0.281328 0.512676 0.290058 0.517332 0.300083 0.522765 0.313341 0.527421 0.325629 0.531043 0.336946 0.532595 0.349234 0.533113 0.360229 0.532854 0.370253 0.53156 0.382541 0.52975 0.394182 0.526904 0.404206 0.523282 0.413584 0.519402 0.424578 0.516815 0.434279 0.512676 0.442687 0.508796 0.451741 0.505174 0.460148 0.500517 0.467263 0.495861 0.473406 0.491981 0.480197 0.485772 0.488928 0.479305 0.494749 0.473096 0.501216
1 2 0.872976 0.351162 0.868035 0.346162 0.862387 0.342044 0.855092 0.342926 0.848503 0.346456 0.845444 0.352045 0.844503 0.361752 0.84615 0.370576 0.848268 0.377341 0.85368 0.371164 0.860505 0.363811 0.866152 0.358516
2 2 0.847797 0.376753 0.851092 0.384107 0.854622 0.392049 0.859563 0.399991 0.866387 0.406462 0.874388 0.41058 0.881448 0.409992 0.889684 0.408521 0.892978 0.400873 0.892272 0.392931 0.892508 0.384107 0.891802 0.3744 0.886625 0.366164 0.881683 0.359104 0.876977 0.354986 0.873212 0.350574 0.866152 0.358222 0.860975 0.364105 0.85368 0.369988
3 2 0.885683 0.409697 0.888978 0.416169 0.892508 0.42264 0.895567 0.429993 0.900038 0.438229 0.903567 0.445583 0.907332 0.453819 0.910862 0.462644 0.914392 0.470291 0.920981 0.464997 0.917216 0.456466 0.913686 0.447054 0.909686 0.440288 0.904979 0.429993 0.900273 0.420287 0.896508 0.413227 0.892037 0.404991
4 2 0.914627 0.470291 0.917922 0.479116 0.920981 0.48794 0.922628 0.496176 0.926158 0.505295 0.930629 0.515296 0.935806 0.525591 0.939806 0.535886 0.943806 0.545004 0.948277 0.552946 0.951807 0.561476 0.956278 0.571771 0.960279 0.578537 0.965456 0.587067 0.968044 0.594421 0.97275 0.602951 0.976986 0.612364 0.981692 0.620894 0.986399 0.628836 0.99134 0.636189 0.995811 0.641778 0.99887 0.631777 0.993694 0.623247 0.985928 0.612952 0.981928 0.60501 0.97628 0.592656 0.97275 0.584126 0.968515 0.575595 0.963808 0.566183 0.959337 0.556182 0.95369 0.543239 0.948277 0.53265 0.943101 0.523532 0.938394 0.513825 0.934159 0.501471 0.930629 0.492058 0.92757 0.481763 0.923569 0.472644 0.922157 0.465585
1 3 0.624103 0.886344 0.624684 0.883181 0.617845 0.88055 0.609954 0.880221 0.60101 0.883838 0.596012 0.891401 0.594697 0.902909 0.596801 0.912116 0.601536 0.920007 0.606896 0.925997 0.613636 0.91639 0.618108 0.90817 0.620433 0.897455 0.622472 0.891033
2 3 0.606977 0.925692 0.613373 0.930529 0.618897 0.935133 0.628104 0.939407 0.638626 0.939736 0.648622 0.939078 0.655724 0.934146 0.657039 0.925268 0.656513 0.915733 0.65362 0.906526 0.648622 0.896662 0.64073 0.889428 0.632839 0.887126 0.624837 0.883082 0.624429 0.885732 0.622635 0.890829 0.620678 0.897455 0.617845 0.909157 0.613636 0.916719
3 3 0.65283 0.938092 0.663089 0.939736 0.673874 0.94138 0.681239 0.94138 0.690183 0.94138 0.696759 0.94138 0.704651 0.942695 0.713068 0.944997 0.714646 0.93579 0.703072 0.93316 0.696233 0.933489 0.686237 0.931844 0.67782 0.931187 0.66835 0.9302 0.660722 0.929543 0.65625 0.929214 0.655198 0.934146
4 3 0.712542 0.944668 0.721749 0.945654 0.732271 0.945654 0.741214 0.946641 0.74858 0.946641 0.756208 0.94697 0.76331 0.947299 0.774095 0.946641 0.783039 0.947299 0.79093 0.947299 0.801715 0.945654 0.809343 0.945654 0.820128 0.944997 0.829335 0.945983 0.836437 0.945983 0.845907 0.947299 0.857218 0.948614 0.865899 0.950258 0.876157 0.953217 0.884575 0.957163 0.889836 0.961766 0.898779 0.969 0.906145 0.978535 0.910354 0.983796 0.916141 0.991688 0.919297 0.998593 0.925084 0.993003 0.920875 0.987413 0.916141 0.979193 0.907723 0.969986 0.90141 0.961437 0.896149 0.954861 0.886942 0.947627 0.878262 0.945326 0.868266 0.941709 0.856429 0.939078 0.847748 0.938749 0.839331 0.938092 0.830387 0.936777 0.820918 0.936777 0.80987 0.935461 0.800663 0.935461 0.790404 0.936119 0.779882 0.936777 0.769886 0.936119 0.759628 0.935461 0.752262 0.935461 0.743056 0.93579 0.733586 0.934146 0.724905 0.934475 0.715436 0.933817
0 4 0.218672 0.210254 0.21482 0.213967 0.214031 0.219557 0.213242 0.22416 0.215346 0.232051 0.21824 0.235997 0.222449 0.232709 0.224027 0.227448 0.224553 0.220872 0.223238 0.214296
1 4 0.212795 0.198253 0.219066 0.201231 0.224853 0.204848 0.23064 0.211095 0.232481 0.221288 0.231955 0.230166 0.230114 0.237071 0.225116 0.243647 0.221719 0.241555 0.216933 0.237296 0.212958 0.234355 0.210848 0.231515 0.209794 0.228067 0.209145 0.224518 0.208252 0.218738 0.207522 0.21022 0.208171 0.198659
2 4 0.208496 0.198558 0.20302 0.199258 0.194865 0.199916 0.186448 0.203533 0.179609 0.207807 0.17198 0.214055 0.168824 0.222275 0.166456 0.232797 0.168824 0.241017 0.174874 0.24858 0.181976 0.256142 0.19092 0.258444 0.199863 0.258444 0.208018 0.25384 0.223261 0.245611 0.224883 0.243887 0.221557 0.24125 0.217176 0.237701 0.21312 0.234355 0.210929 0.23182 0.209712 0.227358 0.208496 0.219752 0.207928 0.214174 0.207441 0.209712
3 4 0.165141 0.230495 0.158302 0.23181 0.151199 0.235756 0.141993 0.2374 0.134364 0.239702 0.128577 0.242661 0.119897 0.247264 0.113058 0.249566 0.103851 0.251539 0.0991162 0.251868 0.100431 0.261403 0.109638 0.261074 0.11674 0.260417 0.126473 0.260088 0.134364 0.260088 0.142519 0.259101 0.15041 0.256471 0.157513 0.255156 0.164089 0.254827 0.170402 0.254169 0.174611 0.249566 0.169087 0.240031
4 4 0.0985901 0.251539 0.0917508 0.254498 0.0843855 0.254498 0.0743897 0.252854 0.0686027 0.251868 0.0599221 0.250552 0.0491372 0.246607 0.0415088 0.243647 0.0333544 0.238715 0.0270412 0.234112 0.0186237 0.229509 0.0109954 0.227207 0.00310396 0.227207 0.00310396 0.235098 0.00994318 0.235427 0.0165194 0.238715 0.0246738 0.244963 0.0320391 0.249237 0.0401936 0.253183 0.0475589 0.256471 0.0549242 0.259101 0.064657 0.262061 0.0738636 0.263047 0.0838594 0.263047 0.0920139 0.263376 0.100957 0.262061
