1 1 0.0776558 0.51261 0.0804711 0.518769 0.082348 0.523168 0.0865709 0.52874 0.0912631 0.532552 0.098536 0.535191 0.105809 0.534898 0.110736 0.531379 0.114724 0.525807 0.117539 0.518769 0.12012 0.510264 0.12012 0.502346 0.120355 0.495308 0.118243 0.48827 0.110736 0.492375 0.100882 0.5 0.0924362 0.503812 0.0858671 0.507918
2 1 0.0775 0.512891 0.0734328 0.504985 0.0717905 0.495894 0.0699137 0.484457 0.0696791 0.472727 0.0715559 0.464222 0.0734328 0.456597 0.0746059 0.448093 0.0807057 0.445747 0.0846941 0.450732 0.0907939 0.455131 0.097363 0.459237 0.103697 0.464809 0.107686 0.470674 0.112378 0.477419 0.114959 0.482991 0.118478 0.487096 0.110312 0.492578 0.0997091 0.500587 0.0912631 0.504692 0.0853979 0.508211
3 1 0.0750751 0.447506 0.0696791 0.442227 0.0666291 0.436069 0.0619369 0.430204 0.0574794 0.421406 0.0532564 0.411435 0.0487988 0.401464 0.0457489 0.393839 0.0424643 0.385335 0.0502065 0.381522 0.0539602 0.389147 0.0570101 0.397945 0.0621715 0.406743 0.0661599 0.414661 0.0715559 0.421699 0.0757789 0.42991 0.079298 0.436949 0.0818788 0.445453
4 1 0.0419951 0.384748 0.0394144 0.378003 0.0373029 0.367446 0.0335492 0.358648 0.0304992 0.348677 0.028857 0.338119 0.0262763 0.324043 0.0255724 0.313192 0.0260417 0.302341 0.024634 0.288558 0.0236956 0.277414 0.0208803 0.26715 0.0187688 0.256299 0.0173611 0.244569 0.0145458 0.230492 0.0119651 0.218762 0.0100882 0.209671 0.00656907 0.200873 0.00398836 0.190315 0.000703829 0.181224 0.0100882 0.177705 0.0133727 0.189729 0.0171265 0.200286 0.0211149 0.21143 0.0236956 0.223454 0.0262763 0.234891 0.0279185 0.247208 0.0295608 0.258352 0.0321415 0.271256 0.0337838 0.283866 0.0356607 0.293837 0.0356607 0.30762 0.0358953 0.319057 0.0377721 0.329908 0.0401182 0.341052 0.0422297 0.351316 0.045045 0.360114 0.0471565 0.368619 0.0506757 0.380936
0 2 0.393203 0.353141 0.390572 0.356758 0.386364 0.361361 0.389257 0.367608 0.393729 0.368924 0.396886 0.365307 0.398727 0.358073 0.396886 0.353141
1 2 0.378472 0.334399 0.375579 0.339331 0.373474 0.346565 0.373737 0.3561 0.375579 0.363663 0.379261 0.371883 0.386364 0.376157 0.395307 0.377473 0.40504 0.376486 0.41109 0.370896 0.416614 0.363991 0.409512 0.359388 0.405303 0.3561 0.401883 0.351497 0.396886 0.347551 0.390572 0.342948 0.384522 0.338344
2 2 0.378209 0.333741 0.383207 0.326178 0.388994 0.32026 0.394518 0.314013 0.401883 0.310724 0.409775 0.307765 0.418981 0.305135 0.426873 0.310724 0.426347 0.320589 0.427136 0.333083 0.426347 0.342619 0.425032 0.352812 0.421612 0.359388 0.41714 0.36432 0.409249 0.358402 0.405303 0.3561 0.40162 0.351168 0.397149 0.346565 0.391888 0.343605 0.391625 0.342948 0.384785 0.338344
3 2 0.418981 0.304806 0.424505 0.301518 0.429766 0.291325 0.433186 0.28442 0.437132 0.272254 0.440551 0.263705 0.444234 0.256142 0.446601 0.245291 0.448706 0.233454 0.456334 0.238058 0.454756 0.245949 0.452388 0.255156 0.45081 0.264691 0.44818 0.272583 0.445549 0.280145 0.441604 0.289352 0.437132 0.297901 0.432923 0.305463 0.427925 0.311053
4 2 0.448969 0.232797 0.45081 0.222932 0.453441 0.213397 0.455019 0.20156 0.455282 0.189065 0.455545 0.174926 0.452652 0.16013 0.45081 0.146978 0.448443 0.133496 0.443445 0.120344 0.439236 0.108178 0.435027 0.094697 0.430819 0.0838463 0.425032 0.0716803 0.419771 0.060172 0.411879 0.0496501 0.405829 0.0397859 0.399253 0.0282776 0.393466 0.0174269 0.388994 0.00526094 0.398727 0.00328809 0.403725 0.0124947 0.408986 0.022359 0.414773 0.0328809 0.421086 0.0407723 0.42661 0.0503078 0.432397 0.0614873 0.439499 0.0749684 0.443182 0.0868056 0.447654 0.0979851 0.453704 0.111795 0.455808 0.122975 0.458176 0.131524 0.459491 0.142374 0.461595 0.151252 0.46291 0.164404 0.464752 0.173282 0.466067 0.186435 0.467119 0.197943 0.465541 0.209451 0.462384 0.222604 0.46028 0.231481 0.457649 0.238058
1 3 0.485156 0.229818 0.478385 0.229492 0.472135 0.231445 0.466406 0.236654 0.461458 0.242513 0.458594 0.250977 0.460417 0.258138 0.464062 0.263672 0.463281 0.27181 0.463021 0.277669 0.467448 0.28125 0.47474 0.27832 0.478906 0.27474 0.479427 0.26237 0.48125 0.251302 0.483854 0.24056
2 3 0.479687 0.275391 0.485677 0.278646 0.491927 0.283203 0.49974 0.285807 0.509375 0.283854 0.514844 0.278646 0.520833 0.272461 0.524479 0.263672 0.525 0.255534 0.521875 0.245117 0.515365 0.239258 0.505208 0.232096 0.494792 0.228516 0.485156 0.228516 0.484375 0.240234 0.481771 0.251302 0.479687 0.263021
3 3 0.525 0.265625 0.534375 0.268229 0.54349 0.270833 0.555469 0.272461 0.565625 0.272461 0.576562 0.272786 0.585677 0.27181 0.597917 0.270833 0.597396 0.261719 0.589063 0.262695 0.578906 0.263346 0.570312 0.263672 0.558594 0.26237 0.55 0.260091 0.539062 0.256836 0.53125 0.255534 0.52526 0.254883
4 3 0.598177 0.269857 0.60651 0.268229 0.615365 0.265951 0.62474 0.263997 0.634115 0.260742 0.640625 0.257161 0.648698 0.254232 0.657031 0.250977 0.666146 0.245117 0.673958 0.240885 0.682813 0.235677 0.691406 0.230469 0.698438 0.22526 0.704167 0.22168 0.711979 0.217122 0.721354 0.21224 0.729427 0.206055 0.736719 0.200521 0.742708 0.194987 0.750781 0.188151 0.759115 0.181315 0.764583 0.174154 0.769531 0.167643 0.77526 0.15918 0.781771 0.146159 0.785417 0.136393 0.7875 0.124674 0.790625 0.111979 0.792448 0.100586 0.795312 0.086263 0.795573 0.0735677 0.796354 0.0621745 0.799479 0.046875 0.800781 0.0338542 0.802083 0.0201823 0.803125 0.00846354 0.802344 0.00130208 0.79349 0.000325521 0.792969 0.0133464 0.792448 0.0270182 0.791667 0.0416667 0.790104 0.0553385 0.789062 0.0683594 0.786979 0.0830078 0.785417 0.0947266 0.783854 0.106445 0.781771 0.118164 0.777344 0.131185 0.774219 0.140625 0.770833 0.149089 0.766146 0.156576 0.761198 0.164714 0.752865 0.173177 0.745573 0.179688 0.73776 0.187826 0.729427 0.193359 0.720313 0.198893 0.710677 0.206055 0.697917 0.213216 0.686458 0.221029 0.677865 0.226237 0.66901 0.230469 0.657813 0.23763 0.647656 0.241536 0.63776 0.245768 0.626563 0.249674 0.61849 0.25293 0.607812 0.257161 0.597396 0.260742
1 4 0.37831 0.0398611 0.39024 0.03938 0.399477 0.0475581 0.407558 0.0562173 0.411022 0.0716114 0.408713 0.0850812 0.405249 0.0975889 0.393704 0.105286 0.377155 0.10721 0.37831 0.090854 0.379464 0.0653575 0.379079 0.053812
2 4 0.377925 0.03938 0.369458 0.0413043 0.362531 0.0437096 0.353294 0.0485202 0.344058 0.0576605 0.340979 0.0643954 0.344058 0.0749788 0.349831 0.0855623 0.357913 0.0951836 0.366764 0.102881 0.37677 0.107691 0.377925 0.0922972 0.379464 0.0658386 0.379464 0.0528498
3 4 0.342708 0.0576172 0.336458 0.0576172 0.329688 0.0582682 0.317708 0.0556641 0.305469 0.054362 0.295312 0.0514323 0.286719 0.0501302 0.277604 0.0491536 0.277344 0.0559896 0.288802 0.0592448 0.30026 0.0625 0.313021 0.0647786 0.324479 0.0677083 0.335156 0.0693359 0.342448 0.0693359 0.341406 0.063151
4 4 0.242969 0.0465495 0.234115 0.0465495 0.22474 0.0445964 0.214062 0.0426432 0.205208 0.0410156 0.195312 0.0384115 0.186719 0.0354818 0.177865 0.0309245 0.165365 0.0266927 0.157031 0.0234375 0.148438 0.0195312 0.139844 0.0159505 0.130729 0.0123698 0.122135 0.0094401 0.114583 0.00553385 0.105729 0.000976562 0.103385 0.0100911 0.114062 0.015625 0.123438 0.0195312 0.133854 0.0240885 0.145313 0.0296224 0.154167 0.0325521 0.164062 0.0358073 0.176302 0.0410156 0.188802 0.0455729 0.200781 0.0494792 0.21276 0.0524089 0.223958 0.055013 0.236719 0.0563151 0.245312 0.0563151
1 5 0.251302 0.00260417 0.245833 0.0061849 0.239583 0.0113932 0.236198 0.0185547 0.233333 0.0273438 0.235156 0.0364583 0.238021 0.0429688 0.244271 0.046875 0.248958 0.0546875 0.257812 0.0553385 0.258073 0.0449219 0.258594 0.0328776 0.258333 0.0224609 0.258073 0.0120443 0.257292 0.00292969
2 5 0.258854 0.055013 0.265885 0.0540365 0.272917 0.0520833 0.277083 0.0485026 0.285677 0.0432943 0.290885 0.0403646 0.296354 0.0341797 0.301563 0.0273438 0.303646 0.0172526 0.295833 0.0104167 0.288021 0.0061849 0.278385 0.0016276 0.26875 0.000325521 0.257552 0.00130208 0.258073 0.0117188 0.259375 0.0227865 0.259375 0.0315755 0.258333 0.0449219
3 5 0.301563 0.0266927 0.311198 0.0296224 0.319792 0.0263672 0.326302 0.0195312 0.333854 0.0146484 0.342448 0.0123698 0.350781 0.0123698 0.363021 0.0126953 0.372135 0.0126953 0.380729 0.0139974 0.388281 0.0139974 0.386458 0.00683594 0.377083 0.00520833 0.367969 0.00488281 0.359635 0.00325521 0.346875 0.00292969 0.338281 0.00488281 0.32526 0.00748698 0.31224 0.0120443 0.304167 0.015625
4 5 0.388802 0.0143229 0.396354 0.0152995 0.405729 0.0152995 0.416146 0.0139974 0.424219 0.0133464 0.432292 0.0126953 0.442969 0.0123698 0.452865 0.0104167 0.461458 0.00911458 0.471094 0.00748698 0.480469 0.00748698 0.490885 0.00683594 0.497656 0.00683594 0.497917 0.000325521 0.486719 0.000325521 0.472396 0.000325521 0.457031 0.000651042 0.446094 0.00195312 0.433594 0.00390625 0.421615 0.00390625 0.409375 0.00390625 0.4 0.00423177 0.389844 0.00520833 0.386719 0.00651042
1 6 0.682819 0.710084 0.686298 0.700595 0.69294 0.68992 0.698634 0.683989 0.706225 0.680431 0.716346 0.682408 0.723305 0.691106 0.725835 0.702571 0.725202 0.715619 0.723984 0.726562 0.71603 0.721549 0.706541 0.717596 0.699266 0.714828 0.690726 0.710874
2 6 0.682186 0.710479 0.678074 0.717991 0.675544 0.72748 0.675228 0.740132 0.677758 0.750411 0.679656 0.761877 0.682186 0.773738 0.683768 0.782436 0.695154 0.783622 0.698634 0.774133 0.703062 0.765435 0.709704 0.755551 0.714765 0.746853 0.720458 0.736573 0.723937 0.726689 0.71603 0.721549 0.707174 0.717991 0.699219 0.714551 0.690469 0.710938
3 6 0.684717 0.782831 0.683768 0.796274 0.682819 0.80774 0.681554 0.819205 0.680605 0.832648 0.678391 0.843323 0.675544 0.852812 0.673014 0.865859 0.671116 0.876139 0.67934 0.879697 0.68187 0.870999 0.684084 0.859929 0.686614 0.849649 0.688512 0.837788 0.690094 0.825531 0.692308 0.812089 0.693257 0.799437 0.695154 0.784413
4 6 0.6708 0.877325 0.668902 0.88879 0.66479 0.902233 0.661311 0.913699 0.659413 0.924374 0.656566 0.937816 0.65625 0.951654 0.656566 0.965888 0.659413 0.978935 0.659413 0.985261 0.666688 0.990005 0.667004 0.979725 0.665739 0.96312 0.666371 0.947701 0.666688 0.93663 0.671748 0.922002 0.673963 0.909745 0.676809 0.894326 0.680288 0.880488
1 7 0.35619 0.926519 0.352702 0.921288 0.350609 0.912278 0.349214 0.901524 0.348517 0.89077 0.349447 0.88147 0.354562 0.875366 0.364095 0.871878 0.372698 0.87275 0.381301 0.878273 0.386172 0.883203 0.392927 0.893095 0.395485 0.900652 0.398438 0.909863 0.388974 0.911115 0.378278 0.909662 0.372001 0.908209 0.368745 0.910825 0.367815 0.915475 0.366188 0.921579 0.361305 0.923032
2 7 0.356094 0.926465 0.359445 0.936692 0.363165 0.944539 0.366885 0.950643 0.372698 0.957037 0.378976 0.963431 0.386184 0.966628 0.392927 0.965175 0.39874 0.960815 0.401995 0.951515 0.40246 0.941924 0.401995 0.93117 0.401995 0.921869 0.39874 0.909953 0.389904 0.911406 0.378511 0.910243 0.371953 0.90791 0.368978 0.910825 0.368513 0.914022 0.366653 0.921579 0.360703 0.92334
3 7 0.389672 0.966628 0.391764 0.975057 0.393392 0.982323 0.395717 0.988717 0.398275 0.993658 0.400114 0.999023 0.4099 0.99889 0.406413 0.992205 0.404088 0.983776 0.401065 0.975638 0.399437 0.969244 0.39688 0.963141 0.393392 0.964594
0 1 0.114766 0.489844 0.114375 0.494043 0.114609 0.497559 0.116641 0.499512 0.118906 0.499512 0.119609 0.497754 0.120078 0.494727 0.119531 0.489648 0.117891 0.488867 0.115937 0.489453
0 7 0.374609 0.900098 0.377109 0.904687 0.383437 0.907324 0.386797 0.907324 0.388359 0.904004 0.387656 0.900586 0.384687 0.898633 0.383672 0.897754 0.38125 0.89668 0.376797 0.897168 0.374609 0.900098 0.369453 0.894824 0.368672 0.897754 0.367422 0.899316 0.364453 0.899707 0.360781 0.911035 0.360078 0.912598 0.359453 0.91377 0.358672 0.918066 0.360781 0.920215 0.363359 0.919727 0.365234 0.917188 0.364063 0.911328 0.360781 0.911035 0.364453 0.899707 0.362578 0.899707 0.361484 0.896875 0.361172 0.894824 0.362969 0.890918 0.364922 0.888867 0.368047 0.889062 0.369219 0.891211 0.369453 0.894824
