1 1 0.870547 0.570898 0.869844 0.564355 0.870703 0.559766 0.867266 0.559082 0.86375 0.559277 0.859609 0.559375 0.856081 0.560247 0.854237 0.5614 0.8525 0.562598 0.850078 0.565234 0.849062 0.567969 0.847266 0.57168 0.845859 0.577051 0.845156 0.581836 0.845078 0.58418 0.845015 0.58742 0.847123 0.591207 0.850153 0.595818 0.855159 0.600759 0.859112 0.603558 0.863516 0.599609 0.865625 0.594922 0.867734 0.590039 0.869141 0.584863 0.870078 0.579492 0.870937 0.574414
0 1 0.863825 0.563535 0.862376 0.563041 0.859873 0.562712 0.858819 0.562712 0.858028 0.563535 0.858028 0.565676 0.858951 0.568311 0.861322 0.570781 0.863693 0.570946 0.864484 0.568475 0.864879 0.565511
2 1 0.870078 0.56377 0.870625 0.559668 0.876406 0.560156 0.881484 0.56084 0.883984 0.561328 0.885781 0.561328 0.889018 0.562553 0.893497 0.5642 0.897845 0.566505 0.901797 0.570457 0.905222 0.573916 0.908516 0.578033 0.911678 0.58182 0.912468 0.585938 0.911283 0.592195 0.90957 0.596971 0.90654 0.601418 0.90351 0.604711 0.899953 0.60784 0.896922 0.610146 0.893365 0.612287 0.889149 0.614098 0.884275 0.614427 0.878346 0.614263 0.873208 0.612122 0.867807 0.609158 0.863327 0.606687 0.859375 0.604102 0.863203 0.599512 0.865703 0.594336 0.867891 0.589941 0.869141 0.584863 0.870078 0.57959 0.871094 0.573633 0.870703 0.569727
3 1 0.91181 0.580997 0.915367 0.582479 0.920505 0.582973 0.928805 0.580503 0.935656 0.57688 0.943297 0.570951 0.950148 0.566505 0.95634 0.561894 0.962005 0.557283 0.96543 0.554319 0.971095 0.549872 0.977551 0.544438 0.983084 0.554154 0.980317 0.556624 0.97452 0.561729 0.96543 0.569634 0.959106 0.574574 0.950016 0.581656 0.940135 0.588408 0.931835 0.593019 0.923008 0.597136 0.916948 0.598618 0.908648 0.598783 0.911414 0.59483 0.912337 0.591043 0.9126 0.586926
4 1 0.977682 0.544438 0.983084 0.554154 0.985719 0.551519 0.99033 0.546908 0.993624 0.543944 0.999219 0.539175 0.999219 0.525829 0.994282 0.530604 0.989012 0.535051 0.984006 0.539003
0 2 0.848974 0.281331 0.84608 0.28202 0.843324 0.286153 0.84236 0.288737 0.842773 0.291148 0.843876 0.293043 0.845667 0.293904 0.84856 0.293559 0.850903 0.288909 0.850903 0.285637 0.850903 0.282537 0.850489 0.281331
1 2 0.839782 0.261622 0.843089 0.261622 0.846258 0.261795 0.849427 0.263 0.854249 0.264722 0.857694 0.267134 0.86045 0.270923 0.862654 0.275918 0.863757 0.280568 0.86417 0.286768 0.863619 0.292452 0.862792 0.296758 0.858383 0.304681 0.853698 0.308298 0.848049 0.309503 0.840884 0.310364 0.83427 0.310881 0.829448 0.309503 0.823523 0.306403 0.826141 0.303303 0.829861 0.299858 0.83303 0.295036 0.837439 0.287285 0.839231 0.281257 0.840333 0.273851 0.840333 0.266273
2 2 0.839506 0.261622 0.837577 0.260933 0.832892 0.259556 0.825176 0.257661 0.819665 0.257489 0.817185 0.258867 0.8125 0.262139 0.808504 0.265239 0.803682 0.269028 0.801339 0.27144 0.800513 0.27299 0.800099 0.275401 0.800099 0.279362 0.80189 0.284874 0.804922 0.291074 0.809193 0.29538 0.812638 0.298997 0.818011 0.303992 0.823516 0.306445 0.827891 0.30166 0.832341 0.295897 0.836475 0.289869 0.837734 0.28584 0.839141 0.280469 0.840625 0.273438 0.840391 0.267871
3 2 0.800237 0.27144 0.79817 0.274195 0.794037 0.276262 0.787561 0.276779 0.77764 0.277296 0.770062 0.277123 0.762621 0.277984 0.757248 0.280051 0.751461 0.282807 0.745536 0.287113 0.741127 0.290385 0.745949 0.299514 0.751598 0.29693 0.756972 0.295036 0.761657 0.29383 0.767444 0.292452 0.773093 0.291935 0.781636 0.291074 0.787836 0.290557 0.793899 0.290557 0.800926 0.29073 0.806024 0.29228 0.804233 0.289696 0.802028 0.285735 0.800513 0.282463 0.799824 0.279018 0.800375 0.275745
4 2 0.740835 0.29043 0.74568 0.299767 0.743459 0.301786 0.738816 0.305823 0.733568 0.309608 0.729126 0.312384 0.723272 0.316169 0.717014 0.319954 0.710756 0.324496 0.703488 0.330553 0.697634 0.334842 0.689963 0.340142 0.680677 0.346702 0.667757 0.353768 0.655846 0.360077 0.642321 0.368656 0.632227 0.376983 0.623547 0.38632 0.616481 0.395404 0.609415 0.404741 0.601139 0.415844 0.596495 0.423162 0.591449 0.431994 0.589228 0.437545 0.585998 0.446882 0.580547 0.454957 0.576914 0.460004 0.572473 0.467069 0.568435 0.473378 0.563994 0.482462 0.560764 0.490537 0.55713 0.50164 0.554304 0.511229 0.551074 0.523594 0.547844 0.535706 0.544614 0.551099 0.542999 0.564978 0.542393 0.576333 0.546633 0.590212 0.550065 0.597782 0.55491 0.605857 0.563792 0.614185 0.573078 0.614689 0.581961 0.613175 0.593669 0.612671 0.60235 0.613175 0.615875 0.614689 0.630006 0.61696 0.644743 0.621755 0.652414 0.628568 0.655846 0.634372 0.659076 0.640428 0.661095 0.646737 0.662508 0.652036 0.662912 0.661877 0.662104 0.671214 0.658471 0.679541 0.653222 0.685093 0.647166 0.688878 0.639293 0.688878 0.634044 0.687364 0.628593 0.68484 0.623143 0.681308 0.617288 0.676765 0.614058 0.67399 0.609617 0.667933 0.613049 0.660868 0.620317 0.666419 0.627584 0.670457 0.635659 0.674494 0.641917 0.676008 0.645954 0.676261 0.648175 0.673737 0.649992 0.669952 0.652616 0.662382 0.654029 0.655821 0.654231 0.649765 0.652011 0.643961 0.647569 0.6374 0.641109 0.631596 0.634246 0.628316 0.626978 0.626297 0.618096 0.624531 0.609819 0.623017 0.599322 0.62226 0.589632 0.622007 0.57974 0.62226 0.570656 0.623269 0.562379 0.624026 0.554304 0.61797 0.545825 0.606614 0.539365 0.593493 0.535732 0.579361 0.53452 0.56952 0.535126 0.559426 0.537145 0.5458 0.540577 0.531417 0.542192 0.521323 0.545422 0.511229 0.551074 0.492556 0.554708 0.483219 0.560764 0.469593 0.569243 0.454957 0.57651 0.44663 0.582364 0.433003 0.585796 0.423667 0.589632 0.415339 0.594477 0.40676 0.600937 0.397675 0.607397 0.389853 0.61527 0.381526 0.626776 0.370675 0.633035 0.365376 0.639293 0.360329 0.649386 0.353011 0.655039 0.349226 0.661095 0.34645 0.669372 0.340646 0.67785 0.335347 0.686531 0.329796 0.692991 0.325758 0.704296 0.318188 0.71661 0.308599 0.73276 0.295982
1 3 0.649922 0.828418 0.646406 0.827671 0.646406 0.831474 0.646732 0.835821 0.647818 0.840982 0.6501 0.847366 0.652816 0.851848 0.656185 0.855922 0.660096 0.859318 0.664986 0.862034 0.67031 0.8638 0.676504 0.863393 0.679438 0.861763 0.683023 0.85891 0.686718 0.855107 0.688674 0.85049 0.690312 0.847266 0.69125 0.841797 0.692266 0.836621 0.692109 0.83125 0.689844 0.830859 0.686719 0.832324 0.681797 0.83252 0.676484 0.831836 0.672656 0.832129 0.667109 0.831543 0.662891 0.831348 0.657969 0.830371 0.654687 0.829297
0 3 0.665282 0.834 0.662239 0.833321 0.659523 0.834407 0.658653 0.836445 0.659414 0.839161 0.66213 0.84147 0.664304 0.841063 0.665716 0.839433 0.666042 0.836581
2 3 0.646514 0.823325 0.646514 0.821152 0.646732 0.817349 0.647601 0.812595 0.648579 0.808113 0.649991 0.803088 0.65249 0.796704 0.654772 0.792629 0.65738 0.788962 0.661074 0.784887 0.665747 0.781084 0.66955 0.778911 0.673135 0.778639 0.677156 0.779726 0.679764 0.781356 0.682154 0.783393 0.684545 0.786789 0.686609 0.791271 0.68813 0.795481 0.689217 0.800371 0.690303 0.806483 0.690847 0.811373 0.691064 0.816262 0.691719 0.821484 0.692187 0.831543 0.69 0.830957 0.687031 0.832422 0.682344 0.832715 0.676328 0.832324 0.671484 0.832031 0.664687 0.831641 0.659453 0.830664 0.654531 0.829492 0.650547 0.828906 0.64625 0.827734
3 3 0.665638 0.78122 0.665747 0.776738 0.665638 0.769675 0.664551 0.762341 0.663356 0.753784 0.662052 0.741288 0.661183 0.730423 0.661074 0.721187 0.661835 0.71263 0.662922 0.704616 0.662922 0.690898 0.672158 0.690219 0.672375 0.703937 0.671397 0.708419 0.670962 0.712358 0.670528 0.717519 0.67031 0.722137 0.670528 0.727027 0.67118 0.735855 0.672158 0.743869 0.673679 0.75392 0.674765 0.760168 0.676069 0.767366 0.676938 0.77212 0.679438 0.781084 0.67683 0.780134 0.672592 0.778911 0.670093 0.779047
4 3 0.864883 0.299491 0.861404 0.30384 0.856476 0.30855 0.852273 0.311449 0.84604 0.312536 0.841402 0.312899 0.836909 0.313986 0.830966 0.321233 0.829372 0.325219 0.827342 0.331923 0.825893 0.33609 0.823719 0.340438 0.820675 0.346417 0.816616 0.353121 0.812993 0.358918 0.808789 0.365622 0.805456 0.371058 0.802412 0.375768 0.798788 0.381747 0.794005 0.388088 0.789947 0.392799 0.784004 0.400046 0.779801 0.406025 0.775307 0.411642 0.771974 0.416171 0.76719 0.422513 0.761683 0.427405 0.758059 0.430485 0.75458 0.434652 0.750667 0.438457 0.745594 0.443167 0.74255 0.446066 0.737912 0.450233 0.730664 0.456031 0.725157 0.46201 0.720953 0.467264 0.71675 0.473424 0.712112 0.48049 0.707038 0.487194 0.703415 0.492267 0.700371 0.496978 0.696458 0.502957 0.692834 0.509117 0.689645 0.515821 0.686601 0.521981 0.682978 0.529953 0.680804 0.534482 0.67689 0.546078 0.674571 0.555318 0.673122 0.561297 0.671817 0.566551 0.670223 0.573074 0.669063 0.577966 0.668048 0.582676 0.666889 0.588293 0.665874 0.594091 0.665005 0.602606 0.664425 0.610578 0.664135 0.618912 0.66399 0.624167 0.663845 0.632682 0.663845 0.639929 0.66399 0.644459 0.66428 0.650438 0.664425 0.66149 0.663845 0.671455 0.66312 0.682869 0.662707 0.690833 0.672442 0.690217 0.672195 0.68267 0.671949 0.67312 0.671702 0.664648 0.671579 0.65479 0.671333 0.641851 0.671579 0.630145 0.672195 0.618592 0.672565 0.605346 0.672935 0.595796 0.674413 0.586092 0.677406 0.570462 0.679339 0.562244 0.683594 0.549191 0.688235 0.537105 0.693649 0.525744 0.701578 0.511724 0.70912 0.500121 0.717435 0.48731 0.722269 0.479333 0.729038 0.471356 0.735806 0.464829 0.742961 0.457094 0.75205 0.446942 0.759398 0.43969 0.764233 0.435097 0.770034 0.430021 0.773708 0.426395 0.783184 0.413826 0.788792 0.406574 0.7944 0.39908 0.801361 0.390378 0.808516 0.38071 0.815671 0.369349 0.822826 0.357504 0.828821 0.34711 0.833656 0.335024 0.837523 0.325355 0.841971 0.320762 0.85222 0.31907 0.857248 0.315928 0.862662 0.310368 0.86827 0.301183 0.864883 0.299491 0.864687 0.299219 0.866641 0.28916 0.863203 0.273438 0.856406 0.26582 0.845859 0.261719 0.839609 0.261523 0.824609 0.25752 0.818437 0.257129 0.807109 0.264844 0.787891 0.262305 0.77064 0.253665 0.764275 0.248843 0.776331 0.248119 0.791474 0.255715 0.803627 0.258126 0.813175 0.253665 0.82125 0.251563 0.833594 0.253125 0.848906 0.25752 0.861208 0.265119 0.866802 0.271147 0.869985 0.28031 0.870703 0.285352 0.870078 0.292383 0.868634 0.301408 0.864687 0.299219
0 4 0.909575 0.184964 0.907409 0.183997 0.905708 0.183804 0.90478 0.18419 0.903697 0.184964 0.902614 0.188445 0.902923 0.193086 0.904161 0.195986 0.906791 0.196953 0.908802 0.19618 0.909421 0.193086 0.910194 0.188445 0.909575 0.184964 0.934959 0.179735 0.939136 0.182249 0.941457 0.181089 0.942075 0.176061 0.941147 0.172967 0.938208 0.17142 0.936351 0.17142 0.934495 0.17432 0.934959 0.179735
1 4 0.896406 0.19873 0.896347 0.19299 0.896502 0.188736 0.897894 0.182354 0.899287 0.176746 0.900679 0.172105 0.902071 0.168431 0.903773 0.165917 0.907022 0.161856 0.911044 0.158375 0.914912 0.156055 0.918161 0.155475 0.924194 0.155668 0.926205 0.156441 0.930227 0.158375 0.932084 0.159922 0.935023 0.16321 0.937344 0.166497 0.939355 0.169785 0.940438 0.172298 0.94183 0.175779 0.942604 0.178487 0.943377 0.182548 0.944305 0.187189 0.944615 0.193183 0.943828 0.193262 0.942969 0.193262 0.940547 0.194043 0.937109 0.192578 0.934095 0.191443 0.93162 0.189122 0.927443 0.186802 0.92373 0.186415 0.920172 0.187382 0.915531 0.190283 0.911972 0.193764 0.908047 0.197363 0.904062 0.197461 0.9 0.198633
2 4 0.896658 0.202468 0.897896 0.207495 0.89867 0.21117 0.899443 0.215424 0.900526 0.219485 0.901918 0.223546 0.90362 0.226833 0.907333 0.231088 0.91151 0.234568 0.915532 0.236502 0.920637 0.237856 0.925588 0.237856 0.930229 0.236502 0.933632 0.234182 0.937345 0.229541 0.941368 0.222772 0.94245 0.218711 0.943069 0.215617 0.943533 0.21175 0.943998 0.207689 0.944922 0.199414 0.944766 0.193066 0.940859 0.194434 0.935391 0.191504 0.932085 0.189318 0.930229 0.188157 0.927135 0.186804 0.923731 0.18661 0.9194 0.187384 0.916151 0.189124 0.912902 0.192218 0.910736 0.195119 0.906953 0.197559 0.901094 0.198047 0.896484 0.199121
3 4 0.919946 0.238114 0.922505 0.244018 0.923685 0.249183 0.925063 0.257547 0.926244 0.266402 0.927424 0.276242 0.927818 0.283375 0.928408 0.297396 0.928605 0.308712 0.928605 0.317813 0.937657 0.319289 0.938051 0.30699 0.938445 0.298626 0.938445 0.291001 0.938445 0.281407 0.937854 0.272552 0.937657 0.26468 0.93687 0.257055 0.93628 0.249183 0.93569 0.243034 0.934115 0.234424 0.930573 0.236392 0.92526 0.237622
4 4 0.928605 0.317075 0.938051 0.319535 0.937854 0.328637 0.938051 0.338968 0.937854 0.350283 0.937461 0.362337 0.937461 0.377342 0.937854 0.386935 0.938641 0.396283 0.940216 0.40932 0.941593 0.420143 0.943758 0.428999 0.947497 0.440314 0.95222 0.452367 0.955959 0.462699 0.958517 0.468602 0.961272 0.477458 0.965208 0.486313 0.970521 0.497137 0.974654 0.506976 0.97977 0.518537 0.984493 0.528377 0.989019 0.53674 0.996497 0.552729 0.998859 0.557649 0.999055 0.579542 0.993349 0.56921 0.988232 0.559371 0.985083 0.551991 0.981738 0.54535 0.977015 0.536986 0.973079 0.529607 0.96816 0.519521 0.962846 0.509436 0.95832 0.499597 0.953991 0.490495 0.950252 0.481148 0.944939 0.468602 0.9412 0.457041 0.937854 0.446464 0.933918 0.432935 0.931951 0.423095 0.929983 0.409074 0.929392 0.399234 0.928605 0.388657 0.928015 0.380048 0.927621 0.3707 0.92644 0.357909 0.92644 0.346594 0.927031 0.338476 0.927228 0.329867
1 5 0.668162 0.0966894 0.663985 0.0937887 0.66151 0.0905012 0.658571 0.0856668 0.657178 0.0812191 0.656559 0.074064 0.657333 0.0696163 0.65888 0.0643951 0.661974 0.0587871 0.664604 0.0562732 0.669864 0.0527924 0.672958 0.0512454 0.676516 0.0496983 0.68255 0.046991 0.686572 0.0466043 0.691522 0.0466043 0.695545 0.0477645 0.700186 0.0502785 0.704053 0.0535659 0.707921 0.0578202 0.710241 0.0620746 0.712717 0.072517 0.709468 0.0748376 0.702351 0.0730972 0.697401 0.0707766 0.693533 0.0700031 0.689202 0.0700031 0.68255 0.0730972 0.678682 0.0771581 0.675124 0.0860535 0.674041 0.0899211 0.671875 0.0935953 0.670173 0.0961092
2 5 0.668317 0.0974629 0.673886 0.0984298 0.677754 0.100364 0.681621 0.101911 0.686262 0.102684 0.693069 0.104425 0.699412 0.106358 0.707921 0.106938 0.715656 0.106165 0.717667 0.106165 0.721071 0.107325 0.724629 0.108679 0.727104 0.109452 0.728806 0.108679 0.728342 0.105778 0.726795 0.10133 0.7237 0.0968827 0.721535 0.0928218 0.720142 0.0872138 0.717358 0.0798654 0.714264 0.0758045 0.712717 0.0723236 0.709313 0.0752243 0.701887 0.0730972 0.69508 0.0707766 0.683323 0.0734839 0.681621 0.0750309 0.680384 0.0767713 0.677908 0.0814124 0.676671 0.0846999 0.67466 0.0885675 0.673422 0.0918549 0.671411 0.0949489
3 5 0.726971 0.100838 0.731184 0.103072 0.734375 0.104668 0.737822 0.106104 0.741651 0.107859 0.745481 0.109774 0.751481 0.112167 0.758119 0.113763 0.764502 0.11488 0.772544 0.116157 0.776246 0.116955 0.784033 0.118391 0.783267 0.127965 0.776884 0.127646 0.772544 0.127167 0.768714 0.126848 0.763608 0.126688 0.758502 0.126369 0.753779 0.12621 0.750077 0.12589 0.746502 0.125571 0.742928 0.125412 0.739098 0.125093 0.735779 0.123656 0.730673 0.121263 0.726971 0.119029 0.72378 0.116476 0.720205 0.113125 0.719439 0.112327 0.71395 0.107221 0.715737 0.105785 0.718801 0.106423 0.723014 0.108178 0.727099 0.109295 0.728758 0.108976 0.728248 0.105146
4 5 0.784002 0.118124 0.783404 0.127994 0.787232 0.12919 0.793453 0.130387 0.800392 0.130686 0.809365 0.130835 0.818817 0.130835 0.830422 0.129789 0.845138 0.123956 0.851239 0.122311 0.858298 0.120816 0.863921 0.119769 0.872176 0.119171 0.88103 0.11932 0.88761 0.11932 0.894071 0.11932 0.90077 0.118871 0.910581 0.117974 0.918358 0.116927 0.928647 0.115581 0.933911 0.115133 0.941328 0.114385 0.950421 0.114235 0.95748 0.114086 0.961787 0.113936 0.971837 0.114235 0.979733 0.114385 0.99074 0.11588 0.998516 0.117525 0.998756 0.108104 0.991577 0.106758 0.986552 0.105561 0.983203 0.105412 0.978178 0.104365 0.969922 0.103318 0.962744 0.10257 0.956762 0.10272 0.949105 0.103468 0.9442 0.103916 0.936064 0.104365 0.927091 0.105861 0.919195 0.106758 0.911658 0.107655 0.904719 0.107954 0.896224 0.108253 0.89096 0.108403 0.884499 0.108552 0.874569 0.108852 0.867869 0.109001 0.861768 0.1093 0.854829 0.110796 0.848009 0.112889 0.838199 0.115581 0.832097 0.117675 0.825517 0.119021 0.817262 0.119918 0.809964 0.120367 0.801948 0.120367 0.794769 0.120068
0 6 0.283162 0.266454 0.282076 0.267268 0.280663 0.269849 0.279685 0.273924 0.279577 0.277455 0.280881 0.2799 0.283054 0.280851 0.284466 0.278949 0.285336 0.274875 0.285227 0.269306 0.284466 0.267268
1 6 0.289356 0.237795 0.287183 0.239697 0.28338 0.243364 0.278925 0.247846 0.2761 0.251513 0.272405 0.257761 0.270341 0.263465 0.268711 0.270528 0.268928 0.276369 0.271536 0.282481 0.275013 0.287234 0.280337 0.291445 0.285336 0.293618 0.289356 0.294297 0.292833 0.292124 0.293268 0.28737 0.292072 0.280443 0.289139 0.272158 0.287074 0.264416 0.286965 0.257625 0.288052 0.250291 0.289791 0.243364
2 6 0.289139 0.237523 0.290768 0.236844 0.294571 0.235486 0.298483 0.23535 0.300982 0.235893 0.304351 0.237388 0.307067 0.239425 0.31087 0.24282 0.313478 0.244994 0.317281 0.248389 0.319345 0.250291 0.320867 0.253007 0.321627 0.255724 0.321953 0.261021 0.321519 0.266861 0.318476 0.27501 0.316412 0.277998 0.314021 0.280851 0.311631 0.283295 0.305981 0.287506 0.301743 0.289407 0.298483 0.290494 0.292616 0.291988 0.293594 0.286963 0.292616 0.280715 0.28903 0.272294 0.287509 0.264009 0.287291 0.257625 0.288052 0.250426 0.289899 0.243771
3 6 0.315108 0.245537 0.319345 0.244586 0.324235 0.243228 0.329233 0.242413 0.333471 0.241598 0.340534 0.239697 0.347488 0.237659 0.353464 0.235622 0.358136 0.233992 0.363243 0.232226 0.367372 0.230596 0.370632 0.229102 0.374 0.240104 0.369654 0.241462 0.363352 0.243907 0.354659 0.246623 0.346727 0.248525 0.340208 0.250834 0.334014 0.253686 0.329777 0.25681 0.321953 0.26428 0.321953 0.260477 0.321519 0.256674 0.320649 0.25355 0.318911 0.250291 0.317281 0.248797
4 6 0.370749 0.228754 0.374196 0.240037 0.382566 0.235114 0.391757 0.231421 0.402918 0.228754 0.413587 0.226292 0.426224 0.224856 0.437877 0.225061 0.452649 0.226907 0.464138 0.230805 0.480058 0.238191 0.492532 0.244961 0.510422 0.254809 0.523717 0.26199 0.537667 0.26835 0.556378 0.274299 0.565897 0.276966 0.574432 0.279223 0.586249 0.279633 0.604139 0.28148 0.616613 0.281685 0.637621 0.283531 0.656332 0.285378 0.677176 0.288455 0.690799 0.290712 0.707704 0.292353 0.724938 0.292969 0.733308 0.292353 0.747095 0.285583 0.752019 0.28189 0.756614 0.278813 0.763672 0.273479 0.771222 0.265682 0.776146 0.258707 0.779592 0.251937 0.782054 0.244756 0.784516 0.236345 0.786486 0.225471 0.788783 0.21152 0.791081 0.19244 0.78944 0.180746 0.787635 0.171309 0.785993 0.160025 0.785829 0.152639 0.787635 0.1471 0.790917 0.150998 0.791081 0.159204 0.78944 0.168437 0.792723 0.177669 0.795349 0.163923 0.795513 0.155511 0.795513 0.148741 0.794364 0.141355 0.792394 0.137252 0.788783 0.136021 0.785993 0.136432 0.782218 0.138483 0.779264 0.141766 0.777951 0.148331 0.777951 0.154075 0.778608 0.16023 0.779756 0.166795 0.780577 0.171309 0.782218 0.179515 0.782711 0.186696 0.782875 0.195928 0.782218 0.208238 0.780577 0.216854 0.778772 0.225471 0.775981 0.234293 0.772535 0.243525 0.769252 0.249885 0.765806 0.25604 0.760061 0.262195 0.752839 0.26917 0.74529 0.273889 0.73856 0.277171 0.732652 0.279633 0.727564 0.281275 0.716403 0.2823 0.706391 0.282095 0.696051 0.280454 0.684234 0.278402 0.670447 0.276351 0.658466 0.274504 0.647962 0.273889 0.640904 0.273889 0.630564 0.272863 0.622029 0.271632 0.613166 0.270401 0.598231 0.26876 0.582639 0.266708 0.569508 0.264041 0.553588 0.260553 0.542755 0.25645 0.529789 0.251526 0.52027 0.247218 0.506483 0.239012 0.494666 0.231216 0.483013 0.22465 0.476283 0.221573 0.470867 0.219727 0.460527 0.217059 0.449202 0.214392 0.439847 0.212341 0.428522 0.210905 0.419659 0.210905 0.408499 0.212341 0.395532 0.216034 0.38667 0.218906 0.379284 0.223009
1 7 0.581875 0.288477 0.587535 0.289157 0.592908 0.290972 0.596538 0.29315 0.600168 0.296599 0.603073 0.300229 0.605106 0.303315 0.606703 0.308216 0.607574 0.315295 0.606558 0.322556 0.602928 0.328002 0.598426 0.33381 0.592472 0.337077 0.586373 0.339074 0.577496 0.340381 0.57758 0.337024 0.577412 0.333877 0.578167 0.324961 0.580274 0.317655 0.581726 0.312573 0.583469 0.304767 0.583759 0.298051 0.582162 0.292424
2 7 0.582031 0.288379 0.579258 0.289157 0.574175 0.289157 0.56706 0.289338 0.563284 0.290246 0.558202 0.292243 0.555007 0.294239 0.552103 0.296418 0.548763 0.299685 0.545568 0.304223 0.542809 0.308398 0.541793 0.311665 0.542083 0.315658 0.54339 0.320378 0.545713 0.32546 0.549779 0.33018 0.5537 0.33381 0.558637 0.336351 0.565462 0.339074 0.566769 0.339437 0.572433 0.339982 0.577656 0.340625 0.577656 0.337305 0.577266 0.33418 0.577734 0.330469 0.578125 0.325098 0.580129 0.318018 0.581875 0.312305 0.583178 0.308035 0.58375 0.302832 0.583906 0.297754 0.582307 0.292061
3 7 0.545132 0.304041 0.541212 0.305493 0.533661 0.307127 0.523931 0.307127 0.547626 0.293889 0.509265 0.308398 0.500842 0.310213 0.495469 0.311847 0.484869 0.314751 0.487047 0.325642 0.500697 0.322919 0.50578 0.322012 0.509555 0.321648 0.515944 0.321285 0.522479 0.321285 0.52974 0.322193 0.534822 0.323282 0.545859 0.326186 0.543535 0.320196 0.542373 0.316566 0.541793 0.31348 0.542809 0.309487
4 7 0.419377 0.324734 0.43143 0.322556 0.438836 0.321648 0.446968 0.320741 0.456262 0.319289 0.463522 0.318018 0.471654 0.316929 0.479351 0.31584 0.484578 0.315114 0.487192 0.325823 0.482691 0.326731 0.470202 0.328365 0.461199 0.328728 0.453067 0.33018 0.445806 0.331269 0.439998 0.332176 0.432882 0.332539 0.425186 0.333992 0.419377 0.324734 0.375232 0.326186 0.374071 0.328546 0.368262 0.338893 0.365503 0.339437 0.353305 0.341797 0.337186 0.345427 0.324117 0.349602 0.312936 0.353232 0.300302 0.35777 0.287378 0.361401 0.272421 0.365757 0.257028 0.373018 0.248025 0.375922 0.237424 0.379552 0.224936 0.386995 0.214771 0.39117 0.20693 0.393529 0.196329 0.397886 0.185728 0.402061 0.172224 0.407688 0.158573 0.413859 0.140276 0.423298 0.126046 0.43074 0.119801 0.433645 0.112395 0.437456 0.103247 0.44145 0.0916299 0.447803 0.0814649 0.454156 0.0695574 0.460872 0.0567786 0.467588 0.0451615 0.474304 0.0332539 0.481747 0.0142309 0.49409 0.00972932 0.496268 0.00203299 0.500261 0.000145214 0.501714 0.000290428 0.490459 0.00943889 0.485014 0.0209108 0.478661 0.0326731 0.471037 0.0419668 0.465047 0.0508248 0.459965 0.0580855 0.45579 0.0726069 0.448347 0.0807388 0.444173 0.0901777 0.439453 0.100633 0.434552 0.109491 0.430377 0.11893 0.425658 0.127498 0.420938 0.135194 0.416945 0.147102 0.41041 0.15654 0.405872 0.168303 0.400427 0.179049 0.395344 0.19023 0.390443 0.200105 0.385724 0.21056 0.381005 0.218256 0.378282 0.228566 0.373018 0.235537 0.369751 0.247299 0.365576 0.258335 0.361582 0.266758 0.357589 0.273292 0.354503 0.286797 0.350328 0.296962 0.347424 0.307708 0.344338 0.323391 0.340163 0.332249 0.337259 0.337622 0.335444 0.348658 0.332539 0.357516 0.330361 0.3671 0.328728 0.375232 0.326186
1 8 0.375321 0.334405 0.380519 0.330009 0.386788 0.325805 0.393209 0.322938 0.399477 0.321027 0.404828 0.320645 0.409262 0.320645 0.413848 0.322365 0.418129 0.325232 0.419964 0.327907 0.422563 0.331538 0.423939 0.334214 0.424551 0.335551 0.425621 0.341094 0.426079 0.345107 0.425926 0.350649 0.424398 0.357529 0.420575 0.365364 0.415072 0.371862 0.409873 0.376449 0.405745 0.379315 0.401159 0.380844 0.400242 0.378551 0.399477 0.373391 0.398254 0.367658 0.396419 0.36116 0.39382 0.356573 0.389081 0.351413 0.384647 0.346636 0.380825 0.342431 0.377461 0.339374 0.376085 0.337654
2 8 0.374862 0.334214 0.372722 0.337271 0.371193 0.341667 0.369817 0.345871 0.367371 0.353133 0.365536 0.358867 0.362784 0.364791 0.358351 0.369569 0.356822 0.374729 0.358198 0.377786 0.360185 0.381035 0.362479 0.383902 0.3689 0.385622 0.376238 0.385813 0.383118 0.385431 0.389998 0.384284 0.394891 0.383328 0.400242 0.381991 0.399936 0.37836 0.399171 0.375111 0.398407 0.370524 0.397642 0.366702 0.396114 0.361924 0.394432 0.357529 0.391221 0.353707 0.387705 0.350458 0.384036 0.346254 0.380978 0.342049 0.377767 0.339183 0.376697 0.33708
3 8 0.357586 0.369569 0.356363 0.370906 0.353611 0.373773 0.348719 0.377404 0.337711 0.384475 0.330984 0.387915 0.323187 0.392502 0.317683 0.396324 0.313708 0.399573 0.31065 0.403204 0.305605 0.411039 0.301171 0.416772 0.307592 0.425372 0.311262 0.417346 0.314166 0.41295 0.318906 0.407599 0.323645 0.403586 0.329455 0.399764 0.336029 0.396706 0.345355 0.393839 0.351929 0.391546 0.36095 0.38868 0.365689 0.387342 0.3689 0.386195 0.363549 0.38352 0.36202 0.3818 0.358809 0.376257 0.357739 0.374538
4 8 0.301018 0.416964 0.307592 0.425754 0.305758 0.428048 0.302241 0.433208 0.296432 0.441425 0.288634 0.449452 0.27992 0.456905 0.270747 0.463976 0.262797 0.471812 0.253929 0.480411 0.244603 0.489011 0.23543 0.499331 0.226257 0.511371 0.217236 0.52322 0.208522 0.535642 0.202101 0.546153 0.194762 0.559339 0.191093 0.567175 0.188188 0.574437 0.181308 0.59049 0.174122 0.604441 0.164643 0.623169 0.153941 0.644573 0.144921 0.661391 0.136359 0.676871 0.128409 0.690439 0.122753 0.69751 0.114038 0.71127 0.109146 0.723119 0.105171 0.733439 0.0995138 0.750638 0.096609 0.761723 0.0943157 0.769367 0.0901877 0.780833 0.0868242 0.790007 0.0823905 0.800709 0.0778039 0.814468 0.0735231 0.838548 0.0724529 0.847721 0.065573 0.866832 0.0591518 0.881547 0.0522719 0.896836 0.0450862 0.912698 0.0398881 0.923591 0.0328553 0.93544 0.0259754 0.946333 0.0206244 0.95436 0.0164965 0.974617 0.015732 0.986275 0.00931079 0.986848 0.00961656 0.973279 0.0111454 0.955315 0.0155791 0.94404 0.0223061 0.934675 0.0284216 0.925884 0.0328553 0.918622 0.0374419 0.910022 0.0464622 0.892249 0.0516603 0.880018 0.0563998 0.868361 0.0599162 0.859761 0.0628211 0.851352 0.0663375 0.834726 0.0677134 0.824215 0.0701596 0.813513 0.0718414 0.802046 0.075052 0.79402 0.0805559 0.781407 0.0837665 0.772616 0.0872829 0.764398 0.0903406 0.754652 0.0926339 0.744714 0.095233 0.737261 0.097985 0.729234 0.10089 0.719488 0.104253 0.708595 0.112203 0.693306 0.118166 0.682986 0.125963 0.670946 0.129938 0.665022 0.134066 0.657951 0.1385 0.649542 0.142169 0.642853 0.146297 0.635782 0.149661 0.63024 0.155929 0.617818 0.164185 0.599663 0.171523 0.584756 0.177333 0.571952 0.180697 0.564499 0.184213 0.556855 0.189258 0.546726 0.195374 0.536597 0.201183 0.527233 0.205464 0.520735 0.212038 0.513091 0.219835 0.502389 0.230996 0.487291 0.238793 0.475634 0.251177 0.461683 0.259739 0.454421 0.26723 0.448687 0.275792 0.443528 0.282672 0.437985 0.288329 0.432443 0.292915 0.427283
