1 1 0.452363 0.185309 0.452744 0.172923 0.452744 0.162919 0.453887 0.15101 0.458675 0.140713 0.468833 0.136211 0.475944 0.135518 0.480007 0.135287 0.487805 0.139101 0.49314 0.148152 0.497332 0.160061 0.4994 0.172572 0.499492 0.182846 0.489057 0.183885 0.477514 0.185732 0.466247 0.188733 0.454704 0.194043
2 1 0.459229 0.192311 0.454649 0.19436 0.458079 0.202934 0.459985 0.212938 0.464177 0.222466 0.469131 0.230088 0.471799 0.237233 0.475229 0.246761 0.480945 0.246284 0.488186 0.242473 0.48971 0.233899 0.493521 0.226277 0.498476 0.217226 0.5 0.204364 0.5 0.192931 0.5 0.182927 0.495244 0.183769 0.490996 0.183538 0.482131 0.185039 0.473543 0.186655 0.467356 0.188387
3 1 0.481707 0.248666 0.483232 0.260099 0.48628 0.272485 0.488186 0.286776 0.489329 0.296303 0.490473 0.308213 0.491235 0.318216 0.492759 0.332031 0.49314 0.344417 0.502668 0.339653 0.501905 0.326791 0.500762 0.314405 0.497713 0.298685 0.495808 0.283441 0.493902 0.267721 0.491616 0.255812 0.488567 0.243426
4 1 0.492378 0.344893 0.491997 0.359661 0.490091 0.372999 0.488186 0.383956 0.487805 0.397294 0.487043 0.410633 0.485899 0.423971 0.485137 0.437309 0.482851 0.449219 0.482088 0.464939 0.480945 0.47923 0.47904 0.493998 0.475229 0.509242 0.473323 0.524962 0.46875 0.541635 0.46532 0.556402 0.463034 0.568312 0.458841 0.580697 0.452363 0.588796 0.446646 0.594989 0.434832 0.601181 0.421875 0.602134 0.407774 0.604992 0.396341 0.607374 0.382622 0.612614 0.368521 0.616425 0.352896 0.621189 0.341082 0.625476 0.326982 0.631193 0.310213 0.637862 0.296113 0.642626 0.285442 0.648819 0.276296 0.655011 0.266006 0.66311 0.255716 0.674066 0.248095 0.684546 0.241235 0.696932 0.231707 0.711223 0.224466 0.723133 0.217226 0.733136 0.205793 0.738853 0.193979 0.745522 0.193598 0.756479 0.205793 0.753144 0.221418 0.74314 0.231707 0.73266 0.237424 0.724085 0.242378 0.714082 0.25 0.702172 0.256479 0.687881 0.265244 0.676925 0.275534 0.667873 0.286966 0.661681 0.297256 0.655964 0.308689 0.6512 0.322409 0.64596 0.338415 0.639768 0.353277 0.634051 0.36814 0.628811 0.383765 0.624047 0.401296 0.618807 0.41654 0.615473 0.429116 0.61452 0.44436 0.609756 0.454649 0.602134 0.464558 0.591178 0.471037 0.573552 0.477134 0.556402 0.480945 0.540206 0.485137 0.525438 0.488186 0.504954 0.490091 0.483994 0.491616 0.466368 0.49314 0.448266 0.495808 0.431593 0.496951 0.413014 0.498857 0.39396 0.500381 0.374428 0.502287 0.358708 0.502668 0.3387
1 2 0.729747 0.86355 0.735671 0.868641 0.744927 0.876046 0.754554 0.876972 0.764181 0.874658 0.769735 0.867715 0.772697 0.858921 0.773067 0.842723 0.769735 0.836243 0.764181 0.826986 0.758257 0.836706 0.750481 0.845037 0.741595 0.851053 0.736041 0.85707
2 2 0.729747 0.864013 0.722342 0.856607 0.719009 0.848276 0.716417 0.837631 0.715307 0.821895 0.715307 0.813102 0.717158 0.803845 0.722342 0.800143 0.727155 0.805696 0.739003 0.807548 0.74863 0.808936 0.756776 0.815879 0.764181 0.826061 0.758262 0.836651 0.755869 0.839403 0.751082 0.844071 0.741225 0.851516 0.736411 0.85707
3 2 0.714566 0.803382 0.706791 0.79644 0.700866 0.790886 0.695312 0.786258 0.689759 0.780241 0.683834 0.773761 0.676799 0.764042 0.668283 0.755248 0.66273 0.749232 0.654954 0.741826 0.664581 0.733958 0.672727 0.743678 0.679391 0.753397 0.686426 0.762654 0.694572 0.772836 0.704939 0.781167 0.712344 0.788572 0.722712 0.799217
4 2 0.655695 0.741364 0.64903 0.733958 0.641995 0.724239 0.636441 0.716371 0.629406 0.70804 0.623482 0.699247 0.617558 0.691378 0.610893 0.680733 0.602377 0.671477 0.594972 0.661295 0.587567 0.651113 0.579791 0.64093 0.573497 0.630748 0.564981 0.618715 0.557205 0.609458 0.54906 0.597888 0.542395 0.58354 0.533509 0.56873 0.526474 0.556696 0.518328 0.545126 0.512033 0.535406 0.504628 0.523373 0.497593 0.511339 0.491299 0.50162 0.482042 0.492826 0.475378 0.482181 0.467232 0.469222 0.462048 0.459503 0.456865 0.448858 0.453903 0.43775 0.449459 0.426642 0.449459 0.413683 0.45057 0.400724 0.455384 0.389153 0.460937 0.381748 0.466862 0.375268 0.474637 0.364161 0.480561 0.356293 0.488337 0.348887 0.503517 0.338242 0.512774 0.330374 0.52129 0.322969 0.528695 0.311398 0.533138 0.301679 0.539062 0.294274 0.544987 0.28548 0.552762 0.278075 0.558686 0.269281 0.56461 0.260025 0.569054 0.246603 0.573146 0.237951 0.57906 0.22712 0.583874 0.217148 0.583737 0.231762 0.576459 0.251694 0.572386 0.26419 0.566092 0.273447 0.559797 0.28224 0.553503 0.292423 0.547208 0.300291 0.540914 0.307696 0.536471 0.31649 0.529065 0.326672 0.523512 0.33454 0.515736 0.341019 0.50722 0.347499 0.495742 0.354904 0.488707 0.363698 0.481672 0.373417 0.473897 0.381285 0.468343 0.387765 0.4639 0.394244 0.459827 0.402575 0.458716 0.413683 0.460567 0.427105 0.46427 0.439601 0.469824 0.45256 0.476859 0.464131 0.483153 0.47385 0.488707 0.484033 0.498334 0.494215 0.505739 0.505322 0.512404 0.514579 0.519439 0.52615 0.524252 0.534481 0.529065 0.543274 0.534619 0.552531 0.542025 0.56549 0.548319 0.575209 0.555354 0.58678 0.56461 0.59835 0.572016 0.610384 0.580532 0.621955 0.586826 0.631211 0.594231 0.642782 0.604599 0.654815 0.613115 0.66546 0.62126 0.678882 0.631257 0.691841 0.638292 0.702949 0.64866 0.71452 0.659027 0.727942 0.665692 0.733958
1 3 0.705703 0.532422 0.700861 0.53489 0.700861 0.522683 0.703081 0.511031 0.711071 0.506592 0.719949 0.506592 0.730158 0.512695 0.735485 0.521573 0.729531 0.524512 0.723516 0.527246 0.714219 0.530469
2 3 0.703968 0.542658 0.707076 0.55431 0.710627 0.564853 0.715953 0.574285 0.723944 0.576505 0.732821 0.578724 0.742587 0.572621 0.74525 0.559304 0.744806 0.548207 0.742143 0.537664 0.739036 0.532116 0.735703 0.521875 0.729219 0.524219 0.723125 0.527246 0.714219 0.530273 0.705625 0.532422 0.701094 0.535156
3 3 0.733709 0.579834 0.73726 0.592596 0.739924 0.608687 0.742587 0.620894 0.747026 0.635875 0.756792 0.633101 0.75324 0.621449 0.750577 0.604803 0.747026 0.59426 0.744363 0.580944 0.741699 0.574285
4 3 0.74747 0.63643 0.752353 0.649747 0.756348 0.661954 0.759011 0.675826 0.762562 0.691362 0.764782 0.704124 0.766557 0.715776 0.769664 0.727428 0.77144 0.738525 0.774103 0.750178 0.778542 0.765714 0.780318 0.78125 0.78165 0.797341 0.781206 0.815652 0.780762 0.830633 0.781206 0.845059 0.77943 0.863925 0.776767 0.88279 0.773659 0.895552 0.772328 0.909979 0.768777 0.92496 0.765225 0.94438 0.761674 0.962691 0.757235 0.981001 0.755904 0.997647 0.765225 0.998757 0.765669 0.98544 0.769221 0.971014 0.771884 0.958252 0.776323 0.938277 0.778542 0.922741 0.782093 0.907204 0.784757 0.891113 0.787864 0.870583 0.790083 0.851163 0.790527 0.835072 0.790527 0.820091 0.790971 0.80289 0.78964 0.78125 0.786532 0.763494 0.783425 0.747958 0.781206 0.729093 0.775435 0.713002 0.772772 0.694691 0.769664 0.6786 0.765669 0.65807 0.763006 0.647528 0.758567 0.633656
1 4 0.687021 0.611508 0.693767 0.611508 0.69899 0.612596 0.704648 0.616948 0.70726 0.622661 0.710089 0.630005 0.709654 0.638166 0.707477 0.643878 0.704648 0.649591 0.700949 0.653671 0.696161 0.657752 0.693985 0.648503 0.692462 0.639798 0.691374 0.630821 0.68985 0.622389
2 4 0.687109 0.611816 0.681363 0.611236 0.674835 0.610964 0.669394 0.610964 0.664607 0.611508 0.65786 0.614772 0.65242 0.619668 0.647632 0.627285 0.645891 0.635718 0.646109 0.646871 0.648938 0.654215 0.653943 0.659656 0.659819 0.664824 0.667871 0.666184 0.678534 0.667 0.687021 0.664008 0.692897 0.660744 0.696161 0.658024 0.693985 0.648775 0.692656 0.640723 0.691641 0.631641 0.690068 0.622389
3 4 0.644803 0.635174 0.639363 0.634358 0.633052 0.632453 0.627829 0.628645 0.622824 0.626197 0.618254 0.620756 0.617166 0.613412 0.616295 0.602531 0.616513 0.595186 0.61586 0.585665 0.616513 0.577505 0.607808 0.577233 0.608026 0.587842 0.608679 0.598179 0.608679 0.607699 0.609984 0.616132 0.612161 0.625653 0.616948 0.632181 0.621518 0.637622 0.626959 0.644694 0.633922 0.647687 0.63958 0.647687 0.645891 0.646871
4 4 0.607808 0.576961 0.607808 0.570976 0.608896 0.563088 0.610202 0.556287 0.611508 0.547038 0.613684 0.538061 0.615642 0.527997 0.618036 0.520652 0.620212 0.512491 0.621518 0.504875 0.622824 0.497258 0.625 0.490457 0.627829 0.483113 0.630658 0.47604 0.634793 0.467063 0.63958 0.459991 0.646109 0.452918 0.65329 0.445302 0.661125 0.439317 0.666783 0.433877 0.673964 0.427348 0.680275 0.423812 0.687021 0.418643 0.694638 0.413747 0.703343 0.409123 0.712265 0.404498 0.72097 0.40069 0.729239 0.396882 0.737073 0.393889 0.746213 0.390353 0.754265 0.388177 0.765799 0.385457 0.774504 0.382464 0.784079 0.38056 0.793001 0.380288 0.799965 0.38192 0.807799 0.385185 0.815416 0.388449 0.823468 0.391985 0.829997 0.396337 0.835655 0.400146 0.839354 0.408034 0.843706 0.415923 0.846536 0.425988 0.848059 0.433061 0.850888 0.440405 0.855427 0.446237 0.859854 0.450574 0.864041 0.454013 0.866912 0.457154 0.870621 0.459995 0.87445 0.463285 0.878637 0.467473 0.883782 0.47166 0.892889 0.47693 0.901947 0.483158 0.910553 0.489668 0.917799 0.496745 0.924592 0.500708 0.932745 0.50552 0.939764 0.510049 0.946332 0.514861 0.952672 0.519673 0.960824 0.524485 0.966486 0.52958 0.971467 0.534109 0.967618 0.538355 0.959692 0.534675 0.952219 0.529863 0.94452 0.524768 0.935915 0.518541 0.927536 0.512879 0.919384 0.506935 0.912364 0.501274 0.905344 0.495896 0.898324 0.49165 0.890399 0.485422 0.882926 0.480044 0.876585 0.474666 0.869565 0.468156 0.864357 0.46306 0.858243 0.457965 0.852355 0.452587 0.849638 0.447492 0.845109 0.440699 0.841712 0.43249 0.839447 0.424564 0.837636 0.418903 0.83356 0.412959 0.831295 0.408147 0.826087 0.404184 0.818841 0.400221 0.810688 0.396258 0.802763 0.393144 0.795063 0.39088 0.785326 0.388898 0.778759 0.388615 0.769475 0.390597 0.762002 0.392295 0.75385 0.394843 0.74615 0.398805 0.739357 0.401353 0.730072 0.405033 0.722826 0.40758 0.716938 0.41126 0.712183 0.414374 0.706748 0.417771 0.698596 0.421733 0.693161 0.425413 0.685915 0.429659 0.680707 0.434754 0.672554 0.440416 0.66644 0.445228 0.659647 0.45004 0.654665 0.455984 0.649457 0.460796 0.644475 0.467306 0.639719 0.4741 0.635417 0.482592 0.632473 0.491933 0.629755 0.501274 0.627264 0.511464 0.624774 0.52307 0.623188 0.533543 0.619112 0.545431 0.617074 0.555339 0.615942 0.564113 0.616168 0.577417
1 5 0.847988 0.0914845 0.849412 0.0883216 0.852258 0.0853563 0.856686 0.0829841 0.861747 0.0831818 0.865226 0.085554 0.868389 0.0895077 0.871711 0.0938567 0.874557 0.100973 0.87519 0.109276 0.873608 0.115997 0.871869 0.121533 0.868706 0.116195 0.863803 0.112044 0.859691 0.106904 0.856686 0.100973 0.852733 0.0948452 0.850202 0.0922753
2 5 0.848225 0.0909891 0.844271 0.0949428 0.84095 0.0992919 0.838736 0.103839 0.836522 0.109176 0.833991 0.114711 0.832884 0.12163 0.831619 0.128352 0.831145 0.134084 0.831145 0.139817 0.831145 0.145748 0.831935 0.153655 0.834466 0.157214 0.837787 0.161563 0.842531 0.165714 0.848383 0.165714 0.851704 0.162353 0.853602 0.15919 0.856132 0.156225 0.861035 0.152074 0.863565 0.148318 0.866253 0.142783 0.869258 0.135666 0.87084 0.129142 0.872421 0.121235 0.868626 0.11649 0.864039 0.112141 0.859688 0.106445 0.857081 0.100873 0.852178 0.0941521
3 5 0.841821 0.165221 0.841504 0.17214 0.840872 0.178466 0.840555 0.183803 0.839765 0.19092 0.838183 0.197048 0.836918 0.203374 0.835969 0.208712 0.835811 0.215433 0.835337 0.221561 0.83502 0.227096 0.834071 0.232631 0.833281 0.239353 0.838183 0.239748 0.838816 0.233224 0.840081 0.226108 0.84103 0.218398 0.841504 0.210293 0.842769 0.201002 0.843877 0.194676 0.844984 0.186769 0.846091 0.177873 0.846881 0.170756 0.847039 0.166209
4 5 0.833122 0.239748 0.832648 0.245876 0.832648 0.251214 0.832332 0.255958 0.832015 0.259912 0.832015 0.265645 0.832332 0.272366 0.831857 0.279087 0.832174 0.285611 0.831857 0.291937 0.832015 0.298658 0.832174 0.304786 0.83249 0.311112 0.833122 0.318031 0.833122 0.32495 0.833439 0.333055 0.834388 0.34037 0.835337 0.349265 0.835811 0.357173 0.836918 0.36508 0.838341 0.37279 0.839607 0.379907 0.841346 0.386825 0.844667 0.394733 0.84783 0.402245 0.850677 0.407978 0.853365 0.416478 0.85637 0.423595 0.860166 0.429328 0.863329 0.435456 0.865701 0.441189 0.868385 0.44651 0.870438 0.4515 0.872263 0.455064 0.874316 0.459341 0.876141 0.463475 0.878536 0.469891 0.880589 0.474025 0.883668 0.478729 0.886063 0.483006 0.888116 0.486428 0.890853 0.491988 0.893476 0.497548 0.896099 0.502538 0.898837 0.507527 0.90203 0.513087 0.904197 0.518505 0.907048 0.52435 0.909557 0.528484 0.912409 0.533046 0.915716 0.538891 0.917997 0.543453 0.920506 0.548586 0.92313 0.553718 0.925981 0.560133 0.928262 0.566549 0.932026 0.573107 0.935105 0.578952 0.937842 0.583799 0.940351 0.589359 0.942746 0.597628 0.945141 0.604756 0.947765 0.610601 0.950844 0.615876 0.953125 0.621008 0.955406 0.62557 0.957459 0.62999 0.960652 0.636263 0.963504 0.642678 0.966697 0.647953 0.969662 0.652657 0.9724 0.659786 0.975479 0.666914 0.977874 0.671048 0.979927 0.676466 0.982892 0.682453 0.98563 0.68673 0.988481 0.691435 0.992245 0.695427 0.996464 0.700701 0.999202 0.703838 0.998859 0.697422 0.995552 0.69172 0.992701 0.686017 0.989165 0.680885 0.986884 0.676323 0.983805 0.671761 0.98141 0.666201 0.978901 0.660926 0.97719 0.657219 0.974453 0.651232 0.972172 0.645672 0.968294 0.638971 0.9651 0.633269 0.962705 0.627424 0.95974 0.621721 0.956889 0.617302 0.953809 0.611029 0.951528 0.604898 0.949019 0.598198 0.946054 0.59107 0.94286 0.583514 0.940693 0.576671 0.9375 0.569258 0.934193 0.562842 0.930657 0.555429 0.927235 0.549013 0.923472 0.54217 0.919252 0.534329 0.915716 0.527201 0.912067 0.51936 0.908759 0.51323 0.904425 0.505959 0.900661 0.499544 0.897354 0.492986 0.894275 0.485715 0.889827 0.477589 0.887203 0.471601 0.88401 0.464331 0.87979 0.45706 0.877053 0.449646 0.873403 0.442661 0.869982 0.43596 0.866218 0.427692 0.862226 0.420991 0.859147 0.415146 0.85641 0.407448 0.85333 0.400604 0.850821 0.394474 0.84854 0.388487 0.845917 0.381929 0.844434 0.374088 0.842724 0.367102 0.841241 0.360829 0.840671 0.354129 0.840443 0.344007 0.839644 0.336736 0.838618 0.329037 0.838047 0.322337 0.837933 0.315351 0.837819 0.30637 0.837477 0.296105 0.837477 0.288549 0.837819 0.281991 0.837477 0.276431 0.837249 0.26802 0.836793 0.261605 0.837591 0.254477 0.838047 0.246921 0.838504 0.23965
0 5 0.853281 0.0853516 0.851328 0.0856445 0.850547 0.0904297 0.851484 0.0928711 0.854219 0.0942383 0.856406 0.0922852 0.85625 0.0878906 0.855547 0.0857422 0.854531 0.0850586
