1 1 0.481719 0.0798828 0.469453 0.0841797 0.465313 0.0869141 0.460938 0.0932573 0.458474 0.102935 0.458826 0.113932 0.461641 0.12317 0.470791 0.130648 0.476719 0.133301 0.478533 0.119211 0.478533 0.102495 0.479941 0.0888584
2 1 0.476719 0.133203 0.485923 0.135927 0.495073 0.139886 0.505279 0.139886 0.513725 0.133727 0.520059 0.12493 0.522171 0.116132 0.521115 0.104255 0.515132 0.0914977 0.505631 0.0866589 0.495425 0.0831398 0.487683 0.0809403 0.481641 0.0803711 0.479941 0.0884185 0.478533 0.101175 0.478181 0.119211
3 1 0.520763 0.119651 0.530265 0.12229 0.538007 0.12537 0.550324 0.127569 0.5644 0.129329 0.576717 0.128009 0.589386 0.127569 0.598536 0.12537 0.59748 0.116132 0.586923 0.117012 0.574254 0.119651 0.564752 0.119211 0.552787 0.119211 0.541878 0.115692 0.532376 0.112613 0.521819 0.109533
4 1 0.598888 0.12493 0.608742 0.12273 0.618595 0.119651 0.627745 0.116572 0.637599 0.113053 0.647452 0.108214 0.657306 0.0980961 0.664696 0.090618 0.670678 0.0835797 0.676309 0.0743419 0.68194 0.0651042 0.68933 0.0563063 0.696368 0.0466287 0.702703 0.0382707 0.709389 0.0290329 0.715724 0.0219947 0.721706 0.0131968 0.726985 0.00439893 0.717835 0.00395904 0.712556 0.0127569 0.707278 0.0197952 0.703407 0.0250739 0.696368 0.032992 0.690738 0.0413499 0.684403 0.0488281 0.676661 0.0585058 0.671382 0.0668637 0.664696 0.0743419 0.657306 0.0831398 0.650267 0.090618 0.642525 0.098536 0.636191 0.104695 0.624578 0.107774 0.613668 0.110413 0.605926 0.113053 0.596776 0.114812
0 2 0.281719 0.250879 0.276797 0.252734 0.274688 0.256836 0.275 0.260547 0.275313 0.262305 0.279609 0.264551 0.284862 0.26207 0.285938 0.256445 0.285156 0.253027
1 2 0.27 0.270996 0.273102 0.273895 0.281342 0.275421 0.286835 0.271606 0.291107 0.266266 0.292938 0.258636 0.291412 0.247574 0.287188 0.24668 0.278047 0.249121 0.273906 0.253613 0.271406 0.259668 0.270469 0.26543
2 2 0.270156 0.271191 0.266484 0.268945 0.261505 0.265503 0.255707 0.260162 0.250519 0.252914 0.246246 0.245667 0.242584 0.234604 0.242584 0.222015 0.24411 0.214005 0.247162 0.208282 0.254486 0.204468 0.261505 0.205994 0.271576 0.21286 0.277374 0.223923 0.282257 0.233841 0.286224 0.239944 0.291328 0.247559 0.287578 0.246289 0.278438 0.249219 0.274062 0.253516 0.271576 0.258636 0.270547 0.265332
3 2 0.248688 0.207138 0.246552 0.197601 0.246552 0.186539 0.246552 0.175858 0.248383 0.166702 0.251434 0.156403 0.253876 0.146103 0.258148 0.139236 0.266083 0.133896 0.27066 0.142288 0.264252 0.148392 0.260284 0.156021 0.259064 0.166321 0.257233 0.176239 0.256012 0.185013 0.254791 0.193787 0.254791 0.204468
4 2 0.266083 0.133514 0.272186 0.130081 0.27829 0.122833 0.283478 0.117493 0.288361 0.110626 0.292938 0.104523 0.296906 0.100327 0.301788 0.0953674 0.30484 0.0900269 0.309113 0.0831604 0.314301 0.0770569 0.321625 0.0709534 0.327423 0.0648499 0.332916 0.0549316 0.337799 0.0476837 0.340851 0.0389099 0.343597 0.0305176 0.346954 0.0205994 0.350006 0.0110626 0.353363 0.00228882 0.361298 0.00152588 0.358856 0.0106812 0.35672 0.0190735 0.353668 0.0274658 0.350311 0.0362396 0.346954 0.044632 0.343903 0.0537872 0.33902 0.0598907 0.334137 0.0667572 0.327728 0.0736237 0.322845 0.0804901 0.316132 0.087738 0.309723 0.0946045 0.301788 0.105667 0.2966 0.112915 0.290192 0.1194 0.284088 0.128555 0.27829 0.134659 0.27066 0.143051
1 3 0.386332 0.325521 0.393722 0.32948 0.399001 0.335638 0.405687 0.344876 0.406391 0.354994 0.403575 0.36951 0.396537 0.377868 0.388795 0.381827 0.377182 0.384027 0.369088 0.381387 0.373663 0.372149 0.377886 0.363352 0.380349 0.351475 0.381757 0.340477 0.383868 0.331679
2 3 0.386406 0.325488 0.377534 0.322881 0.368032 0.321122 0.358178 0.319362 0.348677 0.320682 0.340583 0.320682 0.337064 0.3286 0.338823 0.342677 0.343398 0.351475 0.347269 0.362472 0.353956 0.373029 0.360642 0.379628 0.368906 0.38125 0.374367 0.37171 0.378203 0.3625 0.380391 0.352344 0.381406 0.340918 0.383516 0.332324
3 3 0.338823 0.321122 0.330729 0.317603 0.324395 0.312324 0.313133 0.306166 0.304688 0.301767 0.296945 0.296048 0.290259 0.290329 0.285684 0.28681 0.283573 0.296928 0.291667 0.302646 0.298705 0.308365 0.305391 0.314084 0.312782 0.318922 0.318764 0.325081 0.328266 0.331239 0.337416 0.337838 0.33636 0.3286
4 3 0.282924 0.285156 0.267299 0.275391 0.258371 0.26702 0.245536 0.255162 0.231027 0.238421 0.215402 0.22726 0.20353 0.222158 0.190457 0.217489 0.179563 0.212821 0.168358 0.210486 0.154663 0.208541 0.140967 0.207374 0.130073 0.205428 0.11918 0.205039 0.109842 0.201927 0.0998817 0.199592 0.0899216 0.196869 0.0796501 0.195702 0.06969 0.192589 0.056306 0.190644 0.0419883 0.18792 0.0282931 0.186753 0.0173992 0.185197 0.00526021 0.182473 0 0.182086 0.000280129 0.190255 0.00868401 0.191033 0.0217567 0.193756 0.0335844 0.19648 0.0432333 0.198814 0.0547498 0.201538 0.0672 0.203483 0.0771601 0.206206 0.0886765 0.208152 0.100193 0.209708 0.111709 0.212432 0.123226 0.215544 0.137544 0.217878 0.14906 0.218268 0.162444 0.219824 0.17645 0.223325 0.188901 0.226049 0.199795 0.231107 0.210377 0.236943 0.221582 0.243946 0.229986 0.249004 0.23839 0.258731 0.245549 0.26729 0.253019 0.273126 0.262046 0.280519 0.271072 0.2883 0.284145 0.297249 0.286946 0.287522
1 4 0.0550297 0.76802 0.0578809 0.777643 0.0604471 0.787266 0.0630132 0.796533 0.0681455 0.802235 0.0741332 0.807582 0.0835424 0.806512 0.0898152 0.801523 0.0935219 0.792969 0.0958029 0.782633 0.0966406 0.771484 0.0971094 0.764648 0.0965625 0.76416 0.0863937 0.761605 0.0761291 0.761248 0.0667199 0.760179 0.0613025 0.76303
2 4 0.0548438 0.767969 0.0550297 0.756971 0.0555999 0.746992 0.0581661 0.733092 0.0621578 0.723112 0.0667199 0.714202 0.0701414 0.706005 0.0806911 0.706361 0.0849681 0.715628 0.0898152 0.725607 0.093807 0.736656 0.0952327 0.746635 0.0963732 0.755546 0.0971875 0.764355 0.0863937 0.761961 0.0763281 0.761035 0.0664844 0.760059 0.0614062 0.763086
3 4 0.0695712 0.704936 0.0690009 0.69353 0.0681455 0.682125 0.0678604 0.670364 0.0664348 0.658959 0.0655794 0.643277 0.0655794 0.62902 0.0641537 0.61619 0.0724224 0.615477 0.0729927 0.625813 0.073563 0.635436 0.0747035 0.647554 0.0747035 0.658246 0.0764142 0.672859 0.0772696 0.684977 0.0786953 0.694956 0.0806911 0.706005
4 4 0.0635835 0.614764 0.0627281 0.604784 0.0604471 0.59231 0.0610173 0.579479 0.062443 0.568431 0.0644389 0.555243 0.0672901 0.54562 0.0715671 0.533503 0.0741332 0.522454 0.0792655 0.511405 0.0841127 0.500356 0.0895301 0.488595 0.0940922 0.481467 0.10008 0.471844 0.106638 0.46329 0.113766 0.454736 0.119754 0.446895 0.126026 0.436915 0.13401 0.429074 0.141994 0.419451 0.150547 0.409472 0.159386 0.400205 0.167085 0.390226 0.175639 0.381316 0.183622 0.374187 0.190465 0.364921 0.198164 0.358862 0.208428 0.349952 0.215557 0.341041 0.224681 0.332487 0.23352 0.321439 0.242359 0.314311 0.251768 0.306113 0.260322 0.299698 0.267165 0.293639 0.273152 0.302549 0.265739 0.307182 0.257185 0.315023 0.246635 0.322508 0.239792 0.330349 0.232664 0.336764 0.225821 0.344249 0.218408 0.351021 0.211565 0.357793 0.203866 0.365277 0.196168 0.373475 0.188469 0.380959 0.182197 0.388087 0.174783 0.395928 0.16851 0.404126 0.163378 0.409116 0.158816 0.415174 0.151973 0.422659 0.145415 0.429431 0.138572 0.437628 0.131729 0.444757 0.124886 0.453667 0.118613 0.461864 0.113196 0.468992 0.106353 0.476121 0.100365 0.4861 0.0958029 0.496079 0.0912409 0.506415 0.0863937 0.517108 0.0818317 0.526731 0.0772696 0.539205 0.0741332 0.550967 0.0701414 0.562015 0.0690009 0.574846 0.0690009 0.587677 0.0704266 0.599438 0.0712819 0.609418 0.0727076 0.61619
0 5 0.448718 0.911372 0.444712 0.915665 0.447287 0.922104 0.452438 0.923535 0.454728 0.918169 0.453011 0.913161
1 5 0.453297 0.895275 0.457017 0.900641 0.460165 0.906364 0.461023 0.915307 0.461023 0.925681 0.454441 0.932835 0.448718 0.936055 0.439274 0.935339 0.433437 0.933887 0.436699 0.923893 0.439847 0.91495 0.446142 0.905291 0.449863 0.899568
2 5 0.453516 0.895117 0.446715 0.890267 0.441277 0.885259 0.432978 0.87882 0.421532 0.875243 0.410943 0.874886 0.402072 0.875243 0.394918 0.874886 0.386046 0.878105 0.385188 0.885617 0.391484 0.892056 0.399496 0.895275 0.40522 0.899926 0.409512 0.908511 0.414377 0.920315 0.420959 0.930689 0.428114 0.933551 0.433437 0.934082 0.436406 0.923438 0.439844 0.914453 0.445937 0.905273 0.449576 0.899568
3 5 0.418098 0.87417 0.425824 0.869162 0.436126 0.865585 0.446142 0.863081 0.454728 0.859146 0.462168 0.855211 0.474473 0.848772 0.485634 0.848772 0.499943 0.847341 0.500515 0.858431 0.490499 0.860577 0.480483 0.861292 0.47247 0.863439 0.46274 0.867016 0.4553 0.871666 0.444998 0.873097 0.43584 0.873097 0.428114 0.87739
4 5 0.499657 0.847341 0.511676 0.847341 0.521406 0.847341 0.530277 0.848057 0.540293 0.850561 0.55174 0.852707 0.564045 0.854853 0.57492 0.856284 0.585222 0.858788 0.595238 0.862365 0.608974 0.865585 0.619563 0.8663 0.630151 0.8663 0.64217 0.865585 0.656765 0.863796 0.668784 0.864154 0.679945 0.862365 0.690247 0.859504 0.700263 0.859146 0.712283 0.856642 0.723443 0.851992 0.731742 0.847341 0.743761 0.842333 0.752347 0.83661 0.760646 0.832675 0.769517 0.82874 0.778102 0.825163 0.788977 0.819082 0.798993 0.815505 0.806719 0.811928 0.815018 0.807635 0.8216 0.805131 0.83362 0.802985 0.845925 0.802269 0.857658 0.802269 0.868819 0.801554 0.879407 0.801196 0.89114 0.802627 0.90087 0.802627 0.910886 0.803342 0.923191 0.803342 0.934066 0.804773 0.942937 0.806562 0.956387 0.806562 0.967548 0.804416 0.979281 0.803342 0.989297 0.801554 0.998455 0.801554 0.999027 0.810497 0.989297 0.810497 0.982143 0.81157 0.971554 0.812285 0.964114 0.814074 0.952953 0.813716 0.940934 0.815863 0.929487 0.813359 0.918899 0.813001 0.906021 0.810855 0.896864 0.81157 0.885417 0.810497 0.874828 0.809066 0.865098 0.809781 0.856227 0.810497 0.844494 0.813001 0.83133 0.814074 0.819311 0.818009 0.809581 0.822659 0.79842 0.827667 0.788977 0.831602 0.780391 0.836252 0.768945 0.840545 0.75807 0.846268 0.750057 0.849845 0.739183 0.854496 0.727736 0.860219 0.71543 0.86487 0.703984 0.867731 0.691678 0.870593 0.679373 0.872382 0.665923 0.874528 0.654762 0.875959 0.645318 0.878105 0.633871 0.878463 0.623569 0.87739 0.613553 0.877032 0.605254 0.875243 0.595524 0.872739 0.585222 0.86952 0.57492 0.867374 0.564904 0.86487 0.553457 0.862008 0.542869 0.860935 0.533139 0.859861 0.52112 0.858431 0.513107 0.858431 0.499657 0.858073
0 1 0.472734 0.110547 0.471328 0.112305 0.471406 0.114746 0.472266 0.118945 0.474531 0.12207 0.47625 0.122949 0.477812 0.121875 0.478516 0.116211 0.477656 0.112109 0.475781 0.110742 0.473672 0.110059
0 4 0.0667969 0.764941 0.0649219 0.767676 0.0657031 0.774609 0.0678125 0.778906 0.0713281 0.779492 0.0728906 0.775391 0.0721094 0.769434 0.070625 0.766309
