1 1 0.901205 0.938508 0.900758 0.932845 0.902667 0.933212 0.905604 0.93468 0.909128 0.936149 0.9128 0.938352 0.914268 0.940187 0.91603 0.944409 0.916911 0.948998 0.916765 0.953771 0.91559 0.959829 0.914415 0.964234 0.911625 0.969374 0.907513 0.972862 0.902814 0.975065 0.899583 0.976166 0.894737 0.97635 0.891558 0.976562 0.89314 0.974684 0.89567 0.972609 0.8982 0.966579 0.89907 0.960945 0.899861 0.955509 0.900335 0.950073 0.901284 0.943549
2 1 0.895618 0.930642 0.892681 0.928806 0.890184 0.927889 0.887688 0.926604 0.883576 0.925135 0.878436 0.924401 0.873297 0.924401 0.867863 0.926236 0.863311 0.928806 0.860227 0.932845 0.858318 0.938535 0.858318 0.945511 0.860227 0.951201 0.862723 0.95579 0.865367 0.959278 0.868157 0.962766 0.8708 0.965703 0.873003 0.968089 0.875793 0.970292 0.87873 0.97176 0.883282 0.972862 0.891641 0.97627 0.893203 0.974609 0.895703 0.972461 0.897813 0.967187 0.898984 0.961816 0.9 0.95625 0.900391 0.949902 0.901328 0.943848 0.901172 0.938574 0.900469 0.93291
3 1 0.862283 0.92899 0.860814 0.928806 0.852737 0.927154 0.844807 0.925502 0.834821 0.923483 0.826451 0.921831 0.82043 0.920179 0.815143 0.918894 0.810297 0.917425 0.808241 0.928439 0.814409 0.930642 0.82043 0.932294 0.827479 0.933946 0.835409 0.935048 0.842751 0.936516 0.850388 0.938352 0.858318 0.941289 0.858318 0.937067 0.860374 0.932111
4 1 0.808309 0.928752 0.810343 0.917053 0.803223 0.91451 0.797933 0.913493 0.790202 0.911967 0.781453 0.909424 0.772298 0.907135 0.761719 0.904592 0.750732 0.903066 0.739339 0.902049 0.728556 0.902303 0.716146 0.905101 0.702108 0.911204 0.692342 0.917562 0.682576 0.925191 0.673828 0.932566 0.663249 0.942993 0.655518 0.952148 0.647176 0.96283 0.638835 0.974274 0.6309 0.985718 0.623372 0.998942 0.635376 0.998942 0.640259 0.989532 0.643311 0.984192 0.64738 0.978597 0.655924 0.968679 0.662231 0.961049 0.670369 0.952403 0.679932 0.942739 0.689901 0.933329 0.698649 0.926208 0.709229 0.920105 0.719604 0.915273 0.731608 0.912476 0.742594 0.911713 0.75236 0.91273 0.761312 0.91451 0.777995 0.918579 0.794067 0.922902 0.805054 0.926463
1 2 0.308259 0.63364 0.313068 0.63619 0.31715 0.639105 0.321231 0.642749 0.324583 0.646575 0.326332 0.650219 0.32779 0.654228 0.328519 0.658418 0.328519 0.664248 0.327352 0.66935 0.32502 0.676091 0.32196 0.680281 0.319044 0.682832 0.314672 0.684472 0.310591 0.685565 0.304615 0.685747 0.298493 0.684108 0.295578 0.683014 0.290476 0.680828 0.294849 0.679553 0.298347 0.677731 0.301554 0.674633 0.302866 0.671718 0.30476 0.667892 0.306947 0.662973 0.309279 0.655139 0.309279 0.652224 0.309133 0.646758 0.308404 0.64111 0.308259 0.636919 0.308259 0.635644
2 2 0.308438 0.633691 0.303449 0.630907 0.298201 0.629085 0.294995 0.628356 0.290914 0.627992 0.286832 0.628538 0.282023 0.630178 0.278087 0.632 0.276484 0.63364 0.274006 0.639105 0.272403 0.64366 0.271528 0.649673 0.271528 0.654592 0.271965 0.659876 0.274006 0.665706 0.277358 0.672083 0.281585 0.676455 0.288436 0.680099 0.290547 0.680762 0.293829 0.679917 0.297473 0.678095 0.301094 0.675 0.304063 0.66875 0.306947 0.66188 0.309133 0.655685 0.309716 0.651859 0.308842 0.644389 0.308113 0.639834
3 2 0.279982 0.629996 0.277067 0.629267 0.271091 0.626534 0.264386 0.622526 0.256953 0.617242 0.248353 0.610865 0.240628 0.604489 0.23436 0.599569 0.227073 0.593739 0.220659 0.603395 0.225907 0.60795 0.2313 0.612687 0.236547 0.617424 0.243106 0.622161 0.250394 0.627263 0.258847 0.632546 0.265698 0.637101 0.272694 0.643114 0.274443 0.638012 0.276921 0.632911
4 2 0.220439 0.603067 0.227196 0.593037 0.219806 0.585911 0.213682 0.580368 0.204603 0.572978 0.194468 0.565324 0.181377 0.55635 0.16913 0.548168 0.159206 0.541834 0.142736 0.531804 0.130701 0.524942 0.115709 0.517024 0.104096 0.511217 0.0872044 0.502243 0.0717905 0.492742 0.0527872 0.479545 0.0388514 0.468988 0.0287162 0.460542 0.0192145 0.452624 0.00929054 0.443122 0.000211149 0.434676 0 0.451568 0.00886824 0.457638 0.015625 0.463973 0.0217483 0.469251 0.0299831 0.47585 0.0403294 0.485088 0.0494088 0.492742 0.0586993 0.499868 0.0669341 0.505411 0.078125 0.511745 0.0903716 0.517288 0.103885 0.523094 0.115709 0.528637 0.125422 0.533652 0.135769 0.539986 0.145481 0.545793 0.156461 0.551863 0.168919 0.559254 0.177576 0.566116 0.187711 0.573506 0.197002 0.581688 0.208615 0.590926 0.217272 0.597788
1 3 0.198158 0.620913 0.200325 0.617188 0.202493 0.614026 0.20457 0.611656 0.206196 0.610414 0.209086 0.609623 0.210983 0.609285 0.214053 0.609059 0.216131 0.609285 0.218389 0.609849 0.220285 0.610414 0.22146 0.611091 0.223085 0.612446 0.224892 0.614817 0.226608 0.617978 0.227782 0.622945 0.228324 0.626445 0.228504 0.631525 0.226246 0.631751 0.216492 0.634799 0.215047 0.635477 0.211796 0.635816 0.207551 0.634122 0.205925 0.63209 0.204299 0.629832 0.203035 0.627461 0.200596 0.624865 0.198699 0.623171
2 3 0.197977 0.6208 0.195177 0.625429 0.192377 0.631187 0.189126 0.637396 0.186236 0.644396 0.185061 0.64767 0.184339 0.651621 0.183707 0.65704 0.183707 0.660879 0.183526 0.666411 0.183616 0.670814 0.18461 0.676007 0.186145 0.680297 0.188042 0.684136 0.190119 0.687184 0.192467 0.690345 0.1959 0.693055 0.199241 0.694296 0.203486 0.694635 0.207189 0.694184 0.211615 0.692377 0.214686 0.690345 0.218027 0.687523 0.22164 0.68312 0.224621 0.678604 0.226517 0.674652 0.228143 0.669459 0.229678 0.66325 0.230311 0.658508 0.230762 0.652073 0.230762 0.649363 0.230491 0.644057 0.229859 0.639202 0.228504 0.6313 0.226337 0.631525 0.21604 0.634912 0.211525 0.635816 0.207822 0.634122 0.206286 0.632429 0.204389 0.629945 0.203215 0.627122 0.201048 0.624413 0.199241 0.622945
3 3 0.192508 0.690271 0.192508 0.694027 0.19184 0.700287 0.191061 0.708495 0.189948 0.71712 0.188724 0.726579 0.187723 0.734509 0.186387 0.741742 0.182492 0.758436 0.190505 0.76094 0.195068 0.744525 0.196403 0.734369 0.19785 0.725745 0.199631 0.716981 0.201189 0.70919 0.202301 0.703348 0.203637 0.695001 0.199742 0.694444 0.196626 0.692914
4 3 0.182686 0.758502 0.190564 0.760964 0.189032 0.768076 0.186843 0.776829 0.182904 0.790507 0.178965 0.805278 0.174589 0.820871 0.16868 0.838378 0.162771 0.854517 0.152705 0.872024 0.140012 0.889257 0.128195 0.903482 0.116159 0.914697 0.104342 0.922904 0.0855217 0.933025 0.0706408 0.936034 0.0612307 0.936307 0.0485382 0.935487 0.0347514 0.933025 0.0196516 0.929195 0.0100228 0.925092 0 0.918283 0.000393908 0.907585 0.0115546 0.913603 0.0187763 0.916886 0.0275298 0.919347 0.0354079 0.921536 0.0413165 0.922904 0.0470063 0.923724 0.0544468 0.923998 0.0623249 0.923724 0.0715161 0.922356 0.0796131 0.920715 0.0901173 0.917433 0.0982143 0.913603 0.109594 0.905944 0.116815 0.899652 0.124037 0.89254 0.131915 0.883513 0.138918 0.875033 0.146359 0.864364 0.152048 0.855064 0.156863 0.845763 0.159708 0.836736 0.161896 0.82935 0.164741 0.820871 0.167148 0.814305 0.169555 0.806099 0.174151 0.794063 0.176777 0.783942 0.179184 0.774094
1 4 0.540879 0.0892789 0.540444 0.0843906 0.540357 0.0812404 0.540705 0.0772212 0.541835 0.0713553 0.543051 0.0671188 0.544789 0.062991 0.546701 0.0595149 0.549569 0.0558216 0.552263 0.0534318 0.555478 0.0520196 0.55852 0.0511506 0.560519 0.0508247 0.563126 0.0508247 0.565733 0.0511506 0.569122 0.0524541 0.571816 0.0546267 0.574771 0.0582114 0.576596 0.0623392 0.577725 0.0673361 0.578247 0.0715726 0.578334 0.0783075 0.57816 0.0835216 0.576094 0.0827148 0.574297 0.0810547 0.570781 0.0803711 0.566875 0.0799805 0.563359 0.0798828 0.559844 0.0804688 0.556328 0.0823242 0.552422 0.0829102 0.548906 0.0845703 0.544453 0.0866211
2 4 0.540618 0.0894961 0.540966 0.0934067 0.541313 0.0971001 0.541922 0.103292 0.542791 0.107311 0.544442 0.111656 0.54757 0.117413 0.550786 0.12165 0.554696 0.125561 0.559215 0.128276 0.563647 0.128819 0.566428 0.12795 0.568687 0.125235 0.571468 0.120021 0.573728 0.115241 0.575205 0.11133 0.576943 0.104595 0.577899 0.0985122 0.578594 0.092755 0.57816 0.088084 0.577969 0.0837891 0.575547 0.0816406 0.572578 0.0807617 0.569766 0.0800781 0.565391 0.0797852 0.561328 0.0798828 0.557891 0.0818359 0.554766 0.0825195 0.552187 0.0832031 0.548359 0.0847656 0.544453 0.0863281
3 4 0.559229 0.127884 0.55934 0.128713 0.560334 0.13258 0.560997 0.137001 0.561771 0.142664 0.562102 0.147913 0.562323 0.152885 0.562544 0.156338 0.562544 0.160344 0.562544 0.163935 0.562544 0.167112 0.562434 0.17098 0.561992 0.178024 0.57039 0.178853 0.57039 0.169461 0.5705 0.163659 0.5705 0.156891 0.570279 0.150537 0.57039 0.143216 0.570279 0.138244 0.569948 0.134376 0.568843 0.124707 0.566633 0.12816 0.563539 0.128851
4 4 0.561573 0.177738 0.57052 0.178937 0.570201 0.185926 0.569881 0.193116 0.569562 0.200305 0.568763 0.208693 0.568124 0.21728 0.567485 0.226267 0.566846 0.233057 0.564928 0.242044 0.562532 0.25163 0.559496 0.262014 0.555822 0.272199 0.549591 0.28558 0.543999 0.296963 0.539845 0.306948 0.53697 0.316933 0.535372 0.325121 0.533934 0.334308 0.533 0.351789 0.533 0.362723 0.532095 0.377051 0.531793 0.393641 0.53119 0.407969 0.531491 0.421543 0.533301 0.435494 0.535111 0.451707 0.537222 0.467166 0.540541 0.484888 0.543255 0.497708 0.54778 0.51279 0.5514 0.52674 0.554718 0.53956 0.557131 0.549741 0.560147 0.559921 0.562259 0.56897 0.564672 0.576511 0.567085 0.583298 0.57161 0.595364 0.575833 0.60479 0.580056 0.617233 0.584278 0.624397 0.59001 0.632692 0.596042 0.643249 0.600567 0.652676 0.603885 0.664364 0.604488 0.67643 0.600567 0.690758 0.595439 0.704332 0.588803 0.719414 0.582167 0.731102 0.575531 0.739397 0.563465 0.748447 0.567085 0.737889 0.576436 0.721676 0.580357 0.713758 0.584882 0.7032 0.589708 0.692266 0.592423 0.683217 0.593629 0.670774 0.593328 0.663233 0.592121 0.656823 0.588803 0.65079 0.58458 0.644003 0.58096 0.637216 0.577039 0.629298 0.573118 0.621757 0.570101 0.61497 0.567085 0.607429 0.563767 0.599888 0.560449 0.592347 0.556829 0.583298 0.554114 0.575757 0.5514 0.566331 0.548082 0.55615 0.545367 0.547478 0.543557 0.539937 0.542049 0.529757 0.539636 0.518445 0.535714 0.502609 0.534508 0.496199 0.532095 0.486773 0.52938 0.47433 0.527268 0.463773 0.526062 0.455855 0.524855 0.445297 0.524252 0.435117 0.523347 0.42456 0.523045 0.414756 0.523045 0.401937 0.523045 0.389494 0.523347 0.376297 0.524252 0.362346 0.524554 0.348772 0.525157 0.336707 0.526062 0.325772 0.527268 0.316346 0.530285 0.305411 0.533301 0.295985 0.538127 0.286936 0.54235 0.277887 0.546573 0.269215 0.54959 0.262051 0.552606 0.251493 0.554718 0.241313 0.556829 0.22887 0.558337 0.216427 0.559544 0.203608 0.56075 0.19305
1 5 0.872204 0.793926 0.87297 0.798713 0.874119 0.8035 0.876225 0.809484 0.878906 0.812835 0.882544 0.816665 0.88714 0.819776 0.893267 0.821931 0.897863 0.821452 0.902459 0.818101 0.905522 0.815229 0.908778 0.809484 0.911075 0.801585 0.911841 0.792969 0.911841 0.785788 0.911841 0.782677 0.910884 0.779565 0.906863 0.778847 0.904756 0.780044 0.899203 0.782198 0.893267 0.789139 0.889055 0.791772 0.883502 0.793447 0.877183 0.794166
2 5 0.910884 0.779086 0.910118 0.773102 0.908778 0.766401 0.907054 0.760895 0.905139 0.756108 0.902459 0.750364 0.897863 0.742705 0.89365 0.738875 0.89097 0.738396 0.886566 0.737678 0.882161 0.737678 0.877949 0.740072 0.875268 0.745098 0.87297 0.750364 0.870672 0.757544 0.87029 0.76281 0.87029 0.770948 0.870672 0.777889 0.871247 0.784113 0.871821 0.78866 0.872204 0.793208 0.8768 0.793208 0.882161 0.793208 0.890204 0.791293 0.893267 0.789378 0.899778 0.781719 0.903991 0.780044 0.906863 0.778847
3 5 0.877757 0.740311 0.879481 0.731455 0.880438 0.723556 0.880055 0.713503 0.878906 0.704169 0.87814 0.696031 0.876034 0.684542 0.874694 0.668744 0.88197 0.665633 0.884651 0.679036 0.886183 0.687414 0.888289 0.696031 0.889821 0.705605 0.890587 0.715658 0.890204 0.725232 0.888672 0.737917 0.884651 0.737917 0.882544 0.737917
4 5 0.874502 0.668266 0.882544 0.665393 0.882544 0.663957 0.882544 0.654862 0.88331 0.646484 0.883885 0.640022 0.885417 0.629251 0.885991 0.620634 0.886183 0.61106 0.886183 0.602683 0.886769 0.596705 0.886769 0.582754 0.888291 0.57134 0.890828 0.554218 0.89235 0.54534 0.894379 0.533926 0.896916 0.517439 0.899452 0.506024 0.901481 0.495878 0.904525 0.485098 0.907569 0.471147 0.910613 0.457196 0.915686 0.440709 0.919744 0.429928 0.927861 0.404563 0.934456 0.38871 0.942066 0.372223 0.948661 0.357003 0.954748 0.343052 0.961343 0.329102 0.967938 0.317053 0.973519 0.308809 0.979099 0.302468 0.984679 0.295493 0.992796 0.285346 0.998884 0.278371 0.998884 0.267591 0.991274 0.272664 0.985187 0.279639 0.980621 0.285346 0.974026 0.294224 0.964894 0.306273 0.957792 0.316419 0.951705 0.326565 0.948153 0.334809 0.943588 0.345589 0.939022 0.357637 0.930398 0.374759 0.926847 0.381734 0.922788 0.390612 0.91873 0.401393 0.914671 0.412173 0.91112 0.424221 0.907062 0.436904 0.903511 0.450221 0.900467 0.462903 0.897423 0.47622 0.893872 0.490171 0.890625 0.505251 0.888576 0.514857 0.887039 0.523822 0.885246 0.535669 0.883709 0.545274 0.881916 0.55552 0.880379 0.566406 0.879098 0.577293 0.878586 0.588179 0.877818 0.603548 0.877049 0.613794 0.876537 0.622759 0.876025 0.631724 0.875512 0.636527 0.875256 0.64293 0.874488 0.654457
