1 1 0.162148 0.793861 0.154387 0.794185 0.144816 0.798388 0.13971 0.805271 0.139125 0.813587 0.140677 0.821994 0.142488 0.827491 0.145333 0.832018 0.148955 0.837839 0.155422 0.841073 0.162407 0.843336 0.163959 0.835252 0.166805 0.827168 0.168615 0.813263 0.167581 0.803886 0.166731 0.793942
2 1 0.166899 0.793732 0.174048 0.794185 0.181809 0.798388 0.188535 0.802269 0.195519 0.807119 0.204056 0.81197 0.210524 0.814557 0.216215 0.81876 0.216991 0.827491 0.210782 0.833312 0.205091 0.836869 0.198624 0.840749 0.18957 0.843013 0.179739 0.845276 0.171202 0.84463 0.162578 0.843555 0.164046 0.835165 0.166647 0.827089 0.168493 0.812928 0.167318 0.803592
3 1 0.216732 0.819407 0.2232 0.822317 0.229925 0.824904 0.234065 0.826844 0.242084 0.830401 0.249845 0.832665 0.256571 0.836545 0.264332 0.840749 0.271575 0.845923 0.277007 0.850773 0.28244 0.855947 0.289425 0.862091 0.28632 0.868559 0.278818 0.863385 0.272092 0.857241 0.267695 0.853037 0.261227 0.850127 0.253984 0.8456 0.244671 0.842366 0.234582 0.840102 0.226562 0.839456 0.217508 0.837839 0.210524 0.834605 0.21725 0.828138
4 1 0.28688 0.868853 0.292624 0.879265 0.297507 0.886446 0.303539 0.892908 0.311006 0.900448 0.3179 0.908347 0.324506 0.917322 0.331687 0.92558 0.336857 0.931325 0.345473 0.937787 0.353228 0.946045 0.360983 0.952148 0.372472 0.955739 0.380802 0.958611 0.390568 0.962201 0.400908 0.966151 0.412684 0.970818 0.422737 0.974767 0.43279 0.977999 0.44514 0.980512 0.457778 0.983743 0.467256 0.983384 0.475873 0.981589 0.483341 0.977999 0.492532 0.976562 0.492245 0.966869 0.480756 0.969382 0.473001 0.972254 0.464671 0.97369 0.457204 0.97369 0.446864 0.972972 0.435949 0.969741 0.425034 0.966151 0.415556 0.962201 0.404929 0.957893 0.394301 0.954303 0.384249 0.949635 0.371898 0.945327 0.361558 0.939582 0.353516 0.932402 0.344612 0.924503 0.336569 0.916245 0.327091 0.907988 0.318761 0.897576 0.310145 0.888241 0.301815 0.876393 0.293773 0.868135 0.288603 0.861314
1 2 0.419722 0.614389 0.421362 0.606443 0.425463 0.599522 0.431 0.594652 0.439407 0.592602 0.449455 0.592602 0.454991 0.595677 0.460117 0.601829 0.463808 0.609519 0.463603 0.619259 0.461562 0.625586 0.454171 0.624129 0.446789 0.62336 0.437767 0.620796 0.43059 0.617464 0.423823 0.616183
2 2 0.419517 0.614389 0.419722 0.620796 0.419722 0.627717 0.419722 0.633612 0.420132 0.640789 0.419927 0.648479 0.419927 0.656168 0.420747 0.663089 0.425258 0.667702 0.430795 0.669753 0.435716 0.666421 0.440227 0.662576 0.445559 0.657193 0.450685 0.652323 0.454581 0.647197 0.458272 0.641045 0.460732 0.631818 0.461758 0.625666 0.454991 0.624385 0.447109 0.623633 0.437578 0.62041 0.430078 0.617578 0.423823 0.616439
3 2 0.422183 0.664883 0.422183 0.672316 0.420952 0.679749 0.420747 0.68667 0.420542 0.695897 0.421157 0.705893 0.422593 0.713839 0.423208 0.725373 0.425053 0.734088 0.43305 0.733063 0.43264 0.726142 0.432025 0.719734 0.430385 0.71102 0.42977 0.701792 0.429154 0.694359 0.428949 0.687695 0.429154 0.679749 0.43018 0.669753 0.425463 0.666933
4 2 0.424848 0.734088 0.426489 0.741265 0.428334 0.748185 0.43059 0.755106 0.433666 0.761257 0.436126 0.767665 0.439612 0.774586 0.445559 0.780481 0.451095 0.785864 0.456836 0.790477 0.463603 0.796373 0.470985 0.799705 0.477137 0.801755 0.484929 0.804318 0.495386 0.807907 0.505024 0.808676 0.515687 0.808932 0.525734 0.807651 0.533321 0.807651 0.540908 0.805344 0.54911 0.804062 0.558542 0.803037 0.565514 0.800986 0.572896 0.799192 0.579253 0.797142 0.585609 0.795091 0.592581 0.791246 0.597913 0.788683 0.60632 0.787145 0.613702 0.789196 0.620878 0.79099 0.62826 0.794835 0.633387 0.801755 0.635847 0.805856 0.636462 0.810726 0.633182 0.814315 0.62785 0.808932 0.622929 0.802012 0.618623 0.797142 0.612266 0.795347 0.60919 0.796116 0.60673 0.802012 0.612266 0.806625 0.617598 0.809957 0.621904 0.814571 0.62621 0.819185 0.630106 0.824824 0.638103 0.823029 0.641589 0.816109 0.642204 0.806882 0.640153 0.797911 0.635847 0.790477 0.629081 0.785864 0.620878 0.783301 0.614727 0.781763 0.60673 0.779968 0.596887 0.780737 0.590941 0.783044 0.584584 0.786633 0.577407 0.789196 0.56982 0.791759 0.562849 0.794066 0.555467 0.796373 0.54747 0.796885 0.540908 0.798679 0.532911 0.799448 0.524914 0.800986 0.515481 0.801499 0.507279 0.801499 0.497232 0.799961 0.490465 0.797398 0.483083 0.79586 0.477342 0.793553 0.47078 0.790221 0.463193 0.784582 0.456221 0.778943 0.45089 0.772279 0.444533 0.764077 0.439407 0.754593 0.437767 0.746904 0.435511 0.738702 0.433666 0.733063
0 3 0.318632 0.495884 0.31568 0.499574 0.316361 0.504968 0.317951 0.506955 0.320903 0.510646 0.326354 0.513768 0.330896 0.518878 0.335892 0.522001 0.33998 0.523988 0.341343 0.518878 0.339299 0.514336 0.332485 0.508658 0.329533 0.503549 0.326126 0.499574 0.322947 0.495316
1 3 0.312954 0.490774 0.308639 0.495884 0.305914 0.504116 0.305687 0.51093 0.307504 0.519446 0.309548 0.526543 0.312046 0.533073 0.317269 0.537615 0.324991 0.540454 0.332031 0.53875 0.338617 0.534776 0.342932 0.531937 0.346112 0.527679 0.3502 0.523137 0.346112 0.51973 0.341343 0.514052 0.335892 0.508658 0.331123 0.502981 0.327035 0.497587 0.321357 0.490774 0.317496 0.486515
2 3 0.317496 0.485664 0.320903 0.480838 0.324991 0.477715 0.329079 0.474308 0.336119 0.471186 0.342705 0.470334 0.3502 0.472605 0.356786 0.477147 0.359284 0.483961 0.360193 0.492761 0.358603 0.501845 0.358376 0.508942 0.35565 0.516323 0.350703 0.522949 0.345781 0.519531 0.341797 0.513768 0.336016 0.508789 0.33135 0.502981 0.327716 0.498439 0.321563 0.491504
3 3 0.353606 0.474876 0.357922 0.469199 0.362237 0.464373 0.366097 0.45983 0.37064 0.454437 0.375636 0.449611 0.378815 0.445068 0.384266 0.440526 0.389035 0.435984 0.395621 0.429739 0.400164 0.436552 0.395394 0.441378 0.388354 0.447339 0.384039 0.452733 0.378815 0.457843 0.372229 0.465508 0.367233 0.471753 0.362009 0.478283 0.359284 0.481122 0.357467 0.476863
4 3 0.396303 0.429171 0.401753 0.423777 0.406295 0.418383 0.4122 0.412706 0.418559 0.40646 0.425145 0.40135 0.433548 0.395389 0.441043 0.388859 0.448765 0.383182 0.456032 0.377788 0.463299 0.371542 0.472384 0.366432 0.481468 0.362174 0.490552 0.356496 0.502135 0.35167 0.510765 0.348264 0.519622 0.344573 0.527798 0.340599 0.536428 0.336341 0.542787 0.333218 0.551871 0.32896 0.56141 0.325269 0.568904 0.32243 0.576853 0.319308 0.587754 0.315049 0.600245 0.309939 0.607059 0.307384 0.615916 0.304546 0.624546 0.302274 0.633176 0.29972 0.642033 0.297165 0.649755 0.295177 0.662246 0.290351 0.672011 0.287512 0.680187 0.285241 0.689271 0.280983 0.699945 0.275589 0.708121 0.269344 0.714026 0.265937 0.721975 0.261963 0.725836 0.259124 0.726517 0.268776 0.718795 0.274454 0.711074 0.278428 0.701535 0.284106 0.692905 0.288648 0.683594 0.292906 0.674737 0.296597 0.662927 0.300287 0.652253 0.303978 0.64067 0.307384 0.629996 0.310507 0.619322 0.313914 0.610238 0.316469 0.603198 0.318456 0.592751 0.320727 0.583212 0.324985 0.574128 0.32896 0.565498 0.332082 0.555278 0.336908 0.543241 0.340599 0.534384 0.346277 0.526208 0.350535 0.517578 0.354509 0.508267 0.359051 0.498728 0.363594 0.488054 0.369555 0.478516 0.374381 0.469204 0.379491 0.46171 0.384885 0.454215 0.390279 0.445812 0.397376 0.437409 0.403621 0.428779 0.410151 0.420603 0.417248 0.414698 0.422925 0.406977 0.430022 0.400391 0.435984
0 4 0.339248 0.302955 0.343489 0.303974 0.346262 0.301324 0.343978 0.296634 0.340547 0.295215 0.337128 0.296023 0.336476 0.298673 0.339248 0.302955 0.329506 0.308115 0.333421 0.307299 0.338881 0.319566 0.337087 0.32242 0.337903 0.325275 0.341165 0.326906 0.345405 0.324663 0.345242 0.320585 0.347656 0.316699 0.34875 0.316309 0.349609 0.314844 0.350078 0.312012 0.349375 0.309082 0.347969 0.307227 0.346094 0.307715 0.344453 0.309375 0.344687 0.311816 0.345391 0.314453 0.346016 0.315723 0.347656 0.316699 0.345242 0.320585 0.341328 0.318139 0.338881 0.319566 0.333421 0.307299 0.337009 0.309542 0.337824 0.314843 0.335378 0.316881 0.331463 0.316678 0.328365 0.313823 0.329506 0.308115
1 4 0.333594 0.288965 0.329626 0.291741 0.325874 0.2948 0.32196 0.299081 0.319513 0.304993 0.319513 0.311925 0.320818 0.317837 0.322775 0.321915 0.326364 0.325992 0.33142 0.329254 0.336965 0.332516 0.342184 0.333536 0.347109 0.333984 0.34773 0.325585 0.349034 0.317022 0.349361 0.308459 0.349361 0.303566 0.348871 0.298062 0.346751 0.294392 0.343163 0.290722 0.339609 0.28623
2 4 0.339609 0.285938 0.346262 0.282975 0.35197 0.282159 0.358331 0.281955 0.36404 0.283994 0.370237 0.286237 0.376435 0.288072 0.381981 0.29113 0.386874 0.295411 0.388342 0.300916 0.388178 0.305809 0.387037 0.31009 0.384264 0.314779 0.381165 0.318653 0.378066 0.321303 0.373663 0.324158 0.370727 0.327012 0.365018 0.33007 0.360615 0.332313 0.355395 0.332924 0.347266 0.333789 0.34773 0.325177 0.349198 0.317226 0.349198 0.308255 0.349361 0.30377 0.349034 0.298062 0.347077 0.294188 0.343516 0.291406
3 4 0.387852 0.295411 0.392908 0.295207 0.398617 0.294596 0.404162 0.294596 0.410686 0.294392 0.41509 0.294188 0.41982 0.293576 0.427486 0.293576 0.432542 0.293984 0.437272 0.293984 0.442002 0.294188 0.448852 0.293169 0.449178 0.300508 0.443306 0.300916 0.437761 0.301324 0.43401 0.301324 0.427812 0.301731 0.42194 0.302343 0.417373 0.30377 0.412807 0.304178 0.406772 0.305401 0.401879 0.304993 0.395518 0.305197 0.388178 0.305809 0.388342 0.301324
4 4 0.714844 0.426432 0.709418 0.43023 0.700087 0.422092 0.695964 0.416124 0.690972 0.409885 0.685764 0.403646 0.680556 0.397135 0.674045 0.388997 0.669054 0.382216 0.66276 0.375705 0.657118 0.371094 0.649306 0.364312 0.642795 0.359158 0.634766 0.352648 0.627387 0.34668 0.618707 0.339355 0.611762 0.334744 0.605903 0.330675 0.599175 0.324978 0.594184 0.319824 0.587674 0.31467 0.578559 0.310059 0.570747 0.305718 0.5625 0.302192 0.55447 0.298123 0.543186 0.294868 0.533637 0.292969 0.522352 0.291341 0.512587 0.290527 0.503689 0.291341 0.495009 0.292969 0.487847 0.294596 0.480035 0.295139 0.470269 0.297309 0.462023 0.299208 0.453993 0.300564 0.449002 0.301107 0.448526 0.292557 0.454723 0.291741 0.462226 0.290518 0.466956 0.289703 0.474295 0.288072 0.480656 0.286848 0.48718 0.286033 0.493052 0.28481 0.499413 0.283179 0.506915 0.282363 0.513276 0.282363 0.52029 0.283586 0.525998 0.284198 0.532522 0.285421 0.539535 0.286237 0.549811 0.287868 0.556987 0.290926 0.565632 0.294188 0.573787 0.299896 0.5808 0.303362 0.588629 0.30744 0.596294 0.312129 0.604939 0.317022 0.611952 0.321915 0.617171 0.327216 0.623206 0.331089 0.630545 0.336798 0.637069 0.341895 0.643267 0.347399 0.651748 0.354535 0.658599 0.360244 0.663002 0.365137 0.668711 0.369826 0.673767 0.37533 0.678008 0.380835 0.682248 0.385524 0.686652 0.391233 0.691382 0.396533 0.696601 0.404484 0.699863 0.410805 0.703614 0.416309 0.710069 0.422363 0.714844 0.426432 0.715402 0.426618 0.709232 0.429217 0.718123 0.439785 0.728472 0.4427 0.74538 0.44689 0.771324 0.456364 0.78751 0.464338 0.806305 0.477317 0.825982 0.492439 0.837789 0.499909 0.848541 0.504966 0.857028 0.508654 0.873936 0.518675 0.903348 0.531808 0.883482 0.517857 0.853571 0.499721 0.840476 0.493379 0.8125 0.473493 0.799554 0.46317 0.786607 0.454799 0.771429 0.44894 0.749777 0.441964 0.732812 0.436942 0.721875 0.434431 0.715402 0.426618
0 5 0.290759 0.309829 0.288391 0.31338 0.287918 0.319003 0.291232 0.32137 0.296441 0.320778 0.297624 0.314564 0.295967 0.310421
1 5 0.278463 0.324219 0.283854 0.327698 0.289062 0.331545 0.294981 0.333025 0.30232 0.332433 0.307528 0.330065 0.31321 0.32533 0.315578 0.319412 0.316216 0.313239 0.316554 0.303737 0.316051 0.296034 0.314157 0.289523 0.310369 0.284196 0.306581 0.281533 0.301267 0.277449 0.295455 0.288339 0.29214 0.297809 0.288352 0.305503 0.284328 0.311422 0.281723 0.31734
2 5 0.278547 0.32443 0.274858 0.32049 0.27178 0.315755 0.267519 0.306581 0.263968 0.297408 0.2616 0.287938 0.26089 0.27758 0.264915 0.271958 0.272254 0.270478 0.284091 0.270478 0.294744 0.273142 0.301356 0.277111 0.295606 0.288976 0.292412 0.297646 0.28826 0.305954 0.284328 0.311908 0.28196 0.316939
3 5 0.259706 0.279356 0.252131 0.276693 0.244318 0.272846 0.237216 0.270182 0.231061 0.266039 0.223485 0.262192 0.216146 0.259233 0.208333 0.255386 0.211884 0.24858 0.22017 0.252723 0.22822 0.257161 0.236032 0.261009 0.242898 0.263968 0.251657 0.267815 0.258996 0.26959 0.266098 0.271366
4 5 0.212121 0.248284 0.203598 0.244141 0.196023 0.239998 0.185843 0.237926 0.175189 0.234079 0.160275 0.231416 0.150568 0.229048 0.142756 0.228456 0.132812 0.227569 0.121212 0.226681 0.114347 0.226977 0.103693 0.226977 0.0904356 0.22964 0.0816761 0.232599 0.0745739 0.234671 0.063447 0.237334 0.055161 0.240885 0.0473485 0.243549 0.0378788 0.246804 0.0286458 0.250059 0.0198864 0.25361 0.0113636 0.25657 0.00426136 0.258049 0.00591856 0.267519 0.0139678 0.264856 0.0224905 0.262192 0.0307765 0.259233 0.0392992 0.256274 0.046875 0.25361 0.0568182 0.250059 0.0693655 0.245916 0.0793087 0.242365 0.0880682 0.240294 0.0987216 0.236742 0.107955 0.235263 0.119792 0.236446 0.131155 0.23763 0.142282 0.239998 0.153409 0.241181 0.163826 0.243845 0.172822 0.245916 0.183949 0.248875 0.193182 0.251835 0.201468 0.25361 0.20786 0.255978
