1 1 0.623047 0.755176 0.628125 0.758929 0.632589 0.764788 0.636607 0.773158 0.636384 0.781529 0.634821 0.789621 0.63058 0.794922 0.626563 0.79827 0.620313 0.800223 0.6125 0.799944 0.60625 0.796317 0.612277 0.786272 0.615848 0.778739 0.61808 0.7726 0.620313 0.765067
2 1 0.606328 0.796191 0.599777 0.792411 0.594196 0.788225 0.589063 0.782924 0.583482 0.778181 0.579018 0.770089 0.575223 0.760603 0.573438 0.749721 0.575446 0.740792 0.581696 0.736049 0.589732 0.734096 0.597991 0.73577 0.60692 0.740792 0.614955 0.746094 0.622891 0.755078 0.620089 0.765625 0.61808 0.773158 0.616071 0.778181 0.612031 0.786426
3 1 0.573661 0.746931 0.567857 0.742746 0.563839 0.737723 0.558259 0.730469 0.552232 0.724609 0.546429 0.718192 0.540402 0.712891 0.533705 0.706194 0.527679 0.70173 0.532813 0.694475 0.539286 0.700335 0.54442 0.705636 0.551116 0.711496 0.556473 0.717355 0.56183 0.722377 0.568527 0.728237 0.573214 0.73298 0.578125 0.738281 0.575446 0.740234
4 1 0.528348 0.702009 0.522098 0.697545 0.516295 0.692522 0.509821 0.688616 0.503125 0.683315 0.497321 0.678292 0.490625 0.674386 0.485045 0.670201 0.479241 0.665458 0.472768 0.661551 0.465402 0.65625 0.458036 0.653181 0.451562 0.649554 0.44308 0.645089 0.434375 0.640346 0.425893 0.634487 0.414732 0.628627 0.405804 0.62221 0.398438 0.617188 0.389732 0.611607 0.38125 0.606306 0.373214 0.603237 0.363393 0.59654 0.354911 0.591518 0.347321 0.586775 0.339955 0.583984 0.331473 0.578962 0.323884 0.573661 0.314732 0.567243 0.30625 0.55971 0.297991 0.555525 0.28817 0.549107 0.279018 0.541574 0.271205 0.534598 0.261384 0.528181 0.252455 0.522879 0.244866 0.518415 0.236161 0.51423 0.228348 0.510324 0.21942 0.506138 0.212946 0.501674 0.204464 0.495815 0.195759 0.492467 0.187723 0.489397 0.179018 0.48577 0.171652 0.482422 0.164732 0.478516 0.167634 0.469029 0.179241 0.475446 0.188616 0.480469 0.198884 0.485212 0.208482 0.489397 0.216295 0.493862 0.225446 0.5 0.236161 0.50558 0.247098 0.511161 0.257589 0.516741 0.267188 0.5226 0.277009 0.529576 0.289062 0.539062 0.296875 0.544364 0.306473 0.551618 0.316295 0.558594 0.324107 0.56529 0.332813 0.570033 0.341518 0.57394 0.350223 0.578962 0.360268 0.585379 0.372098 0.592913 0.38192 0.598772 0.390402 0.603237 0.399777 0.608538 0.410268 0.614397 0.420312 0.622768 0.43192 0.630022 0.440848 0.63644 0.451116 0.64202 0.4625 0.648438 0.474554 0.654018 0.483929 0.660993 0.494866 0.668248 0.505357 0.675502 0.513393 0.679967 0.522321 0.686942 0.533259 0.693917
1 2 0.379849 0.790979 0.387196 0.789448 0.395033 0.789448 0.40287 0.791285 0.407188 0.797559 0.408594 0.802051 0.409609 0.805957 0.409297 0.810352 0.408258 0.814551 0.406054 0.819755 0.401401 0.826796 0.396875 0.830566 0.391875 0.832617 0.39038 0.82098 0.388666 0.809959 0.385482 0.801387
2 2 0.38 0.790918 0.371767 0.794652 0.364175 0.797714 0.356338 0.802918 0.35046 0.809041 0.346787 0.818531 0.348501 0.828633 0.35242 0.836899 0.360012 0.841185 0.369318 0.841797 0.37838 0.840266 0.385727 0.837205 0.391719 0.83252 0.390625 0.82098 0.388421 0.810265 0.385547 0.801562
3 2 0.346052 0.819143 0.339195 0.821592 0.332827 0.824041 0.32499 0.827409 0.316663 0.831695 0.309071 0.836593 0.303438 0.841185 0.295357 0.846695 0.289724 0.851287 0.293642 0.85741 0.300255 0.852512 0.306377 0.849144 0.313235 0.844552 0.319847 0.83996 0.328174 0.83598 0.336256 0.832001 0.343113 0.828939 0.348746 0.828021
4 2 0.289479 0.851899 0.282132 0.856491 0.27307 0.862308 0.265723 0.869961 0.257641 0.876084 0.250294 0.882819 0.242457 0.888023 0.236579 0.892615 0.229967 0.897819 0.223599 0.903023 0.217476 0.907921 0.209884 0.91435 0.202292 0.919861 0.19421 0.925371 0.185639 0.932106 0.175598 0.938229 0.166291 0.944657 0.157964 0.951086 0.148413 0.957209 0.138617 0.964556 0.132249 0.96976 0.125147 0.977107 0.115106 0.983842 0.106289 0.989659 0.098942 0.995475 0.0937018 0.999023 0.105799 0.999023 0.112902 0.993026 0.119759 0.98874 0.1298 0.982924 0.137882 0.975271 0.147188 0.967617 0.15674 0.96027 0.165312 0.954454 0.174863 0.948331 0.183435 0.942208 0.191761 0.93731 0.200088 0.930269 0.210129 0.923228 0.218456 0.917105 0.227028 0.909452 0.236089 0.902717 0.246375 0.895982 0.258131 0.888329 0.267927 0.88037 0.27454 0.873635 0.282377 0.868124 0.289234 0.862614 0.294132 0.858022
0 3 0.408413 0.185132 0.404802 0.188415 0.404802 0.19457 0.407428 0.199083 0.412352 0.198673 0.41465 0.192108 0.413009 0.186774
1 3 0.393251 0.187106 0.396862 0.196543 0.400473 0.20434 0.406053 0.209263 0.412618 0.212956 0.422466 0.212956 0.428046 0.207212 0.431985 0.197774 0.433298 0.187516 0.431657 0.177258 0.428703 0.167411 0.422794 0.171104 0.414916 0.175207 0.408351 0.1789 0.401457 0.182593
2 3 0.393516 0.186914 0.38964 0.177669 0.386686 0.165769 0.386686 0.15428 0.387671 0.146895 0.389968 0.138278 0.38964 0.128841 0.395221 0.125558 0.402442 0.130892 0.409336 0.137457 0.414916 0.144022 0.420496 0.152639 0.424764 0.158794 0.428594 0.16748 0.422466 0.171104 0.414588 0.175207 0.409336 0.1789 0.401786 0.182182
3 3 0.389544 0.128068 0.38657 0.118269 0.383056 0.109145 0.380082 0.10036 0.377109 0.0919118 0.373054 0.0831261 0.368728 0.0733267 0.364403 0.0635272 0.360619 0.0550795 0.366025 0.0513625 0.369539 0.0584586 0.372783 0.0665684 0.375487 0.0740025 0.379542 0.0821123 0.383596 0.0912359 0.387922 0.100697 0.391166 0.110497 0.393328 0.117255 0.395761 0.126041
4 3 0.359808 0.0537278 0.354671 0.0459559 0.351427 0.0381839 0.348183 0.0307499 0.34575 0.0239917 0.344128 0.0168955 0.340885 0.00777195 0.337641 0.000337911 0.346021 0.00101373 0.349535 0.00979942 0.352779 0.0179093 0.356023 0.0263571 0.359537 0.0351427 0.362781 0.0432526 0.365755 0.0513625
0 4 0.462422 0.157422 0.458438 0.161133 0.458516 0.167773 0.461683 0.172987 0.468352 0.172987 0.470625 0.163574 0.467656 0.157227
1 4 0.449688 0.15332 0.450171 0.164348 0.450171 0.17328 0.452553 0.182808 0.457317 0.191144 0.464939 0.195908 0.475419 0.194122 0.481612 0.184594 0.484947 0.176853 0.486484 0.167969 0.478281 0.163379 0.470234 0.156738 0.462109 0.154102
2 4 0.449617 0.153532 0.450093 0.142814 0.451999 0.133286 0.454857 0.121973 0.459621 0.113636 0.469148 0.107681 0.479628 0.111254 0.486774 0.118995 0.489632 0.133286 0.489632 0.147578 0.4875 0.163281 0.486484 0.167969 0.478437 0.163379 0.470313 0.15625 0.461875 0.153906
3 4 0.471132 0.105397 0.472561 0.0917016 0.475896 0.0797923 0.477325 0.0655011 0.479707 0.0529964 0.481612 0.0375143 0.490187 0.0387052 0.487329 0.0464463 0.486376 0.0577601 0.48447 0.0684785 0.482088 0.084556 0.47923 0.0952744 0.477801 0.110161
4 4 0.480659 0.0369188 0.483994 0.0267959 0.486376 0.0172685 0.488281 0.00893197 0.489234 0.00119093 0.497332 0.00357279 0.495903 0.0113138 0.493998 0.0190549 0.491616 0.0285823 0.490187 0.0375143
0 5 0.268678 0.627264 0.26602 0.627333 0.263192 0.63131 0.264252 0.635729 0.266888 0.63674 0.269555 0.635729 0.271311 0.633055 0.270616 0.629101
1 5 0.249894 0.622172 0.251661 0.629242 0.25555 0.636312 0.260146 0.642057 0.266509 0.644708 0.2757 0.646034 0.28277 0.641615 0.28878 0.633219 0.290473 0.628185 0.291842 0.619893 0.282417 0.621288 0.273932 0.620404 0.265448 0.621288 0.256257 0.621288
2 5 0.249832 0.622262 0.249187 0.612892 0.249894 0.604938 0.250601 0.59345 0.253076 0.583286 0.257671 0.575774 0.264034 0.571355 0.273225 0.569588 0.278882 0.575332 0.284891 0.584612 0.288426 0.595217 0.28984 0.606264 0.291961 0.619521 0.282063 0.620846 0.274639 0.620404 0.266155 0.620846 0.256465 0.621604
3 5 0.266509 0.570472 0.266155 0.559424 0.266155 0.547494 0.265095 0.53733 0.263681 0.523632 0.260499 0.511259 0.257318 0.499328 0.267569 0.497561 0.26969 0.510817 0.270397 0.520539 0.272165 0.534237 0.273579 0.546168 0.274286 0.556773 0.274639 0.569146
4 5 0.256611 0.499328 0.254843 0.48563 0.253429 0.47149 0.252015 0.458233 0.250954 0.444535 0.249894 0.43172 0.248126 0.41758 0.244945 0.403882 0.242117 0.391951 0.239642 0.380904 0.236814 0.368531 0.234693 0.3566 0.231158 0.342902 0.227977 0.331854 0.225855 0.31904 0.223381 0.3049 0.220553 0.292969 0.22833 0.290317 0.231158 0.304016 0.233986 0.314179 0.236107 0.325226 0.239996 0.340692 0.244238 0.355274 0.247773 0.371182 0.251661 0.386648 0.255197 0.40344 0.258732 0.420231 0.260499 0.436139 0.26262 0.451163 0.264034 0.465745 0.265448 0.482537 0.268276 0.498003
1 10 0.705733 0.273109 0.701649 0.273706 0.708547 0.28674 0.721862 0.297769 0.729723 0.300376 0.745444 0.295965 0.756513 0.289147 0.764855 0.278118 0.77047 0.266287 0.770791 0.263078 0.757155 0.262677 0.734418 0.267268 0.71247 0.270257 0.708775 0.272022
0 10 0.754801 0.2676 0.75331 0.271576 0.755 0.27431 0.758478 0.276298 0.76146 0.275676 0.762951 0.272819 0.762355 0.26934 0.760864 0.267973 0.75818 0.267104 0.756391 0.266979
2 10 0.701577 0.273723 0.697585 0.266696 0.694965 0.255052 0.694269 0.241882 0.697151 0.228588 0.704904 0.22163 0.713552 0.214797 0.727765 0.207715 0.739991 0.206596 0.746551 0.212312 0.752117 0.218151 0.75818 0.230203 0.763647 0.240888 0.767325 0.251449 0.769909 0.26027 0.770903 0.262879 0.757484 0.262879 0.735059 0.267205 0.723165 0.268733 0.711597 0.270668 0.708094 0.272297
3 10 0.732976 0.205807 0.721782 0.182486 0.702425 0.146922 0.697295 0.137593 0.703358 0.131472 0.723647 0.169951 0.736241 0.194729 0.740438 0.20639
4 10 0.697528 0.137302 0.679338 0.108442 0.656017 0.0763759 0.632229 0.0460588 0.617304 0.0338153 0.591884 0.0174907 0.575793 0.00553871 0.568563 0.00204058 0.580457 0.00174907 0.605644 0.0177822 0.625933 0.0335238 0.63806 0.0431437 0.655084 0.0618004 0.668377 0.0778335 0.690299 0.110191 0.704058 0.131472
2 11 0.217344 0.263184 0.213828 0.249512 0.216797 0.230566 0.221641 0.222168 0.228906 0.216504 0.235234 0.212891 0.244062 0.211133 0.245938 0.207422 0.250703 0.207031 0.25375 0.211133 0.258516 0.214941 0.262344 0.221484 0.264062 0.227832 0.265 0.23623 0.264219 0.241016 0.262109 0.249512 0.252656 0.259375 0.245781 0.262793 0.237812 0.266504 0.229297 0.267871 0.225859 0.267285 0.220234 0.26582
3 11 0.217014 0.263953 0.209329 0.283164 0.194814 0.311447 0.200507 0.31625 0.214737 0.286544 0.222991 0.266265 0.219006 0.26502 0.2175 0.262695
4 11 0.194471 0.311069 0.189756 0.320961 0.178644 0.341797 0.163658 0.368947 0.155577 0.396097 0.15002 0.412724 0.144801 0.437348 0.137897 0.472707 0.131499 0.503224 0.124885 0.538545 0.118566 0.585938 0.116268 0.621122 0.111098 0.657026 0.110237 0.696519 0.10679 0.726677 0.102194 0.764017 0.097886 0.786635 0.0941521 0.803869 0.0757698 0.830078 0.0499196 0.850543 0.0211972 0.87029 0.00827206 0.880701 0.00626149 0.887882 0.00769761 0.891831 0.0309628 0.87388 0.0507813 0.859878 0.0800781 0.836182 0.0975988 0.813563 0.104492 0.795252 0.113396 0.74786 0.116843 0.693647 0.124598 0.627226 0.130342 0.574449 0.136661 0.520953 0.147863 0.46638 0.165671 0.392779 0.174288 0.368006 0.193819 0.328872 0.200425 0.315947
