1 1 0.136526 0.982209 0.139188 0.981543 0.142648 0.97988 0.146108 0.977551 0.14917 0.975055 0.153961 0.970064 0.15649 0.965905 0.157954 0.962411 0.159018 0.957421 0.159284 0.952263 0.15822 0.946108 0.15649 0.938954 0.154626 0.93363 0.152231 0.927974 0.149835 0.924148 0.146375 0.921486 0.145975 0.923981 0.146774 0.930636 0.147439 0.934296 0.148105 0.939952 0.147972 0.943945 0.145842 0.951099 0.143313 0.956256 0.14145 0.960415 0.139188 0.964574 0.136925 0.970064 0.13626 0.974723 0.135993 0.979381
0 1 0.144378 0.964907 0.142249 0.96524 0.13972 0.9689 0.139188 0.973724 0.140652 0.975721 0.143313 0.974723 0.145443 0.970397 0.145842 0.966571
2 1 0.146484 0.921289 0.14531 0.920155 0.141983 0.918658 0.137457 0.917327 0.133332 0.916994 0.127742 0.916994 0.124148 0.91716 0.119889 0.917826 0.114965 0.919489 0.109641 0.922484 0.106713 0.924647 0.104051 0.927641 0.101389 0.930969 0.0991269 0.934961 0.0972636 0.937956 0.0955334 0.941616 0.0942025 0.946607 0.0942025 0.951598 0.0952672 0.957587 0.0967313 0.960249 0.0987276 0.964408 0.101389 0.968068 0.105782 0.97256 0.108443 0.974556 0.112702 0.976885 0.118691 0.979713 0.122817 0.980878 0.127609 0.982209 0.131335 0.983041 0.13626 0.982542 0.13586 0.97988 0.13586 0.974556 0.136792 0.970231 0.137857 0.967236 0.139321 0.964242 0.141716 0.960415 0.143281 0.956836 0.145177 0.953261 0.146907 0.94877 0.147972 0.945276 0.148105 0.941283 0.148105 0.939287 0.147839 0.934129 0.146953 0.930371 0.145859 0.924219
3 1 0.114566 0.918491 0.110174 0.917327 0.10312 0.9135 0.0927385 0.907178 0.0854184 0.901855 0.0774329 0.895533 0.0707783 0.891041 0.0633252 0.886383 0.0576022 0.883055 0.0540087 0.881724 0.0474872 0.892039 0.0522785 0.8952 0.0595986 0.900524 0.0661201 0.904683 0.0723754 0.908842 0.0769006 0.912003 0.0831559 0.91716 0.0895443 0.921486 0.0936701 0.925312 0.101123 0.931634 0.10312 0.928806 0.106048 0.925645 0.11044 0.921985
4 1 0.0537698 0.881701 0.0472986 0.892143 0.0450631 0.890084 0.0410627 0.886407 0.0357681 0.882877 0.0241199 0.876406 0.0156485 0.871406 0.00776544 0.867435 0.00458867 0.865523 0.000235316 0.863022 0 0.845668 0.00741246 0.848168 0.0118835 0.850815 0.0187076 0.854051 0.0254142 0.858757 0.0317677 0.863611 0.0382389 0.869199 0.0449454 0.874347 0.0494164 0.878024
1 2 0.650371 0.544361 0.652382 0.542814 0.655322 0.540494 0.659653 0.537593 0.663985 0.535466 0.669864 0.533532 0.673113 0.533145 0.678837 0.533145 0.68487 0.533919 0.687809 0.535466 0.692296 0.538753 0.696473 0.542621 0.700804 0.547455 0.704517 0.553256 0.707921 0.561185 0.709158 0.56718 0.709313 0.572594 0.70854 0.577622 0.706838 0.58149 0.703899 0.584971 0.698329 0.589418 0.69508 0.590579 0.691368 0.591739 0.69245 0.588838 0.693224 0.58381 0.693688 0.577429 0.693379 0.571047 0.690749 0.563312 0.687964 0.558478 0.685179 0.554997 0.681467 0.55229 0.676361 0.549776 0.670328 0.548615 0.666615 0.548422 0.661974 0.548422 0.658416 0.548229 0.654084 0.546101 0.652228 0.545328
2 2 0.650062 0.543974 0.648051 0.545715 0.645885 0.549389 0.6431 0.555384 0.642636 0.558864 0.642946 0.563119 0.643874 0.567567 0.644647 0.571047 0.64573 0.576655 0.646968 0.581683 0.648205 0.585164 0.650371 0.589418 0.653156 0.594059 0.656869 0.596573 0.660272 0.598507 0.664759 0.600441 0.669864 0.602375 0.673731 0.602568 0.677599 0.601214 0.682395 0.597927 0.685798 0.594833 0.687964 0.593673 0.691832 0.591352 0.69276 0.587291 0.693379 0.583037 0.693533 0.578009 0.693224 0.572788 0.692296 0.56718 0.690903 0.563119 0.688428 0.558864 0.68487 0.554804 0.681157 0.551903 0.678063 0.550356 0.675433 0.549582 0.672649 0.549196 0.669709 0.548615 0.665842 0.548035 0.661046 0.547842 0.658416 0.547455 0.654084 0.545908 0.652847 0.545135
3 2 0.647741 0.584584 0.647123 0.587098 0.645885 0.593479 0.645885 0.602181 0.647432 0.611077 0.651145 0.620939 0.655167 0.628287 0.661974 0.637183 0.668781 0.645111 0.674041 0.651106 0.678837 0.657101 0.682395 0.662322 0.686417 0.66909 0.694616 0.664256 0.690439 0.65304 0.686262 0.645692 0.681002 0.638537 0.67466 0.631962 0.668781 0.625967 0.663212 0.619005 0.659808 0.613204 0.658571 0.608176 0.658416 0.604502 0.661355 0.599667 0.657952 0.596767 0.65362 0.593866 0.650526 0.589418
4 2 0.69508 0.663869 0.686262 0.668897 0.689975 0.676245 0.693533 0.68108 0.696009 0.684754 0.700804 0.691909 0.706993 0.698484 0.712871 0.703899 0.720452 0.709313 0.730507 0.716662 0.738861 0.722656 0.747215 0.729038 0.756033 0.735419 0.767017 0.741221 0.777692 0.747215 0.785582 0.75147 0.792543 0.755531 0.799814 0.759592 0.810489 0.765973 0.828434 0.775835 0.834468 0.778543 0.838181 0.78067 0.844988 0.785311 0.849938 0.787631 0.858447 0.792659 0.866491 0.797107 0.874226 0.800588 0.883354 0.803875 0.894338 0.808516 0.905012 0.813738 0.914449 0.818185 0.924041 0.822633 0.937345 0.829208 0.950495 0.836363 0.961479 0.841778 0.972772 0.848159 0.985922 0.854541 0.99474 0.859762 0.999072 0.861696 0.998762 0.850286 0.989944 0.845838 0.983601 0.842164 0.978806 0.83965 0.971999 0.836556 0.962562 0.831335 0.954208 0.826887 0.945545 0.822633 0.936726 0.818379 0.930229 0.815091 0.922339 0.81103 0.911974 0.806196 0.902382 0.801748 0.8931 0.7973 0.880415 0.792659 0.871597 0.788985 0.864635 0.784344 0.85396 0.777576 0.842203 0.769647 0.831528 0.764039 0.825031 0.759978 0.81776 0.756691 0.810798 0.753017 0.803218 0.748762 0.793626 0.743541 0.783261 0.737546 0.772896 0.730778 0.762222 0.724203 0.752321 0.717822 0.74242 0.71086 0.733447 0.704672 0.72401 0.69771 0.715965 0.691522 0.709932 0.686301 0.704517 0.6805 0.700495 0.674505 0.696937 0.669284
1 3 0.812389 0.116281 0.815469 0.117773 0.819453 0.117188 0.822777 0.115038 0.824213 0.113519 0.825318 0.111309 0.826423 0.108684 0.828633 0.103988 0.829738 0.100811 0.830512 0.0966673 0.830622 0.0918328 0.83007 0.0885177 0.828965 0.0850645 0.827197 0.0821639 0.82576 0.0825782 0.823992 0.0838214 0.822998 0.085617 0.821561 0.0892084 0.820014 0.0918328 0.818578 0.0947335 0.817252 0.0997061 0.816589 0.102883 0.815594 0.108961 0.813716 0.113243
2 3 0.827418 0.0814732 0.822445 0.0771913 0.820788 0.0751193 0.817915 0.0722187 0.814489 0.069318 0.81029 0.0660029 0.805428 0.0624116 0.798135 0.0614447 0.795704 0.0613066 0.792168 0.0613066 0.787969 0.0619972 0.784101 0.0640691 0.780786 0.0666936 0.778907 0.0694561 0.777802 0.0727712 0.777581 0.0770531 0.778023 0.0814732 0.779018 0.0858933 0.780344 0.0901753 0.782333 0.0954241 0.784764 0.10012 0.788411 0.105507 0.791947 0.108684 0.795593 0.110756 0.800455 0.113243 0.804654 0.114486 0.809185 0.115453 0.811947 0.116143 0.813716 0.113657 0.815373 0.109237 0.816478 0.103021 0.817583 0.098601 0.818516 0.0958008 0.819572 0.0936284 0.820898 0.0904515 0.822887 0.0867221 0.824141 0.0836914
3 3 0.784459 0.062779 0.782645 0.062779 0.779855 0.0610352 0.776925 0.0578962 0.771763 0.0514439 0.76702 0.0448172 0.762695 0.0392369 0.759766 0.0348772 0.758231 0.0319127 0.754464 0.0249372 0.745954 0.0310407 0.748744 0.0366211 0.751116 0.0409807 0.754464 0.0456892 0.758929 0.0519671 0.762835 0.057373 0.767439 0.0629534 0.772461 0.0685338 0.775391 0.0709752 0.777344 0.072719 0.779018 0.0683594 0.781669 0.065046
4 3 0.754185 0.0244141 0.745954 0.0310407 0.744141 0.0268555 0.739955 0.0193569 0.737026 0.0134277 0.734794 0.00941685 0.73019 0.000871931 0.741769 0.000523158 0.744559 0.00523158 0.74721 0.00976562 0.749442 0.0141253 0.752232 0.0193569
1 4 0.675367 0.302754 0.67824 0.305654 0.680892 0.308693 0.682771 0.312008 0.684318 0.316152 0.685202 0.320158 0.685202 0.32513 0.684097 0.330932 0.681886 0.335766 0.677577 0.340739 0.673378 0.342949 0.668737 0.343778 0.663654 0.343916 0.659123 0.343225 0.656139 0.341982 0.657245 0.340739 0.65846 0.337838 0.658902 0.334385 0.658571 0.329965 0.657908 0.324302 0.657687 0.318915 0.658681 0.314909 0.66067 0.313804 0.662659 0.313666 0.665422 0.31339 0.6694 0.312561 0.671831 0.310074 0.674483 0.305793
2 4 0.675256 0.302339 0.673046 0.297781 0.671057 0.295019 0.6673 0.291704 0.664317 0.289632 0.661112 0.287974 0.657134 0.286178 0.654261 0.28535 0.649841 0.284521 0.646305 0.284521 0.642658 0.284935 0.639454 0.286178 0.636139 0.28825 0.63415 0.290322 0.633597 0.292394 0.632603 0.296124 0.63205 0.299853 0.631719 0.303444 0.631719 0.306207 0.63194 0.310351 0.632713 0.314218 0.633929 0.318224 0.636028 0.32223 0.63868 0.326374 0.641332 0.330103 0.645421 0.334109 0.648736 0.337009 0.652161 0.339219 0.655587 0.341568 0.657024 0.340877 0.658239 0.337562 0.658681 0.333556 0.658571 0.329274 0.658018 0.325269 0.657576 0.320987 0.657797 0.316981 0.658792 0.315323 0.66067 0.313942 0.66288 0.313528 0.665532 0.313113 0.669141 0.312891 0.671641 0.310449 0.67393 0.306345
0 4 0.667477 0.318558 0.665468 0.318056 0.664062 0.318056 0.661753 0.320189 0.660849 0.323328 0.662255 0.328474 0.665368 0.331612 0.667577 0.331361 0.669987 0.329102 0.670288 0.327595 0.67059 0.323579 0.669485 0.320315
3 4 0.637117 0.286751 0.635364 0.287349 0.633131 0.285555 0.628667 0.282565 0.622927 0.277583 0.61639 0.272003 0.608418 0.266223 0.602997 0.262038 0.598055 0.257852 0.593112 0.253268 0.587054 0.261838 0.595823 0.269212 0.601084 0.272999 0.606983 0.277583 0.61352 0.282565 0.61942 0.287548 0.624362 0.292331 0.627551 0.29532 0.631696 0.299705 0.632334 0.295918 0.633131 0.29253 0.634088 0.290139
4 4 0.593319 0.252976 0.58686 0.261434 0.583477 0.258358 0.57425 0.249131 0.561331 0.239135 0.54749 0.229907 0.533342 0.219142 0.5195 0.208377 0.505352 0.198381 0.494587 0.189538 0.48013 0.179157 0.466289 0.169545 0.449065 0.158395 0.430918 0.149168 0.414309 0.141094 0.402928 0.135327 0.390317 0.12956 0.380475 0.125715 0.373401 0.125331 0.362328 0.123408 0.352485 0.123408 0.339567 0.123024 0.325418 0.123024 0.310962 0.123408 0.29466 0.122639 0.270669 0.113796 0.246986 0.0972641 0.240219 0.0888057 0.235298 0.0788094 0.231914 0.0688131 0.22607 0.0584323 0.221149 0.0503583 0.214382 0.0426689 0.207 0.0372862 0.199311 0.033057 0.187931 0.0284433 0.176243 0.0238297 0.169476 0.0207539 0.180241 0.0188315 0.192544 0.0226762 0.199003 0.0242141 0.203617 0.0261365 0.210999 0.0307502 0.215305 0.0334415 0.220226 0.0372862 0.22607 0.0415154 0.231607 0.0511273 0.235913 0.0611236 0.239604 0.0699665 0.244525 0.0780404 0.247908 0.0830386 0.25406 0.0899591 0.259596 0.0949572 0.26175 0.0964951 0.269747 0.101493 0.278666 0.106491 0.285125 0.108798 0.294968 0.11149 0.302657 0.112259 0.311577 0.113027 0.318959 0.113412 0.327879 0.113412 0.34049 0.113412 0.350332 0.113796 0.36079 0.114565 0.372785 0.116488 0.380475 0.117641 0.390317 0.120332 0.398622 0.123408 0.407234 0.127637 0.415846 0.131098 0.423228 0.134942 0.434916 0.141479 0.438915 0.143785 0.448757 0.149168 0.456139 0.153397 0.464136 0.15878 0.475824 0.1657 0.484933 0.171945 0.496373 0.180315 0.509487 0.191476 0.523996 0.201939 0.540737 0.213797 0.548828 0.220075 0.559152 0.227748 0.570312 0.23577 0.584542 0.244838
2 5 0.288624 0.0481116 0.288624 0.0456976 0.2925 0.0394531 0.295938 0.0345703 0.299922 0.0317383 0.304766 0.0282227 0.311172 0.0245117 0.315391 0.0225586 0.319531 0.0200195 0.327031 0.0206055 0.329922 0.0227539 0.332163 0.0268247 0.333216 0.0305554 0.333567 0.0362612 0.334094 0.0432837 0.33427 0.0492089 0.33427 0.0560119 0.33427 0.0639122 0.333567 0.0709346 0.332865 0.0733486 0.330407 0.0768599 0.327423 0.0790544 0.324965 0.0794933 0.323034 0.0794933 0.321103 0.0777377 0.316713 0.0746653 0.312149 0.0709346 0.307584 0.0676429 0.302317 0.0641316 0.298104 0.0604009 0.293539 0.055573 0.29073 0.0522812
3 5 0.322683 0.0787614 0.326369 0.0818337 0.331812 0.0886368 0.338659 0.0963176 0.344277 0.102901 0.349017 0.108387 0.353055 0.111679 0.357619 0.114532 0.363764 0.120238 0.370435 0.125505 0.374649 0.128577 0.377809 0.116727 0.370962 0.113874 0.366749 0.110363 0.362008 0.105096 0.357619 0.0998288 0.351124 0.0925869 0.345857 0.0860033 0.342346 0.0811754 0.338659 0.0759085 0.335674 0.0708611 0.334094 0.066911 0.33269 0.073714 0.331285 0.0750307 0.327423 0.0774447
4 5 0.377458 0.116288 0.374298 0.128577 0.375176 0.129016 0.37816 0.131649 0.382725 0.136697 0.388869 0.142841 0.395892 0.149425 0.403792 0.156667 0.413799 0.166323 0.422753 0.17554 0.431531 0.184976 0.443294 0.195291 0.452072 0.204727 0.461903 0.215261 0.473139 0.226233 0.483848 0.237206 0.494909 0.24752 0.505442 0.258712 0.517029 0.269246 0.525281 0.276927 0.53441 0.285266 0.542486 0.292508 0.546699 0.297336 0.551615 0.302164 0.556706 0.307431 0.56566 0.314673 0.574263 0.31972 0.586376 0.325645 0.597963 0.329156 0.610253 0.332668 0.620435 0.334862 0.630969 0.33969 0.639396 0.34781 0.648701 0.356807 0.654846 0.364049 0.659937 0.371072 0.665028 0.378533 0.670119 0.384458 0.677317 0.390603 0.686271 0.396967 0.691889 0.401137 0.69698 0.404429 0.702423 0.410134 0.709621 0.415401 0.718223 0.421765 0.72665 0.42791 0.735604 0.430982 0.74842 0.433177 0.760358 0.434055 0.771594 0.434274 0.785463 0.434274 0.800562 0.434494 0.812676 0.432738 0.816889 0.430982 0.824263 0.426813 0.811798 0.424399 0.80776 0.424399 0.80302 0.424399 0.796699 0.424399 0.787219 0.424399 0.777212 0.424399 0.767029 0.42396 0.756496 0.422863 0.748244 0.421107 0.741924 0.418912 0.730864 0.415182 0.722788 0.412329 0.716468 0.409256 0.71085 0.405526 0.702949 0.398942 0.697156 0.393017 0.691538 0.388409 0.684515 0.384897 0.677844 0.379192 0.672753 0.372608 0.665906 0.363172 0.660815 0.35571 0.657479 0.350663 0.655723 0.349127 0.652563 0.345835 0.648876 0.341665 0.644838 0.337496 0.640274 0.332887 0.635183 0.329595 0.629389 0.326962 0.623244 0.324987 0.617275 0.32389 0.609726 0.321695 0.601299 0.318403 0.59217 0.314673 0.582514 0.310284 0.572858 0.304358 0.564431 0.297336 0.557233 0.291411 0.549508 0.284608 0.543188 0.279341 0.536692 0.274293 0.529319 0.268368 0.523876 0.26376 0.518083 0.258712 0.512465 0.253226 0.502633 0.244228 0.497015 0.237206 0.492802 0.233695 0.487886 0.228867 0.482444 0.222942 0.476124 0.216577 0.469101 0.209994 0.463659 0.204288 0.458216 0.198363 0.452774 0.192218 0.446454 0.185854 0.440485 0.179929 0.434691 0.173784 0.425737 0.164787 0.417135 0.156448 0.409586 0.149425 0.402914 0.14328 0.396243 0.137136 0.391678 0.132747 0.381496 0.121994
1 5 0.288516 0.0450195 0.2925 0.0394531 0.296016 0.0347656 0.299844 0.0314453 0.305078 0.0283203 0.310937 0.0244141 0.315 0.0228516 0.319531 0.0202148 0.3275 0.0201172 0.320391 0.0165039 0.317422 0.015625 0.310703 0.0161133 0.304766 0.0175781 0.301875 0.019043 0.297812 0.0208984 0.29375 0.0241211 0.291563 0.0280273 0.289375 0.0320312 0.288125 0.0361328 0.288359 0.0393555
