4 1 0.227299 0.0670133 0.239392 0.0507351 0.252879 0.0309689 0.274273 0 0.279389 0 0.261251 0.0268993 0.232717 0.0688535 0.227914 0.0668523 0.227299 0.0678299
1 1 0.122827 0.157558 0.126026 0.149561 0.134023 0.143063 0.141221 0.138565 0.142955 0.138255 0.142013 0.140218 0.142943 0.146032 0.147594 0.14952 0.152245 0.154752 0.155035 0.160566 0.159221 0.170449 0.163407 0.177425 0.166197 0.178588 0.16798 0.177951 0.164813 0.18155 0.157215 0.186549 0.149218 0.189548 0.14282 0.189548 0.138022 0.187548 0.131224 0.18355 0.127225 0.176552 0.123627 0.167555
3 1 0.186039 0.129655 0.187649 0.128192 0.195903 0.11754 0.2056 0.102994 0.219719 0.0798916 0.227914 0.0668523 0.232915 0.0689363 0.224579 0.0814403 0.212909 0.100196 0.200683 0.118952 0.189452 0.134997 0.189452 0.134404 0.188057 0.130916
2 1 0.171778 0.173356 0.183871 0.151845 0.187591 0.143125 0.189452 0.138474 0.189452 0.134404 0.188057 0.130916 0.184336 0.128591 0.163872 0.129172 0.148524 0.132079 0.143408 0.137311 0.142013 0.140218 0.142943 0.146032 0.147594 0.14952 0.152245 0.154752 0.155035 0.160566 0.159221 0.170449 0.163407 0.177425 0.166197 0.178588 0.169453 0.177425 0.170848 0.176262
1 2 0.823984 0.287598 0.825597 0.286417 0.82813 0.286417 0.831226 0.28501 0.833759 0.283251 0.836292 0.28114 0.841077 0.28114 0.845862 0.281492 0.849521 0.280436 0.852335 0.277974 0.856276 0.273752 0.859653 0.272344 0.860779 0.270937 0.861534 0.269654 0.866151 0.279393 0.867594 0.288411 0.867306 0.294904 0.865574 0.300676 0.86038 0.308251 0.854897 0.311498 0.846816 0.311498 0.837293 0.305726 0.830367 0.298872
2 2 0.815221 0.253916 0.815829 0.248217 0.817957 0.244037 0.82282 0.241378 0.828596 0.240998 0.834371 0.241758 0.838626 0.243657 0.843186 0.248597 0.849569 0.255436 0.853826 0.260306 0.856276 0.262455 0.860781 0.26748 0.861484 0.269531 0.859653 0.271954 0.856276 0.273361 0.852335 0.277583 0.849521 0.280046 0.845862 0.281101 0.841077 0.280749 0.836292 0.280749 0.833759 0.28286 0.831226 0.284619 0.82813 0.286027 0.823828 0.287695 0.823064 0.283916
3 2 0.745188 0.184799 0.750786 0.179301 0.765181 0.192297 0.79702 0.219188 0.81212 0.233251 0.820706 0.242133 0.820691 0.242542 0.817957 0.244037 0.816094 0.247697 0.79997 0.232284 0.779576 0.21379 0.760383 0.197795
0 2 0.843193 0.288732 0.843193 0.290684 0.841944 0.292245 0.839758 0.291855 0.838821 0.291465 0.838197 0.288732 0.838197 0.28678 0.840071 0.285609 0.842257 0.287171 0.843193 0.288732 0.851487 0.289129 0.852542 0.287152 0.853728 0.286493 0.85531 0.286658 0.85676 0.287976 0.857551 0.289459 0.857947 0.291271 0.857683 0.292425 0.856892 0.293249 0.854651 0.293743 0.854391 0.298508 0.855611 0.298812 0.857684 0.299422 0.86125 0.280664 0.864141 0.280957 0.865156 0.27998 0.864687 0.277637 0.863359 0.274707 0.862031 0.274316 0.860781 0.274707 0.860156 0.275195 0.859609 0.277148 0.86125 0.280664 0.857684 0.299422 0.858172 0.300337 0.858782 0.301861 0.85805 0.303691 0.856586 0.305063 0.854757 0.305063 0.853172 0.304605 0.851586 0.302471 0.85183 0.300337 0.852684 0.29927 0.854391 0.298508 0.854651 0.293743 0.853069 0.293249 0.851619 0.291271 0.851487 0.289129
4 2 0.541914 0.0137875 0.546565 0.0108807 0.567959 0.0248334 0.601911 0.0480879 0.627491 0.0672728 0.658186 0.0887832 0.681906 0.106805 0.698184 0.123083 0.719578 0.147501 0.751204 0.178894 0.75148 0.179928 0.750786 0.179301 0.745528 0.184465 0.744795 0.184414 0.724473 0.164095 0.698672 0.135069 0.680511 0.115526 0.660977 0.099829 0.641443 0.085295 0.615863 0.0672728 0.582377 0.0428556 0.541914 0.0166943
4 3 0.568055 0.2597 0.568808 0.218521 0.574305 0.169439 0.578231 0.151769 0.58687 0.137044 0.593152 0.130173 0.602576 0.129191 0.604147 0.131155 0.59865 0.137044 0.595508 0.142934 0.586085 0.158641 0.581373 0.172384 0.577446 0.195943 0.57509 0.235209 0.57509 0.254842 0.576661 0.270548 0.580587 0.280364 0.58687 0.289199 0.601791 0.298034 0.636345 0.311777 0.690531 0.32552 0.732153 0.336318 0.765136 0.341226 0.783199 0.351043 0.79516 0.368916 0.802755 0.399586 0.812686 0.430257 0.818528 0.465308 0.82177 0.501359 0.830231 0.550174 0.83674 0.588413 0.839344 0.612821 0.839672 0.62721 0.838153 0.655061 0.832076 0.708865 0.831889 0.709199 0.8264 0.707826 0.829209 0.680234 0.831696 0.65278 0.832524 0.633614 0.832524 0.615484 0.824534 0.56872 0.821355 0.546199 0.815526 0.512417 0.813936 0.494532 0.811661 0.468133 0.807252 0.432315 0.796232 0.397416 0.791088 0.378129 0.784476 0.365271 0.779333 0.357006 0.767577 0.351495 0.755822 0.34874 0.712559 0.341355 0.680887 0.335169 0.646245 0.325271 0.607645 0.30795 0.58686 0.29929 0.571024 0.283206 0.568055 0.273309
1 3 0.773248 0.845102 0.774178 0.835219 0.776504 0.826498 0.77746 0.826172 0.77746 0.828583 0.778855 0.832071 0.782111 0.834978 0.788622 0.84021 0.794668 0.844861 0.801645 0.849512 0.807226 0.855326 0.809515 0.856279 0.807665 0.859055 0.802084 0.863705 0.791852 0.867194 0.78348 0.867194 0.779294 0.863705 0.775109 0.856729
2 3 0.77746 0.825095 0.780716 0.819863 0.788157 0.809979 0.798389 0.803003 0.804435 0.800678 0.808156 0.80184 0.811877 0.806491 0.813272 0.811723 0.815132 0.823932 0.815132 0.837303 0.811877 0.851256 0.811412 0.854163 0.810016 0.856488 0.807226 0.855326 0.801645 0.849512 0.794668 0.844861 0.788622 0.84021 0.782111 0.834978 0.778855 0.832071 0.77746 0.828583
3 3 0.805831 0.801114 0.80604 0.797718 0.813237 0.766728 0.820035 0.735238 0.825845 0.707688 0.832548 0.709363 0.824058 0.747906 0.810238 0.804442 0.808156 0.80184
1 4 0.450133 0.0489344 0.452557 0.0422676 0.460315 0.0368129 0.467588 0.0349947 0.475831 0.037419 0.486982 0.0465101 0.497164 0.0592377 0.496668 0.0595252 0.496504 0.0593022 0.49317 0.0599969 0.485389 0.0606916 0.478721 0.0606916 0.469829 0.0620809 0.462049 0.0669436 0.458158 0.0704169 0.458158 0.0721939 0.452557 0.0646924 0.450133 0.0586316
2 4 0.458158 0.0704169 0.462049 0.0669436 0.469829 0.0620809 0.478721 0.0606916 0.485389 0.0606916 0.49317 0.0599969 0.496504 0.0593022 0.501137 0.0676382 0.505583 0.0801422 0.507063 0.0947302 0.505396 0.104456 0.505396 0.105845 0.502617 0.111402 0.498171 0.114181 0.493725 0.114181 0.48928 0.112097 0.473719 0.0947302 0.458158 0.0738902
3 4 0.493243 0.113955 0.493725 0.114181 0.498171 0.114181 0.501714 0.111967 0.504415 0.147087 0.506263 0.176334 0.50811 0.205582 0.508725 0.236369 0.500721 0.236369 0.499489 0.21097 0.499182 0.166382 0.495303 0.130018 0.493364 0.116684
4 4 0.500501 0.235514 0.500661 0.235141 0.500721 0.236369 0.508098 0.236369 0.515913 0.314922 0.521056 0.35625 0.526199 0.392068 0.534281 0.421457 0.543832 0.449009 0.554119 0.472888 0.565874 0.498604 0.565874 0.504114 0.562935 0.505951 0.559996 0.505032 0.53722 0.457275 0.523364 0.418421 0.515451 0.380259 0.510619 0.335392 0.502724 0.270247
1 5 0.264936 0.487965 0.266536 0.479968 0.269335 0.47347 0.269603 0.473309 0.26994 0.475834 0.275056 0.47816 0.281102 0.483973 0.289009 0.490949 0.295055 0.4956 0.299241 0.497926 0.301324 0.497926 0.301324 0.501461 0.300925 0.507958 0.299325 0.513457 0.293727 0.517955 0.288129 0.519955 0.281331 0.518955 0.274533 0.512457 0.268135 0.505459 0.264936 0.497462
2 5 0.269475 0.472346 0.2718 0.466532 0.280172 0.456068 0.289939 0.44851 0.296915 0.445022 0.302961 0.445022 0.307147 0.450836 0.310868 0.458393 0.311798 0.465951 0.311798 0.475834 0.308542 0.486299 0.305287 0.493856 0.304357 0.4956 0.302031 0.497926 0.299241 0.497926 0.295055 0.4956 0.289009 0.490949 0.281102 0.483973 0.275056 0.47816 0.26994 0.475834
3 5 0.304153 0.446677 0.31203 0.432943 0.327537 0.404317 0.346465 0.366218 0.352584 0.348572 0.358814 0.352718 0.349366 0.375642 0.336585 0.40065 0.319983 0.431919 0.308333 0.453244 0.307147 0.450836
4 5 0.358814 0.352718 0.369921 0.329687 0.387326 0.299125 0.418355 0.252062 0.44719 0.220669 0.467654 0.19974 0.513022 0.157683 0.528503 0.148545 0.564395 0.131377 0.599406 0.120262 0.620524 0.120262 0.6561 0.121512 0.669117 0.127207 0.678229 0.130461 0.695152 0.134529 0.723139 0.135343 0.775174 0.135343 0.806963 0.140113 0.859402 0.163725 0.869333 0.166645 0.873422 0.165185 0.872838 0.160073 0.87167 0.158613 0.844797 0.145468 0.8179 0.134033 0.802869 0.127972 0.782505 0.124942 0.760687 0.123123 0.733534 0.121911 0.708806 0.121911 0.696685 0.121911 0.687958 0.121911 0.67923 0.120699 0.664199 0.114032 0.654987 0.111608 0.637532 0.10979 0.619107 0.110396 0.602622 0.110396 0.584197 0.114032 0.562864 0.121305 0.526499 0.138275 0.495037 0.162968 0.478462 0.177472 0.45194 0.202335 0.431635 0.225645 0.410401 0.252193 0.393959 0.276948 0.374334 0.308897 0.352584 0.348572
1 6 0.772254 0.54182 0.774166 0.54206 0.777918 0.542781 0.781381 0.540256 0.785998 0.536288 0.790038 0.534484 0.793213 0.530516 0.797541 0.526548 0.801004 0.525466 0.804179 0.524384 0.806487 0.522941 0.806776 0.521498 0.806776 0.520258 0.807711 0.521544 0.810467 0.529687 0.81172 0.53689 0.811971 0.544406 0.810467 0.54973 0.806208 0.555681 0.80245 0.560065 0.797188 0.562258 0.789171 0.561005 0.783158 0.557873 0.777145 0.551296
2 6 0.804392 0.512567 0.79956 0.507253 0.790503 0.498665 0.778012 0.490467 0.774577 0.490077 0.771142 0.490858 0.768644 0.4932 0.767082 0.497103 0.768106 0.534124 0.769838 0.539174 0.771281 0.541699 0.774166 0.54206 0.777918 0.542781 0.781381 0.540256 0.785998 0.536288 0.790038 0.534484 0.793213 0.530516 0.797541 0.526548 0.801004 0.525466 0.804179 0.524384 0.806487 0.522941 0.806776 0.521498 0.806776 0.51753 0.805333 0.513562
3 6 0.690572 0.477 0.724246 0.4807 0.763493 0.4807 0.767822 0.481061 0.770996 0.483586 0.773882 0.486833 0.775325 0.489718 0.775715 0.490206 0.774577 0.490077 0.771142 0.490858 0.768644 0.4932 0.767082 0.497103 0.767134 0.498987 0.766406 0.498238 0.758947 0.492022 0.753974 0.48995 0.746101 0.487878 0.734083 0.487878 0.714192 0.48736 0.690572 0.486324
4 6 0.690572 0.477 0.660302 0.474033 0.622197 0.466378 0.580008 0.457447 0.512577 0.435884 0.495782 0.432385 0.476988 0.430886 0.465792 0.430886 0.454996 0.433385 0.447798 0.435884 0.445399 0.439883 0.445799 0.444381 0.450597 0.44738 0.456595 0.445381 0.462593 0.441382 0.47019 0.439383 0.478988 0.439383 0.489784 0.441382 0.512577 0.445881 0.549764 0.459377 0.59175 0.468873 0.630538 0.47837 0.690572 0.486324
1 7 0.606484 0.36377 0.614545 0.364097 0.620621 0.364575 0.626619 0.368574 0.631017 0.373072 0.633416 0.38107 0.633416 0.390067 0.631817 0.397564 0.629018 0.401063 0.62342 0.405062 0.616719 0.41123 0.615547 0.406445 0.61375 0.397168 0.612109 0.392188 0.610938 0.384668 0.610156 0.378027 0.609941 0.373073 0.608906 0.369043 0.606931 0.366085
2 7 0.60625 0.36377 0.603491 0.365548 0.59188 0.369848 0.58629 0.375223 0.58285 0.380061 0.57984 0.388661 0.57984 0.392595 0.581659 0.401726 0.58414 0.40425 0.5893 0.410162 0.59575 0.413388 0.602201 0.413925 0.607791 0.413388 0.613438 0.4125 0.616719 0.411523 0.615391 0.406543 0.61375 0.39707 0.611719 0.392188 0.610781 0.384863 0.61 0.376758 0.608984 0.369434 0.606953 0.366309
3 7 0.57984 0.392595 0.56462 0.399452 0.55238 0.405752 0.54014 0.414452 0.52286 0.426752 0.52502 0.432152 0.53918 0.421052 0.54686 0.415952 0.56342 0.406652 0.57422 0.402452 0.581659 0.401726
4 7 0.52286 0.426752 0.500304 0.44502 0.482816 0.46071 0.474703 0.466988 0.462727 0.473749 0.45191 0.479061 0.439547 0.484373 0.418074 0.487528 0.391048 0.492165 0.375151 0.492165 0.355014 0.492165 0.340177 0.492165 0.327989 0.496139 0.30763 0.503282 0.300925 0.507958 0.299325 0.513457 0.293727 0.517955 0.288129 0.519955 0.281331 0.518955 0.276031 0.520912 0.204731 0.552892 0.203902 0.557036 0.204731 0.56118 0.208046 0.56118 0.250314 0.542014 0.278493 0.528028 0.300456 0.518704 0.317006 0.509013 0.32764 0.505848 0.343845 0.501417 0.360049 0.500784 0.374228 0.500151 0.389926 0.501417 0.402585 0.500151 0.422841 0.496986 0.446135 0.490023 0.463352 0.481795 0.482088 0.471034 0.499812 0.455842 0.52502 0.432152
4 8 0.531442 1 0.553301 0.942209 0.564463 0.918955 0.577021 0.884073 0.590291 0.842606 0.590812 0.842234 0.590701 0.842683 0.596176 0.845024 0.59621 0.845168 0.580276 0.893375 0.571905 0.916048 0.558882 0.943953 0.538418 1
1 8 0.584998 0.693304 0.586559 0.685891 0.590066 0.680631 0.594625 0.675809 0.598833 0.675371 0.605145 0.681508 0.611458 0.693782 0.608359 0.690918 0.605469 0.689746 0.602656 0.688965 0.599922 0.688867 0.597813 0.687891 0.596683 0.687656 0.594809 0.686875 0.591999 0.686875 0.588252 0.689608
2 8 0.602606 0.744621 0.611022 0.731031 0.613828 0.720511 0.614178 0.711305 0.613477 0.701223 0.611328 0.69375 0.607812 0.690625 0.605547 0.690039 0.602656 0.688867 0.599609 0.688867 0.596601 0.687759 0.594727 0.686978 0.591917 0.686978 0.588169 0.689711 0.584734 0.693614 0.582548 0.69986 0.581959 0.710866 0.583208 0.722186 0.586331 0.731164 0.590703 0.738581 0.59726 0.744827 0.60132 0.745607
3 8 0.590701 0.842683 0.595226 0.824407 0.598298 0.806933 0.599638 0.787942 0.599192 0.76895 0.598298 0.749399 0.597809 0.744813 0.601403 0.745504 0.602688 0.744518 0.603256 0.743601 0.604646 0.775321 0.603874 0.801881 0.601169 0.823129 0.59692 0.845342
1 9 0.556674 0.520505 0.556814 0.519851 0.570866 0.517118 0.577737 0.51907 0.582109 0.522973 0.585856 0.534684 0.586168 0.542881 0.585856 0.548737 0.584295 0.55264 0.582109 0.554982 0.57961 0.557324 0.575863 0.559667 0.570866 0.561228 0.567744 0.561228 0.566896 0.561146 0.568251 0.559791 0.568625 0.554653 0.56713 0.550449 0.566756 0.548581 0.565262 0.545311 0.563767 0.537371 0.561525 0.528029 0.559283 0.523358
2 9 0.523037 0.542042 0.523411 0.536904 0.526774 0.532233 0.532005 0.526628 0.541347 0.521957 0.55181 0.519622 0.556294 0.520089 0.559283 0.523358 0.561525 0.528029 0.563767 0.537371 0.565262 0.545311 0.566756 0.548581 0.56713 0.550449 0.568625 0.554653 0.568251 0.559791 0.566383 0.561659 0.559283 0.562126 0.549568 0.561192 0.539852 0.557923 0.524906 0.546713
3 9 0.448118 0.526901 0.448963 0.518809 0.460502 0.520568 0.486959 0.52479 0.504128 0.527252 0.518764 0.529012 0.52949 0.529323 0.526774 0.532233 0.523411 0.536904 0.523076 0.541511 0.508632 0.538863 0.490618 0.534993 0.46782 0.530067
4 9 0.299325 0.513457 0.316293 0.507226 0.326849 0.503943 0.334025 0.503356 0.34744 0.50775 0.362387 0.513822 0.379949 0.517091 0.40349 0.520361 0.448118 0.526901 0.448963 0.518809 0.419455 0.513837 0.388529 0.510205 0.369079 0.507427 0.350996 0.50186 0.334741 0.498078 0.329117 0.497234 0.322553 0.49874 0.300925 0.507958 0.299325 0.513457 0.281239 0.515867 0.273807 0.508619 0.235701 0.506918 0.17913 0.503485 0.14182 0.490016 0.118141 0.47294 0.0835332 0.45131 0.0388894 0.416183 0 0.387748 0 0.406147 0.0656515 0.457999 0.0964279 0.479743 0.125866 0.496469 0.145938 0.506505 0.1727 0.514868 0.21931 0.518144 0.281239 0.515867
1 10 0.63298 0.870918 0.633291 0.870983 0.634502 0.866839 0.63495 0.863618 0.637486 0.859651 0.640819 0.856956 0.646137 0.854407 0.648209 0.850263 0.650281 0.848191 0.653182 0.844565 0.654425 0.841457 0.652579 0.836841 0.652714 0.836796 0.65785 0.842445 0.660931 0.847581 0.661753 0.854514 0.661547 0.861704 0.660315 0.867096 0.655179 0.874799 0.65066 0.876853 0.645524 0.877367 0.638746 0.876083 0.632994 0.870948
2 10 0.650281 0.848191 0.653182 0.844565 0.654425 0.841457 0.652353 0.836277 0.643237 0.827472 0.634949 0.822292 0.628318 0.82022 0.618373 0.82022 0.608427 0.8254 0.602211 0.833962 0.600968 0.837831 0.602578 0.844718 0.607599 0.852853 0.618373 0.864767 0.625832 0.869429 0.633291 0.870983 0.634502 0.866839 0.63495 0.863618 0.637486 0.859651 0.640819 0.856956 0.646137 0.854407 0.648209 0.850263
3 10 0.608427 0.8254 0.591368 0.804982 0.575261 0.780936 0.569173 0.769512 0.561366 0.775367 0.571983 0.790591 0.582289 0.808547 0.600089 0.830797 0.602211 0.833962
4 10 0.369393 0.516929 0.357815 0.513763 0.356006 0.513763 0.356006 0.516929 0.357815 0.51919 0.410995 0.569271 0.436986 0.60026 0.480765 0.658782 0.532697 0.730321 0.561366 0.775367 0.569173 0.769512 0.532277 0.715624 0.484373 0.648767 0.423872 0.572002 0.369393 0.516929 0.369743 0.516337 0.304688 0.438139 0.226293 0.357164 0.21664 0.350429 0.217511 0.356882 0.252445 0.397771 0.29913 0.440644 0.328665 0.476372 0.358288 0.519825 0.355939 0.51597 0.355792 0.513033 0.363869 0.515236 0.369743 0.516337
0 10 0.637747 0.86472 0.63894 0.862298 0.640132 0.861367 0.641622 0.861553 0.642517 0.862298 0.643709 0.863603 0.644305 0.866211 0.643411 0.868819 0.641175 0.869565 0.639387 0.868819 0.637896 0.867515
