1 1 0.235995 0.601577 0.238041 0.600725 0.240496 0.600286 0.24225 0.595464 0.245757 0.589766 0.249614 0.58319 0.251718 0.579245 0.256277 0.574423 0.263291 0.570916 0.267149 0.566971 0.266686 0.566489 0.266839 0.566489 0.271398 0.567804 0.274905 0.571311 0.27736 0.577009 0.279113 0.583146 0.279464 0.59016 0.278061 0.596297 0.275256 0.602873 0.271398 0.608571 0.265436 0.611201 0.25737 0.613393 0.248253 0.610763 0.240537 0.606818
2 1 0.22226 0.566532 0.222962 0.560395 0.22717 0.55645 0.231729 0.555135 0.240847 0.556888 0.253822 0.560395 0.265045 0.564779 0.267149 0.566971 0.263291 0.570916 0.256277 0.574423 0.251718 0.579245 0.249614 0.58319 0.245757 0.589766 0.24225 0.595464 0.240496 0.600286 0.238041 0.600725 0.235937 0.601601 0.22717 0.584944 0.222962 0.57793 0.22226 0.572669
3 1 0.16346 0.536857 0.184214 0.547496 0.204037 0.556581 0.211137 0.560158 0.217912 0.562363 0.222737 0.562363 0.22226 0.566532 0.22226 0.571188 0.209547 0.567312 0.197115 0.56265 0.179296 0.553844 0.162306 0.546074
4 1 0.152942 0.530016 0.135931 0.519384 0.112115 0.503649 0.0761927 0.480692 0.0434773 0.457231 0 0.424581 0 0.435696 0.0377226 0.463483 0.0573706 0.477376 0.0801557 0.492659 0.108498 0.511415 0.150168 0.538654 0.162306 0.546074 0.16346 0.536857
1 2 0.0935597 0.371345 0.0956639 0.362577 0.0984694 0.35644 0.10373 0.352495 0.106886 0.35118 0.11425 0.350303 0.115494 0.35097 0.115173 0.351003 0.113453 0.353691 0.113453 0.372504 0.111732 0.381105 0.111732 0.38648 0.113418 0.38943 0.108289 0.390633 0.101626 0.389318 0.0988201 0.387126 0.0956639 0.382742 0.0935597 0.378358
2 2 0.111732 0.381105 0.113453 0.372504 0.113453 0.353691 0.115173 0.351003 0.120333 0.350466 0.125493 0.353153 0.134094 0.359066 0.143124 0.363366 0.153874 0.369279 0.161467 0.374117 0.163617 0.378206 0.162869 0.385616 0.161096 0.388702 0.15446 0.390798 0.138126 0.392667 0.113883 0.390243 0.111732 0.38648
3 2 0.162568 0.376212 0.1789 0.381315 0.215228 0.39363 0.236938 0.401402 0.232861 0.409417 0.201114 0.398982 0.178857 0.39037 0.162878 0.385528 0.163617 0.378206
4 2 0.269667 0.41444 0.338273 0.434666 0.399455 0.461515 0.452997 0.488875 0.486766 0.511453 0.505613 0.529122 0.524461 0.547774 0.533885 0.562498 0.550376 0.587039 0.558196 0.598819 0.572768 0.627279 0.577322 0.648909 0.578232 0.665985 0.576411 0.679646 0.57459 0.694445 0.572768 0.706968 0.572768 0.720629 0.573679 0.737705 0.57459 0.76275 0.5755 0.776411 0.572768 0.793487 0.559107 0.81967 0.550911 0.831054 0.547268 0.831054 0.543625 0.828777 0.543625 0.821947 0.559107 0.79804 0.567304 0.780964 0.566393 0.771857 0.56275 0.737705 0.561839 0.71949 0.56275 0.698999 0.566393 0.678508 0.569125 0.661431 0.567304 0.642079 0.561839 0.625002 0.548269 0.608037 0.524425 0.56604 0.498414 0.53759 0.445307 0.496947 0.403039 0.473916 0.3521 0.45224 0.266161 0.423205 0.232861 0.409417 0.236938 0.401402
1 3 0.550609 0.281488 0.553419 0.271338 0.557167 0.263922 0.561562 0.258887 0.562447 0.262311 0.562107 0.267414 0.564688 0.271777 0.566719 0.277051 0.567578 0.28252 0.567891 0.288574 0.56755 0.293782 0.56755 0.298885 0.570272 0.301012 0.572109 0.303711 0.573047 0.305273 0.567266 0.30498 0.561226 0.302567 0.556542 0.299444 0.55217 0.292418
2 3 0.562107 0.267414 0.562188 0.262109 0.561719 0.258398 0.56687 0.256357 0.572313 0.252955 0.578097 0.251679 0.583881 0.251679 0.587964 0.252104 0.592727 0.252104 0.599532 0.247851 0.605996 0.247851 0.609398 0.252955 0.610759 0.26146 0.609739 0.268265 0.607017 0.273794 0.602934 0.278046 0.600212 0.281874 0.598171 0.287403 0.59715 0.293357 0.595109 0.298035 0.593067 0.299736 0.588644 0.301862 0.580781 0.304102 0.573594 0.305469 0.572109 0.303027 0.570272 0.301012 0.56755 0.298885 0.56755 0.293782 0.567656 0.287988 0.5675 0.283008 0.566875 0.277051 0.564828 0.271667
3 3 0.598279 0.28711 0.600212 0.281874 0.602934 0.278046 0.6033 0.277666 0.63184 0.276816 0.664461 0.276258 0.665355 0.285195 0.636414 0.284876 0.62122 0.285434 0.607814 0.28711
4 3 0.665355 0.285195 0.671566 0.283845 0.676563 0.281894 0.68031 0.279161 0.684682 0.275257 0.689678 0.273696 0.694987 0.273696 0.704668 0.275648 0.719033 0.276819 0.729963 0.279161 0.739644 0.280332 0.746202 0.282674 0.753072 0.285797 0.762128 0.28853 0.770247 0.290091 0.78167 0.291526 0.794834 0.291526 0.812815 0.289519 0.831116 0.285506 0.843638 0.27788 0.865471 0.262629 0.883772 0.246977 0.907964 0.219586 0.918511 0.207678 0.955903 0.163485 1 0.122096 1 0.11027 0.964933 0.142522 0.948163 0.159723 0.928812 0.182836 0.880367 0.238378 0.870836 0.24822 0.858819 0.25858 0.841414 0.269976 0.831469 0.276192 0.819866 0.280336 0.801632 0.283444 0.7863 0.283444 0.772624 0.283444 0.763508 0.281372 0.754805 0.276192 0.745274 0.271012 0.737815 0.26894 0.727041 0.266868 0.710051 0.268422 0.702823 0.267831 0.700498 0.264343 0.696312 0.258529 0.691196 0.256204 0.684685 0.255622 0.679569 0.256204 0.677243 0.258529 0.677243 0.26318 0.677243 0.26725 0.675383 0.272482 0.674453 0.273063 0.664461 0.276258
4 4 0.820879 0.12764 0.868215 0 0.862064 0 0.834227 0.0718725 0.815991 0.123599 0.815827 0.124693 0.80988 0.140065 0.814863 0.14331
3 4 0.783739 0.210073 0.796046 0.17753 0.80988 0.140065 0.814863 0.14331 0.79823 0.192646 0.790761 0.214431 0.786516 0.210685
2 4 0.759496 0.237775 0.761466 0.231442 0.765406 0.223351 0.770754 0.217018 0.776665 0.212444 0.781731 0.209629 0.786516 0.210685 0.7913 0.214907 0.792989 0.221591 0.794396 0.233905 0.793981 0.246511 0.793552 0.248682 0.793281 0.254883 0.791953 0.263965 0.790312 0.263086 0.782656 0.260156 0.777656 0.258887 0.773672 0.255762 0.765937 0.25498 0.759219 0.252344 0.755391 0.25166 0.757344 0.244043
1 4 0.754734 0.259173 0.755758 0.251168 0.757812 0.252344 0.760234 0.252734 0.765781 0.254688 0.773906 0.256348 0.777344 0.259082 0.782266 0.260352 0.785781 0.26123 0.789766 0.263184 0.792344 0.263965 0.789219 0.269434 0.785731 0.272302 0.780351 0.277106 0.77369 0.280628 0.765237 0.279987 0.760369 0.276785 0.757039 0.26878
4 5 0.918167 0.376316 0.929881 0.356235 0.938386 0.339224 0.944511 0.322212 0.948253 0.300097 0.948253 0.283086 0.944851 0.265224 0.941108 0.252891 0.932943 0.240557 0.923416 0.232477 0.912869 0.226523 0.89926 0.220144 0.887692 0.217592 0.874083 0.213339 0.865682 0.209991 0.856714 0.20532 0.849614 0.199715 0.842141 0.192242 0.835789 0.182433 0.832052 0.172624 0.828689 0.163282 0.8257 0.154408 0.823831 0.146934 0.822337 0.140395 0.819347 0.138994 0.817853 0.139928 0.816358 0.143198 0.816358 0.145066 0.817105 0.152539 0.819721 0.160947 0.821963 0.16842 0.825326 0.176828 0.830557 0.18617 0.84102 0.201116 0.851124 0.210343 0.859749 0.214361 0.867089 0.220156 0.87327 0.222087 0.880996 0.224502 0.891427 0.225951 0.901085 0.231262 0.908425 0.236574 0.917697 0.241403 0.926196 0.246715 0.930446 0.251062 0.935468 0.26072 0.939331 0.276656 0.939958 0.291298 0.938995 0.306549 0.937068 0.320195 0.933858 0.33384 0.930005 0.343473 0.92262 0.357118 0.912667 0.373172 0.898924 0.399673 0.903826 0.403838
3 5 0.859409 0.463695 0.863658 0.458163 0.876979 0.435748 0.887994 0.419417 0.898924 0.399673 0.903826 0.403838 0.89143 0.42683 0.877834 0.448323 0.865025 0.46708 0.864929 0.466739 0.861625 0.464025
2 5 0.82165 0.488213 0.823302 0.48491 0.827927 0.481606 0.834534 0.479954 0.83916 0.477476 0.844446 0.473347 0.850392 0.468391 0.857661 0.463435 0.861625 0.464025 0.864929 0.466739 0.866911 0.47376 0.868893 0.479954 0.869554 0.486562 0.869554 0.490691 0.867572 0.498125 0.862286 0.505145 0.856339 0.512579 0.851714 0.517947 0.846428 0.522903 0.843785 0.525793 0.841803 0.526619 0.840151 0.524555 0.838169 0.517534 0.835856 0.510514 0.832552 0.504732 0.827597 0.498125 0.823302 0.492756
1 5 0.801152 0.518363 0.802433 0.509397 0.806019 0.500431 0.813448 0.490825 0.820365 0.486982 0.82267 0.485701 0.822872 0.485769 0.82165 0.488213 0.823302 0.492756 0.827597 0.498125 0.832552 0.504732 0.835856 0.510514 0.838169 0.517534 0.840151 0.524555 0.841803 0.526619 0.842812 0.526199 0.837016 0.533734 0.828306 0.538537 0.820877 0.538857 0.812679 0.538537 0.807044 0.535975 0.803201 0.529571
0 5 0.818167 0.523657 0.818744 0.52041 0.821341 0.517885 0.823938 0.517885 0.824804 0.52041 0.825381 0.522214 0.825093 0.5251 0.822496 0.526543 0.819321 0.526182
4 6 0.636331 0.713498 0.632254 0.744368 0.629897 0.797739 0.628033 0.84475 0.630433 0.856747 0.63763 0.869242 0.646427 0.885737 0.66686 0.928045 0.681865 0.948191 0.698537 0.973893 0.715765 1 0.727991 1 0.697426 0.954443 0.681865 0.930129 0.661303 0.895396 0.648521 0.871083 0.639629 0.854411 0.636851 0.846075 0.636295 0.83496 0.637107 0.788006 0.638913 0.745827 0.642133 0.714016
1 6 0.687039 0.570264 0.691462 0.568563 0.697926 0.568563 0.70337 0.573666 0.706432 0.57962 0.706772 0.588977 0.705071 0.596207 0.702009 0.602161 0.700255 0.603456 0.701285 0.598268 0.699497 0.591565 0.698157 0.588213 0.696369 0.58151 0.695475 0.574249 0.692794 0.572573 0.68719 0.570705
2 6 0.653023 0.614467 0.654364 0.606088 0.657492 0.597151 0.66062 0.589889 0.66777 0.58151 0.675366 0.575366 0.682516 0.571456 0.686091 0.570339 0.692794 0.572573 0.695475 0.574249 0.696369 0.58151 0.698157 0.588213 0.699497 0.591565 0.701285 0.598268 0.699305 0.608244 0.696987 0.615488 0.690033 0.625629 0.684624 0.630458 0.680375 0.634804 0.67458 0.640599 0.670065 0.643752 0.665982 0.643106 0.661513 0.639603 0.657045 0.633459 0.654373 0.627047 0.653023 0.622287
3 6 0.654373 0.627047 0.65084 0.631958 0.648307 0.640754 0.646055 0.657993 0.639246 0.695094 0.636331 0.713498 0.642133 0.714016 0.647934 0.679828 0.651664 0.657037 0.65415 0.642533 0.657045 0.633459
1 7 0.615392 0.956469 0.617137 0.95756 0.622852 0.955973 0.627613 0.957163 0.631105 0.95875 0.634597 0.95875 0.637772 0.955576 0.638966 0.951323 0.6395 0.952771 0.638496 0.959467 0.636822 0.966164 0.632134 0.970768 0.626442 0.972024 0.621419 0.97035 0.618071 0.966583 0.615392 0.959049
2 7 0.625027 0.894167 0.620947 0.902005 0.614915 0.912719 0.612693 0.921052 0.612058 0.932163 0.612693 0.947639 0.615233 0.956369 0.617137 0.95756 0.622852 0.955973 0.627613 0.957163 0.631105 0.95875 0.634597 0.95875 0.637772 0.955576 0.639894 0.948016 0.640182 0.932557 0.638456 0.920335 0.637018 0.906674 0.633855 0.898406 0.631267 0.89517 0.62865 0.894451
3 7 0.625027 0.894167 0.625193 0.827192 0.630124 0.827728 0.631592 0.868909 0.631267 0.89517 0.62865 0.894451
4 7 0.630406 0.769175 0.638081 0.648628 0.642489 0.5724 0.642489 0.520969 0.63955 0.49158 0.633673 0.461273 0.624856 0.435557 0.616039 0.419945 0.601345 0.408005 0.571221 0.383208 0.553587 0.373106 0.540362 0.365758 0.527872 0.360248 0.518321 0.353819 0.508034 0.348309 0.497748 0.339125 0.483788 0.329022 0.471298 0.327185 0.458073 0.329022 0.444848 0.335451 0.433092 0.342798 0.425745 0.345553 0.42501 0.351064 0.42648 0.351982 0.434562 0.351064 0.447787 0.344635 0.460277 0.337288 0.467624 0.334533 0.480115 0.336369 0.491136 0.343717 0.503626 0.354738 0.510973 0.363003 0.524933 0.37035 0.546975 0.378616 0.558731 0.384127 0.574894 0.394229 0.592528 0.409842 0.611631 0.426373 0.621917 0.446578 0.627412 0.4705 0.633316 0.498964 0.636689 0.532699 0.635002 0.567489 0.635002 0.626526 0.631629 0.665532 0.624759 0.770219 0.625195 0.771036 0.625037 0.818599 0.625193 0.827192 0.630124 0.827728 0.630244 0.81916
1 8 0.21607 0.693729 0.219923 0.685301 0.226023 0.679682 0.231481 0.677274 0.239508 0.677675 0.244645 0.680886 0.249462 0.685702 0.249727 0.686864 0.249076 0.686525 0.246971 0.686963 0.243465 0.690032 0.24101 0.693977 0.236451 0.699676 0.232944 0.704498 0.227333 0.709758 0.224177 0.712388 0.222423 0.715895 0.222584 0.716563 0.218638 0.709783 0.21607 0.700953
2 8 0.261969 0.735477 0.263153 0.726225 0.262857 0.713272 0.260193 0.701059 0.253284 0.688717 0.249076 0.686525 0.246971 0.686963 0.243465 0.690032 0.24101 0.693977 0.236451 0.699676 0.232944 0.704498 0.227333 0.709758 0.224177 0.712388 0.222423 0.715895 0.223475 0.720279 0.230138 0.728169 0.239607 0.736498 0.248024 0.740444 0.254336 0.740882 0.260298 0.73869
4 8 0.309648 0.809944 0.325784 0.841386 0.330633 0.860174 0.334996 0.880175 0.337421 0.903812 0.337421 0.925024 0.335966 0.946237 0.327724 1 0.320935 1 0.328693 0.93654 0.330148 0.920176 0.330148 0.911085 0.327537 0.889678 0.323962 0.865659 0.316365 0.842757 0.308322 0.823765 0.305555 0.818967 0.303406 0.814959 0.294384 0.794307 0.300895 0.788483
3 8 0.254502 0.740821 0.260298 0.73869 0.26146 0.736456 0.265043 0.740145 0.281786 0.759911 0.294344 0.777933 0.300895 0.788483 0.294384 0.794307 0.287368 0.782003 0.27202 0.761655 0.259417 0.746243
0 8 0.236484 0.689551 0.236484 0.68877 0.235859 0.691406 0.23625 0.693555 0.238359 0.695117 0.240781 0.694238 0.241719 0.691895 0.240391 0.688574 0.238984 0.687598 0.237344 0.687988
