4 1 0.736139 0.732605 0.739751 0.737468 0.716808 0.757059 0.685465 0.788914 0.64574 0.827007 0.617815 0.856986 0.58529 0.889839 0.556541 0.92495 0.530152 0.966521 0.511717 1 0.502318 1 0.526176 0.958388 0.555457 0.915009 0.582568 0.883379 0.621971 0.842259 0.649082 0.814244 0.686315 0.775384 0.719211 0.745109
3 1 0.736139 0.732605 0.757535 0.715933 0.767996 0.708803 0.77957 0.701325 0.779445 0.703348 0.779755 0.706058 0.781848 0.707869 0.766982 0.717322 0.739751 0.737468
2 1 0.824662 0.670054 0.823281 0.672656 0.820391 0.682813 0.818516 0.695117 0.818159 0.709929 0.810416 0.712252 0.805151 0.712639 0.794001 0.711478 0.783781 0.709542 0.779755 0.706058 0.779445 0.703348 0.779755 0.698315 0.782542 0.69096 0.788736 0.678958 0.796789 0.67199 0.811345 0.666957 0.818468 0.666957 0.821875 0.668119
1 1 0.824662 0.670054 0.829308 0.678571 0.830547 0.684765 0.830237 0.693282 0.824662 0.702574 0.818159 0.709929 0.818516 0.694922 0.820312 0.683301 0.823281 0.672656
4 2 0.526541 0.37139 0.530655 0.376065 0.576653 0.313877 0.64844 0.228345 0.700642 0.158584 0.760301 0.0656082 0.800591 0 0.792455 0 0.753328 0.0636712 0.695219 0.153257 0.639821 0.227347 0.567378 0.311605
3 2 0.489666 0.435711 0.48989 0.434034 0.495874 0.417204 0.515695 0.384012 0.526541 0.37139 0.530655 0.376065 0.520557 0.388687 0.502232 0.420476 0.497336 0.434755 0.492163 0.434324
2 2 0.486086 0.440292 0.480009 0.462538 0.479575 0.477188 0.483047 0.492922 0.489992 0.504859 0.497371 0.507029 0.503014 0.504859 0.507355 0.498348 0.5143 0.481528 0.516904 0.466336 0.51647 0.454399 0.507789 0.443548 0.498673 0.434866 0.492163 0.434324 0.488256 0.436494
4 3 0.448937 0.13071 0.455263 0.125878 0.483845 0.158462 0.518425 0.19276 0.587276 0.24712 0.621208 0.275398 0.660393 0.308219 0.677359 0.324883 0.695537 0.35518 0.727854 0.407694 0.75088 0.470308 0.741992 0.470308 0.72139 0.413249 0.690286 0.361744 0.668876 0.329932 0.64787 0.309229 0.610302 0.276912 0.572467 0.247096 0.510779 0.198837 0.473851 0.158972
3 3 0.404881 0.0840796 0.406459 0.0840796 0.411218 0.08004 0.413642 0.0714558 0.413387 0.0693866 0.416606 0.0718452 0.422228 0.0859024 0.455263 0.125878 0.448937 0.13071 0.422228 0.101277
2 3 0.363361 0.060521 0.364002 0.0537167 0.366243 0.0501145 0.367204 0.0469124 0.368164 0.0421094 0.368485 0.0349049 0.369125 0.0305021 0.371366 0.0260993 0.380332 0.0301018 0.395702 0.0389074 0.405628 0.050915 0.412834 0.0648915 0.413642 0.0714558 0.411218 0.08004 0.406459 0.0840796 0.402331 0.0840796 0.384961 0.0785251 0.375669 0.0739806 0.364359 0.0638816
1 3 0.366563 0.0248986 0.360479 0.0264996 0.355997 0.0293013 0.354716 0.0341044 0.354716 0.0409087 0.355997 0.0465122 0.358238 0.0513152 0.363361 0.060521 0.364002 0.0537167 0.366243 0.0501145 0.367204 0.0469124 0.368164 0.0421094 0.368485 0.0349049 0.369125 0.0305021 0.371366 0.0260993
4 4 0.282471 0.139285 0.288852 0.142476 0.350528 0.0473026 0.350528 0.0377321
3 4 0.249049 0.18373 0.259502 0.172782 0.276942 0.147793 0.282471 0.139285 0.288852 0.142476 0.275666 0.164275 0.254834 0.191762 0.254834 0.191478 0.253505 0.186497 0.250849 0.18373
2 4 0.219412 0.247379 0.222511 0.241291 0.22524 0.232696 0.225153 0.228563 0.224457 0.223887 0.224283 0.219211 0.222717 0.210076 0.218454 0.196048 0.222068 0.192585 0.230038 0.189265 0.24465 0.18373 0.250849 0.18373 0.253505 0.186497 0.254834 0.191478 0.254834 0.19812 0.253948 0.207529 0.250849 0.220259 0.246864 0.230221 0.232252 0.242951 0.223397 0.247379
1 4 0.215869 0.19978 0.20967 0.214724 0.208342 0.224133 0.20967 0.234649 0.214984 0.246272 0.219412 0.247379 0.222511 0.241291 0.225501 0.232696 0.22524 0.22889 0.224283 0.223996 0.224196 0.219102 0.222543 0.210402 0.21828 0.195613
2 5 0.291973 0.248368 0.288305 0.250869 0.285637 0.253787 0.282302 0.258373 0.279967 0.263792 0.2783 0.27338 0.277966 0.284219 0.281968 0.288388 0.293641 0.297142 0.299977 0.299643 0.308314 0.29881 0.314651 0.295475 0.317652 0.291723 0.318319 0.28672 0.31798 0.275066 0.315379 0.26387 0.307289 0.25448 0.29631 0.249424
1 5 0.286637 0.247117 0.280634 0.247534 0.274298 0.252954 0.272297 0.259207 0.272297 0.265877 0.272964 0.271713 0.275298 0.279633 0.277966 0.284219 0.2783 0.27338 0.279967 0.263792 0.282302 0.258373 0.285637 0.253787 0.288305 0.250869 0.291973 0.248368
3 5 0.313437 0.296114 0.314651 0.295475 0.317652 0.291723 0.318238 0.287332 0.324047 0.296375 0.332715 0.311182 0.342506 0.331067 0.337403 0.33538 0.329248 0.319128 0.319424 0.303598
4 5 0.337403 0.33538 0.342506 0.331067 0.366879 0.37888 0.419936 0.491707 0.461024 0.584656 0.506568 0.699415 0.512136 0.711247 0.517147 0.714727 0.522158 0.714031 0.527726 0.707767 0.529953 0.699415 0.53051 0.686887 0.53051 0.67575 0.529875 0.667481 0.527463 0.659041 0.521194 0.649998 0.506243 0.640955 0.49515 0.632515 0.47526 0.619455 0.470145 0.607054 0.497079 0.625281 0.513477 0.634927 0.52891 0.647587 0.537109 0.659041 0.540003 0.677729 0.540003 0.693404 0.537109 0.710886 0.531804 0.718121 0.527463 0.723546 0.517818 0.725958 0.508172 0.720532 0.501902 0.713298 0.449816 0.583684 0.407857 0.486021 0.35705 0.379631
