1 1 0.092006 0.93601 0.0962839 0.940288 0.100562 0.945279 0.102558 0.951696 0.105695 0.959182 0.11254 0.965243 0.116818 0.969877 0.117959 0.975938 0.121666 0.979146 0.123092 0.979146 0.118029 0.987012 0.11177 0.989419 0.103585 0.990322 0.0901034 0.98641 0.0833628 0.979188 0.0807147 0.970762 0.0807147 0.959628 0.0848072 0.946688
4 1 0.174912 0.855107 0.18247 0.862036 0.202019 0.820389 0.212022 0.793992 0.220635 0.767248 0.230721 0.716147 0.241226 0.666086 0.249155 0.628007 0.261494 0.531455 0.254886 0.529686 0.246391 0.591631 0.237895 0.638827 0.223736 0.701363 0.214769 0.746199 0.204386 0.782776 0.189755 0.822303
3 1 0.132789 0.917116 0.139133 0.910223 0.150975 0.895106 0.166597 0.87054 0.174912 0.855107 0.18247 0.862036 0.169368 0.885027 0.158534 0.901405 0.144425 0.919672 0.139798 0.925981 0.138493 0.922107
2 1 0.0945727 0.932802 0.106266 0.92282 0.119099 0.917829 0.132789 0.917116 0.138493 0.922107 0.140774 0.92888 0.141345 0.938506 0.136211 0.958113 0.128511 0.973086 0.123092 0.979146 0.121666 0.979146 0.117959 0.975938 0.116818 0.969877 0.11254 0.965243 0.105695 0.959182 0.102558 0.951696 0.100562 0.945279 0.0962839 0.940288 0.092006 0.93601
2 2 0.492088 0.791719 0.483791 0.796904 0.477798 0.798057 0.471576 0.797481 0.466966 0.794888 0.460052 0.789414 0.458669 0.782788 0.459821 0.777026 0.466044 0.764638 0.476876 0.755996 0.488861 0.751674 0.495775 0.751674 0.500385 0.754843 0.502689 0.760605 0.50292 0.766943 0.501076 0.775298 0.496697 0.786245
4 2 0.433337 0.828059 0.441173 0.833533 0.432211 0.854113 0.420672 0.871187 0.413372 0.879135 0.404894 0.882961 0.399949 0.883256 0.396181 0.879135 0.394768 0.869126 0.394842 0.85361 0.406851 0.831641 0.420326 0.814797 0.438194 0.796124 0.458406 0.776351 0.459821 0.777026 0.458716 0.782555 0.455184 0.78697 0.437901 0.804911 0.422962 0.820656 0.411538 0.837865 0.406558 0.847019 0.403922 0.857271 0.403043 0.86789 0.405094 0.871551 0.413296 0.866059 0.423841 0.852877 0.429992 0.837499 0.433337 0.828059 0.433337 0.828059 0.441173 0.833533 0.448548 0.820857 0.457536 0.805588 0.466966 0.794888 0.460052 0.789414 0.458669 0.782788 0.449239 0.798962 0.433337 0.828059
4 3 0.557954 0.560253 0.562632 0.55102 0.592177 0.568833 0.637942 0.593672 0.671964 0.607221 0.701169 0.614371 0.727664 0.615877 0.74904 0.609855 0.758073 0.603834 0.761385 0.593672 0.761686 0.579371 0.758976 0.554155 0.753326 0.530797 0.745355 0.509275 0.738659 0.500507 0.728456 0.495725 0.72463 0.495725 0.71921 0.504094 0.717616 0.512464 0.718572 0.520435 0.726862 0.542355 0.728775 0.567464 0.727181 0.580218 0.723674 0.587392 0.717616 0.589384 0.710282 0.587392 0.700398 0.578225 0.700398 0.572645 0.704224 0.574638 0.712195 0.579022 0.71634 0.580616 0.720485 0.575834 0.72176 0.56587 0.720485 0.549928 0.713471 0.52721 0.70805 0.512464 0.708369 0.498515 0.712833 0.48616 0.720804 0.481377 0.729413 0.481775 0.742166 0.491341 0.753645 0.508478 0.763529 0.53279 0.768949 0.571848 0.768949 0.593768 0.768949 0.602935 0.76321 0.611305 0.745992 0.619674 0.729094 0.624058 0.706456 0.624855 0.676485 0.618877 0.645557 0.606921 0.598688 0.583007 0.569354 0.565073
3 3 0.496893 0.519212 0.511911 0.532246 0.557954 0.560253 0.562632 0.55102 0.544905 0.540248 0.5289 0.531322 0.514373 0.520242 0.503764 0.503686 0.503236 0.511614 0.4998 0.517891
1 3 0.45279 0.496387 0.45408 0.495097 0.460158 0.486838 0.464915 0.47891 0.473372 0.471972 0.478922 0.465696 0.482886 0.454464 0.476059 0.447476 0.469515 0.443809 0.461391 0.443527 0.454621 0.445501 0.44582 0.454246 0.44221 0.462144 0.441082 0.469478 0.441759 0.478504 0.445595 0.487813
2 3 0.45408 0.495097 0.460158 0.486838 0.464915 0.47891 0.473372 0.471972 0.478922 0.465696 0.482886 0.454464 0.492665 0.468339 0.497686 0.480231 0.502443 0.496088 0.503764 0.503686 0.503236 0.511614 0.4998 0.517891 0.496893 0.519212 0.479715 0.512275 0.457251 0.499391 0.45279 0.496387
4 4 0.836874 0.395913 0.838846 0.403304 0.875572 0.381195 0.910969 0.355827 0.939287 0.339898 0.959582 0.323969 1 0.300961 1 0.290342 0.959582 0.31807 0.924656 0.338718 0.891147 0.359957 0.854805 0.384145
3 4 0.771596 0.429461 0.795893 0.419 0.824513 0.40337 0.836874 0.395913 0.838846 0.403304 0.819462 0.416035 0.791209 0.432462 0.776939 0.442102 0.778488 0.436295 0.776629 0.431649
1 4 0.728315 0.425842 0.71812 0.43188 0.710535 0.442716 0.708097 0.450504 0.708097 0.457615 0.709452 0.46642 0.715411 0.475563 0.718391 0.479287 0.725435 0.480981 0.736271 0.480981 0.746898 0.474621 0.739774 0.474234 0.736368 0.467265 0.730173 0.454103 0.727386 0.44094 0.727386 0.429326
2 4 0.776939 0.442102 0.754021 0.47075 0.746898 0.474621 0.739774 0.474234 0.736368 0.467265 0.730173 0.454103 0.727386 0.44094 0.727386 0.429326 0.728315 0.425842 0.736368 0.422745 0.748756 0.422745 0.769506 0.428552 0.776629 0.431649 0.778488 0.436295
4 5 0.404524 0.242056 0.40538 0.250612 0.464434 0.243725 0.492962 0.2382 0.531534 0.232675 0.568098 0.231671 0.607474 0.231671 0.649662 0.236191 0.730825 0.248747 0.779041 0.255779 0.806765 0.259294 0.837703 0.268335 0.857793 0.277375 0.907234 0.299255 0.933664 0.308694 0.967173 0.328752 0.971893 0.326983 0.972365 0.319903 0.931776 0.299255 0.871365 0.273887 0.830304 0.256778 0.785939 0.247339 0.697682 0.23377 0.630191 0.22492 0.590074 0.221381 0.542406 0.22374 0.505592 0.22669 0.472555 0.23141 0.439989 0.237309 0.416863 0.241439
3 5 0.321234 0.240644 0.342352 0.240986 0.366023 0.24063 0.404524 0.242056 0.40538 0.250612 0.36802 0.249186 0.349482 0.249899 0.323138 0.252615 0.324109 0.251203 0.325012 0.246311
1 5 0.271406 0.246094 0.271797 0.247852 0.272578 0.252246 0.274141 0.260352 0.274609 0.265723 0.276797 0.276562 0.278043 0.281311 0.27985 0.288462 0.281484 0.292187 0.278093 0.291384 0.268759 0.28875 0.261232 0.283105 0.258522 0.274448 0.258522 0.263911 0.262738 0.251867 0.269453 0.242773
2 5 0.272422 0.240527 0.280753 0.236525 0.297614 0.23088 0.309055 0.23088 0.317485 0.23502 0.325012 0.246311 0.324109 0.251203 0.311162 0.270021 0.299119 0.281311 0.290689 0.287709 0.281797 0.292187 0.27985 0.288462 0.278043 0.281311 0.277031 0.276758 0.274609 0.265234 0.274375 0.260547 0.272578 0.251953 0.271016 0.246191 0.269531 0.242383
4 6 0.218843 0.640222 0.229173 0.635183 0.201892 0.577302 0.185612 0.554691 0.178828 0.535471 0.166618 0.500424 0.196465 0.554691 0.202796 0.556386 0.177472 0.507207 0.157574 0.475552 0.139485 0.428634 0.129084 0.398674 0.120492 0.395848 0.114613 0.40037 0.114613 0.412241 0.120492 0.426373 0.141746 0.473291 0.161192 0.513991 0.180185 0.560909 0.19963 0.593695 0.210032 0.616871
3 6 0.241946 0.719063 0.248684 0.712106 0.242023 0.676756 0.229173 0.635183 0.218843 0.640222 0.226402 0.661954 0.232701 0.681795 0.23648 0.697228
2 6 0.247441 0.770975 0.242532 0.759706 0.23931 0.750918 0.239017 0.732977 0.241946 0.719063 0.248684 0.712106 0.252784 0.712106 0.257178 0.714303 0.265966 0.726386 0.273582 0.742131 0.275925 0.757875 0.269774 0.760072 0.259832 0.765696 0.256177 0.771004 0.251027 0.77838
0 6 0.268199 0.777613 0.264099 0.777613 0.261464 0.774685 0.262049 0.771025 0.267027 0.767731 0.269956 0.767731 0.272298 0.771025 0.27142 0.774685 0.270834 0.776881
1 6 0.251027 0.77838 0.256177 0.771004 0.259832 0.765696 0.269774 0.760072 0.275925 0.757875 0.276833 0.762832 0.276833 0.77292 0.275772 0.779556 0.273648 0.784865 0.271312 0.787785 0.267065 0.789112 0.263242 0.789112 0.257509 0.787785 0.252837 0.78221
