4 1 0.411936 0.892671 0.417485 0.883751 0.441626 0.904533 0.476781 0.923701 0.501465 0.929778 0.526149 0.923701 0.546344 0.910611 0.574394 0.895184 0.601696 0.883029 0.622265 0.878354 0.640217 0.879756 0.658917 0.887704 0.681051 0.896219 0.698871 0.901062 0.723664 0.901546 0.748845 0.900093 0.765891 0.888955 0.776351 0.868617 0.790313 0.843789 0.805939 0.831309 0.818961 0.825341 0.831115 0.825341 0.848043 0.832937 0.863669 0.836192 0.880598 0.838363 0.900565 0.83782 0.929213 0.827511 0.930081 0.83348 0.897526 0.844331 0.881032 0.848672 0.868878 0.848672 0.850213 0.842161 0.822433 0.836735 0.811582 0.83782 0.802032 0.843789 0.793351 0.850842 0.78684 0.862236 0.772516 0.889365 0.755588 0.904557 0.739093 0.911611 0.712615 0.910526 0.687523 0.906841 0.653432 0.893767 0.626701 0.886019 0.617016 0.884566 0.602683 0.887956 0.573628 0.905389 0.551376 0.919112 0.525141 0.933541 0.50975 0.936602 0.495409 0.936602 0.478269 0.933541 0.46008 0.925233 0.438043 0.912116 0.418455 0.897687
3 1 0.356183 0.841205 0.36094 0.838232 0.362261 0.832946 0.39185 0.862939 0.417485 0.883751 0.411936 0.892671 0.389736 0.873841 0.369123 0.855011
1 1 0.316012 0.815107 0.317862 0.810152 0.322884 0.802554 0.333455 0.793305 0.341119 0.785376 0.345612 0.783394 0.337315 0.774714 0.333032 0.772824 0.325221 0.773139 0.311867 0.778179 0.303553 0.784793 0.302797 0.791091 0.303301 0.798335 0.307332 0.807154
2 1 0.316012 0.815107 0.330019 0.828652 0.341647 0.835919 0.350633 0.841205 0.356183 0.841205 0.36094 0.838232 0.362261 0.832946 0.36094 0.821054 0.355126 0.79826 0.345612 0.783394 0.341119 0.785376 0.333455 0.793305 0.322884 0.802554 0.317862 0.810152
4 2 0.378898 0.663114 0.382321 0.667748 0.414878 0.617893 0.427576 0.597375 0.438415 0.574921 0.449875 0.555177 0.478138 0.522255 0.499485 0.501078 0.522525 0.483289 0.553296 0.463596 0.586955 0.451441 0.632583 0.441624 0.665494 0.442091 0.690552 0.450506 0.69317 0.443494 0.671852 0.433676 0.65203 0.432274 0.617997 0.432274 0.582093 0.442091 0.545442 0.457519 0.51066 0.480426 0.473635 0.51502 0.442219 0.553355 0.414918 0.602442 0.392104 0.638906
3 2 0.32755 0.723705 0.333893 0.727669 0.335743 0.731964 0.351234 0.716944 0.360361 0.703397 0.372624 0.68379 0.382321 0.667748 0.378898 0.663114 0.360361 0.689494 0.346386 0.707319 0.332697 0.720153
1 2 0.280938 0.745605 0.285391 0.753223 0.296016 0.765137 0.310156 0.77207 0.316016 0.774902 0.311756 0.776127 0.300405 0.77774 0.288539 0.775482 0.281574 0.77129 0.276672 0.764841 0.276414 0.758069 0.277962 0.750008
2 2 0.319622 0.770615 0.31625 0.775 0.310234 0.77207 0.296016 0.765234 0.285469 0.75332 0.280781 0.745508 0.286852 0.740553 0.306144 0.729321 0.317508 0.724036 0.32755 0.723705 0.333893 0.727669 0.335743 0.731964 0.333365 0.741544 0.327286 0.759383
4 3 0.519199 0.502059 0.51888 0.493689 0.5489 0.496551 0.572225 0.503532 0.601136 0.517494 0.630375 0.534742 0.677621 0.564245 0.707914 0.582477 0.735216 0.604449 0.764013 0.627357 0.799543 0.648861 0.825348 0.663354 0.843988 0.665334 0.864389 0.65611 0.88913 0.639833 0.908229 0.633864 0.929498 0.628981 0.94252 0.621928 0.959014 0.609991 0.972904 0.602395 1 0.598597 1 0.606736 0.978113 0.608906 0.961619 0.619215 0.944256 0.628981 0.926894 0.636035 0.906927 0.641461 0.892169 0.646886 0.873938 0.658823 0.856141 0.669132 0.84529 0.67293 0.832268 0.67293 0.817944 0.668589 0.787125 0.652855 0.741789 0.621668 0.722341 0.603904 0.699528 0.589879 0.671852 0.570244 0.643802 0.554817 0.611639 0.534715 0.587329 0.521625 0.55741 0.508535 0.54432 0.505263 0.52749 0.503393
3 3 0.445558 0.515886 0.446475 0.50465 0.459576 0.504849 0.478387 0.500465 0.49688 0.493291 0.51888 0.493689 0.519199 0.502059 0.517923 0.502059 0.501981 0.502457 0.48859 0.50445 0.477112 0.509631 0.468184 0.513617 0.457663 0.516008 0.45288 0.516407
1 3 0.41337 0.537561 0.408626 0.532902 0.404899 0.516808 0.404899 0.502407 0.405916 0.490548 0.408965 0.482078 0.404899 0.481231 0.389652 0.48716 0.380842 0.495631 0.376776 0.507066 0.376438 0.516808 0.378471 0.526549 0.384231 0.533749 0.391685 0.538831 0.404899 0.540526
2 3 0.41337 0.537561 0.424212 0.532478 0.434038 0.523584 0.445558 0.515886 0.446475 0.50465 0.430989 0.490548 0.417097 0.482925 0.408965 0.482078 0.405916 0.490548 0.404899 0.502407 0.404899 0.516808 0.408626 0.532902
1 4 0.607346 0.756074 0.607346 0.752886 0.607346 0.744516 0.606389 0.73535 0.602244 0.726581 0.598594 0.71875 0.597266 0.713867 0.597656 0.711816 0.595781 0.705371 0.590306 0.706679 0.582309 0.713128 0.578955 0.719577 0.578439 0.725059 0.581019 0.737635 0.584115 0.746019 0.59108 0.753436 0.602173 0.757951
2 4 0.610534 0.756473 0.620737 0.753683 0.627752 0.750096 0.645607 0.740132 0.645607 0.728574 0.640505 0.718212 0.626157 0.708248 0.616911 0.705458 0.605648 0.705857 0.596016 0.705566 0.597734 0.711523 0.5975 0.713867 0.598984 0.719238 0.602244 0.726581 0.606389 0.73535 0.607346 0.744516 0.607346 0.752886 0.607346 0.756074
3 4 0.645607 0.740132 0.653619 0.738308 0.664178 0.733446 0.695615 0.723861 0.716214 0.719768 0.715027 0.711911 0.666123 0.722331 0.658621 0.722331 0.640505 0.718212 0.645607 0.728574
4 4 0.715027 0.711911 0.716214 0.719768 0.733166 0.719363 0.762752 0.722659 0.790579 0.728517 0.817528 0.736206 0.848243 0.750889 0.878214 0.762049 0.89288 0.768426 0.901489 0.7756 0.915199 0.798716 0.942048 0.84748 0.955512 0.861037 0.963365 0.868985 0.971593 0.880205 0.970097 0.882075 0.958503 0.870387 0.954016 0.872257 0.953642 0.880205 0.971967 0.892827 0.980569 0.890957 0.981691 0.885815 0.974959 0.867115 0.949528 0.839533 0.925966 0.802133 0.906144 0.768006 0.894924 0.757254 0.863509 0.747437 0.831345 0.729204 0.77749 0.716582 0.753554 0.711907
0 4 0.598332 0.746 0.598139 0.741192 0.59987 0.738067 0.601794 0.737346 0.604294 0.737586 0.60564 0.739269 0.606409 0.741192 0.606409 0.743356 0.606025 0.746 0.605256 0.747203 0.60314 0.747924 0.601409 0.748164 0.600447 0.748164
4 5 0.164104 0.22893 0.178888 0.22893 0.198252 0.164142 0.210405 0.130502 0.225163 0.0941491 0.243828 0.051828 0.25468 0.0263269 0.262493 0.0116772 0.301124 0.0458597 0.363284 0.0987808 0.395362 0.127158 0.431389 0.153067 0.460999 0.165405 0.488636 0.166638 0.547857 0.16232 0.605345 0.159481 0.643658 0.159481 0.693978 0.157337 0.733434 0.157337 0.771747 0.151619 0.770603 0.144471 0.72257 0.150189 0.662528 0.146615 0.621356 0.14733 0.562458 0.150189 0.535583 0.151619 0.488121 0.155193 0.457814 0.155193 0.433226 0.145186 0.399488 0.11588 0.351455 0.075137 0.290269 0.0236727 0.267396 0 0.257104 0 0.251385 0.00151446 0.235374 0.0401127 0.201065 0.115165 0.176476 0.184499
1 5 0.166208 0.385532 0.160957 0.404845 0.156931 0.413566 0.151699 0.418765 0.143648 0.42212 0.138147 0.422455 0.131036 0.419101 0.124729 0.413901 0.120838 0.406186 0.118155 0.392433 0.119855 0.376378 0.131354 0.381306 0.143181 0.38377 0.155008 0.387055
3 5 0.138808 0.323794 0.147678 0.288477 0.164104 0.22893 0.178888 0.22893 0.173303 0.25357 0.161805 0.299565 0.156877 0.316812 0.154677 0.334343 0.15238 0.329151 0.145809 0.323813 0.142852 0.325455 0.139131 0.331464
2 5 0.166208 0.385532 0.155008 0.387055 0.143181 0.38377 0.131354 0.381306 0.119855 0.376378 0.123797 0.35954 0.134967 0.338186 0.142852 0.325455 0.145809 0.323813 0.15238 0.329151 0.160921 0.348452 0.165521 0.37186
0 1 0.340625 0.779004 0.337578 0.780273 0.337578 0.78291 0.338359 0.786523 0.341484 0.787305 0.345156 0.786719 0.345625 0.783691 0.344375 0.780957 0.342109 0.778906
