4 1 0.733654 0.593148 0.704001 0.614142 0.678409 0.632636 0.64522 0.655129 0.625626 0.666125 0.600035 0.676622 0.573644 0.686118 0.549651 0.692616 0.52486 0.696115 0.490071 0.698115 0.419281 0.70915 0.38631 0.713393 0.367401 0.715817 0.3514 0.722484 0.33637 0.727939 0.319884 0.733393 0.304854 0.736424 0.288369 0.736424 0.264126 0.736424 0.245462 0.736804 0.21865 0.734569 0.191198 0.737254 0.179775 0.736578 0.152463 0.736998 0.149525 0.740398 0.151009 0.743798 0.178899 0.745244 0.186904 0.746456 0.215026 0.747668 0.232481 0.747062 0.242663 0.748274 0.254299 0.746456 0.266421 0.74585 0.277573 0.745244 0.293088 0.744032 0.310058 0.74282 0.324119 0.741002 0.330907 0.738577 0.341574 0.733729 0.35515 0.72888 0.366787 0.725244 0.379878 0.721607 0.429819 0.715546 0.469577 0.71191 0.49576 0.707667 0.516124 0.705849 0.531639 0.702213 0.550549 0.700394 0.568974 0.696758 0.58158 0.691909 0.601459 0.685243 0.622793 0.676758 0.639278 0.668879 0.668855 0.649484 0.701654 0.624945 0.736035 0.598251
3 1 0.733654 0.593148 0.753727 0.580814 0.760532 0.57486 0.764615 0.570607 0.769378 0.563803 0.775162 0.558274 0.782647 0.553596 0.792173 0.550194 0.798638 0.549768 0.802395 0.548725 0.802095 0.5521 0.804337 0.562843 0.804497 0.563015 0.799998 0.563378 0.792854 0.566355 0.783667 0.572734 0.777543 0.57486 0.766996 0.582515 0.761553 0.582941 0.755428 0.585492 0.736035 0.598251
2 1 0.806953 0.565645 0.815921 0.569382 0.825636 0.57125 0.831988 0.57125 0.83423 0.566112 0.834604 0.558639 0.83423 0.54883 0.833857 0.54089 0.830867 0.531548 0.830867 0.522674 0.829746 0.516601 0.827878 0.513799 0.824515 0.513332 0.817415 0.520338 0.8077 0.535752 0.802842 0.543692 0.802095 0.5521 0.804337 0.562843
1 1 0.826087 0.51355 0.828327 0.5111 0.833636 0.509148 0.844565 0.508758 0.855808 0.512661 0.86299 0.52164 0.866425 0.532179 0.86705 0.543109 0.864239 0.55482 0.859243 0.563798 0.853309 0.568482 0.848937 0.570043 0.843316 0.571214 0.832004 0.571214 0.83423 0.566112 0.834604 0.558639 0.83423 0.54883 0.833857 0.54089 0.830867 0.531548 0.830867 0.522674 0.829746 0.516601 0.827878 0.513799
4 2 0.0365481 0.152758 0.0375609 0.14896 0.130953 0.173233 0.189861 0.186432 0.243211 0.200325 0.270998 0.207272 0.294894 0.21144 0.318181 0.214086 0.335375 0.210088 0.353769 0.208088 0.368165 0.205589 0.38216 0.20209 0.382605 0.203044 0.38432 0.208097 0.385327 0.207985 0.385268 0.208114 0.341899 0.21479 0.324176 0.217955 0.313035 0.217955 0.28569 0.21479 0.247711 0.207195 0.181375 0.19137 0.141877 0.183141 0.0963018 0.17238 0.0411056 0.157822 0.0370545 0.155923
3 2 0.382605 0.203044 0.402505 0.20033 0.420957 0.198069 0.432174 0.198069 0.43941 0.198973 0.449228 0.20061 0.448756 0.206816 0.449446 0.209692 0.445109 0.207684 0.435528 0.206445 0.399187 0.206445 0.38432 0.208097
2 2 0.448756 0.206816 0.449416 0.198144 0.451729 0.193188 0.455166 0.190044 0.460771 0.18911 0.46675 0.186307 0.473476 0.182104 0.47796 0.182104 0.48207 0.183972 0.486749 0.185755 0.486749 0.202273 0.485427 0.208881 0.484106 0.216727 0.481132 0.223748 0.478489 0.230355 0.477498 0.235311 0.476837 0.237376 0.469239 0.234072 0.456024 0.223748 0.450738 0.215075
1 2 0.477107 0.236534 0.477498 0.235311 0.478489 0.230355 0.481132 0.223748 0.484106 0.216727 0.485427 0.208881 0.486749 0.202273 0.486749 0.185755 0.485758 0.185377 0.492836 0.188207 0.499149 0.195181 0.505066 0.201207 0.507925 0.204893 0.509328 0.209926 0.509328 0.216939 0.508627 0.223076 0.506873 0.229213 0.502314 0.234912 0.4953 0.240611 0.488287 0.243241 0.481624 0.241488 0.477415 0.237104
4 3 0.173316 0.81671 0.173492 0.816379 0.173507 0.816541 0.178994 0.815683 0.182175 0.873005 0.18575 0.907078 0.189325 0.926629 0.195581 0.955675 0.207199 1 0.202284 1 0.188878 0.947296 0.183962 0.924394 0.179643 0.892832 0.17628 0.866675
3 3 0.165309 0.733724 0.166488 0.734461 0.169832 0.732942 0.170886 0.73177 0.173157 0.745964 0.175962 0.762622 0.178066 0.788047 0.179119 0.815664 0.173507 0.816541 0.171905 0.799599 0.167953 0.748414
1 3 0.132416 0.674404 0.133202 0.667525 0.136347 0.659991 0.140802 0.652784 0.147615 0.649181 0.15705 0.648526 0.164125 0.652456 0.172511 0.659663 0.176704 0.665559 0.178712 0.678741 0.177127 0.677089 0.172263 0.678229 0.167704 0.680129 0.160713 0.682408 0.153722 0.685068 0.147339 0.687348 0.140044 0.690007 0.135788 0.692287 0.135323 0.694323 0.135211 0.694313 0.132678 0.685541
2 3 0.13518 0.694947 0.135788 0.692287 0.140044 0.690007 0.147339 0.687348 0.153722 0.685068 0.160713 0.682408 0.167704 0.680129 0.172263 0.678229 0.177127 0.677089 0.17895 0.678989 0.180774 0.682408 0.181078 0.696086 0.178511 0.711034 0.176519 0.720403 0.172567 0.729902 0.169832 0.732942 0.166488 0.734461 0.161017 0.731042 0.150986 0.723063 0.142171 0.710525 0.136092 0.698366
3 4 0.180026 0.504986 0.180708 0.494191 0.181246 0.494864 0.183718 0.496581 0.187563 0.496924 0.188962 0.496463 0.187929 0.513899 0.190427 0.535368 0.195112 0.561522 0.20167 0.586504 0.196049 0.588456 0.183966 0.533483 0.181433 0.51941
2 4 0.165589 0.448168 0.166413 0.438211 0.16861 0.437181 0.17162 0.436599 0.173771 0.436599 0.178501 0.438211 0.184091 0.438749 0.199572 0.438749 0.202582 0.439824 0.204732 0.445199 0.204732 0.450574 0.197852 0.477988 0.190908 0.495823 0.187563 0.496924 0.183718 0.496581 0.181246 0.494864 0.178499 0.491431 0.175203 0.483533 0.171632 0.473233 0.167786 0.461216
1 4 0.166501 0.43817 0.167838 0.427136 0.172167 0.418118 0.178227 0.413067 0.186884 0.410903 0.196696 0.413789 0.202756 0.420643 0.206508 0.431464 0.205642 0.443729 0.204732 0.445841 0.204732 0.445199 0.202582 0.439824 0.199572 0.438749 0.184091 0.438749 0.178501 0.438211 0.173771 0.436599 0.17162 0.436599 0.16861 0.437181
0 4 0.175949 0.434268 0.176189 0.431868 0.178109 0.429168 0.180029 0.428268 0.181949 0.428568 0.182909 0.429468 0.182909 0.433968 0.180989 0.436368 0.178829 0.437268 0.176189 0.436368
4 4 0.195831 0.588498 0.195991 0.588197 0.196049 0.588456 0.20167 0.586504 0.201393 0.585452 0.226513 0.652777 0.236445 0.676875 0.25105 0.704624 0.277972 0.755401 0.305582 0.812347 0.311104 0.828741 0.313865 0.859803 0.318697 0.927103 0.311794 0.928829 0.306352 0.85811 0.304882 0.833313 0.294596 0.805761 0.28431 0.780964 0.262198 0.740604 0.240115 0.698412 0.223595 0.662571 0.209506 0.627348
4 5 0.366074 0.381636 0.396525 0.364766 0.40435 0.359237 0.411495 0.352007 0.415918 0.345628 0.422382 0.334145 0.429527 0.315858 0.444314 0.29638 0.462085 0.273683 0.477924 0.256782 0.502041 0.235253 0.522941 0.213024 0.540724 0.196352 0.558508 0.186626 0.580737 0.176901 0.592963 0.174122 0.609079 0.171344 0.621306 0.168565 0.629086 0.164397 0.634087 0.160229 0.638533 0.153977 0.645202 0.143557 0.714306 0.0635838 0.719513 0.0595159 0.722767 0.0603294 0.723418 0.0660246 0.721465 0.0717197 0.652786 0.144388 0.641635 0.161358 0.631452 0.168631 0.622725 0.174692 0.609231 0.177829 0.592953 0.180155 0.572954 0.187131 0.557606 0.194108 0.546444 0.200503 0.535282 0.209804 0.51351 0.23153 0.502288 0.241612 0.493872 0.248188 0.484403 0.256078 0.475986 0.265722 0.459504 0.285887 0.444074 0.30386 0.435307 0.317011 0.430046 0.326655 0.423734 0.340682 0.419525 0.34945 0.414265 0.356902 0.401991 0.365669 0.369728 0.387149 0.368612 0.3868 0.368783 0.386715
2 5 0.253734 0.405223 0.255602 0.395414 0.26046 0.390276 0.266438 0.38654 0.273538 0.38654 0.284748 0.388875 0.292583 0.391531 0.297208 0.394009 0.301834 0.398551 0.303486 0.40129 0.303486 0.407945 0.301503 0.410114 0.295557 0.414244 0.288949 0.419613 0.284324 0.424568 0.280359 0.427872 0.273752 0.429937 0.257844 0.431847 0.255976 0.43138 0.254855 0.430446 0.254481 0.427643 0.253734 0.421571
1 5 0.238032 0.412158 0.240922 0.402927 0.247664 0.395301 0.256333 0.390485 0.265002 0.386472 0.265424 0.387174 0.26046 0.390276 0.255602 0.395414 0.253734 0.405223 0.253734 0.421571 0.254481 0.427643 0.254855 0.430446 0.255976 0.43138 0.256144 0.431422 0.247343 0.431422 0.243169 0.430218 0.238353 0.420184
3 5 0.303486 0.407945 0.328081 0.403321 0.347125 0.396616 0.359731 0.391251 0.368783 0.386715 0.366061 0.381611 0.353813 0.386715 0.343946 0.390117 0.327955 0.394795 0.313666 0.398197 0.303486 0.40129
2 6 0.208901 0.378082 0.211283 0.3683 0.217067 0.36022 0.227274 0.350013 0.238501 0.343208 0.243605 0.341082 0.245306 0.342783 0.244625 0.347886 0.243605 0.354266 0.243945 0.36107 0.246667 0.366599 0.248028 0.376806 0.248028 0.383185 0.247007 0.38999 0.247007 0.395093 0.247103 0.395936 0.245501 0.397748 0.232717 0.395518 0.22183 0.394242 0.215025 0.38999 0.209922 0.383185
1 6 0.243605 0.354266 0.244625 0.347886 0.245306 0.342783 0.243862 0.341339 0.245076 0.340037 0.25209 0.340037 0.258753 0.34179 0.264364 0.345736 0.268573 0.350558 0.271378 0.359325 0.273482 0.36853 0.275236 0.375544 0.276288 0.382558 0.275645 0.386979 0.273538 0.38654 0.266438 0.38654 0.265424 0.387174 0.265002 0.386472 0.256333 0.390485 0.247664 0.395301 0.247103 0.395936 0.247007 0.395093 0.247007 0.38999 0.248028 0.383185 0.248028 0.376806 0.246667 0.366599 0.243945 0.36107
0 6 0.258371 0.364471 0.254537 0.362958 0.252116 0.361444 0.252116 0.359931 0.252519 0.357409 0.255143 0.355391 0.257564 0.355139 0.259986 0.356148 0.2616 0.357913 0.261802 0.360688 0.260389 0.362958 0.258371 0.364471 0.259935 0.375433 0.262051 0.375727 0.263461 0.377784 0.263696 0.380428 0.263226 0.383366 0.261346 0.385129 0.258525 0.385423 0.256175 0.384248 0.255704 0.37984 0.257585 0.376902 0.259935 0.375433
3 6 0.139456 0.422645 0.153842 0.412836 0.17813 0.396489 0.206903 0.380608 0.209235 0.37975 0.209922 0.383185 0.213254 0.387628 0.201298 0.392752 0.180372 0.404429 0.1587 0.415639 0.143379 0.426849
4 6 0.127948 0.437851 0.105262 0.455689 0.0843365 0.467366 0.0615428 0.47951 0.0469697 0.487918 0.026418 0.495391 0.0211866 0.495391 0.020813 0.492588 0.0226813 0.488852 0.0338913 0.485582 0.0559377 0.474839 0.0720054 0.466899 0.0854575 0.459425 0.125179 0.432658 0.139456 0.422645 0.143379 0.426849
4 7 0.382811 0.505568 0.369302 0.460229 0.356496 0.42526 0.344539 0.39957 0.330713 0.375282 0.318756 0.352862 0.303758 0.319413 0.285601 0.283678 0.250316 0.212753 0.236429 0.192759 0.221749 0.173443 0.205523 0.156058 0.159933 0.115583 0.121331 0.0870959 0.0481142 0.0402048 0.0424889 0.0358233 0.0278319 0.0298627 0.0200631 0.0246027 0.0107074 0.0155136 0.0102218 0.0102929 0.0127147 0.00844253 0.0182472 0.0126713 0.0300424 0.0227474 0.0469458 0.0299813 0.0510352 0.0321721 0.091929 0.0591912 0.132823 0.0884011 0.170796 0.116881 0.207585 0.147533 0.22379 0.164623 0.243032 0.189943 0.258224 0.213996 0.29519 0.289954 0.322653 0.346981 0.338857 0.379896 0.354049 0.408381 0.369334 0.446259 0.387422 0.503728
2 7 0.388604 0.610554 0.389568 0.60333 0.392136 0.598113 0.39342 0.591691 0.395668 0.585671 0.400484 0.581256 0.404658 0.580052 0.409474 0.580052 0.411401 0.58246 0.41429 0.588882 0.418143 0.599317 0.419748 0.611357 0.419106 0.622193 0.416638 0.638316 0.416139 0.640073 0.414732 0.640073 0.411636 0.638666 0.408821 0.637259 0.406288 0.634092 0.402911 0.633388 0.401503 0.635499 0.400659 0.64148 0.39897 0.644295 0.397 0.645702 0.39503 0.643591 0.39306 0.640777 0.389401 0.621075
1 7 0.39287 0.641485 0.393207 0.640987 0.39503 0.643591 0.397 0.645702 0.39897 0.644295 0.400659 0.64148 0.401503 0.635499 0.402911 0.633388 0.406288 0.634092 0.408821 0.637259 0.411636 0.638666 0.414732 0.640073 0.416139 0.640073 0.416326 0.639417 0.416474 0.639808 0.414328 0.646179 0.411914 0.650537 0.407891 0.653219 0.402526 0.653219 0.399039 0.651543 0.395821 0.646514
0 7 0.401242 0.636172 0.401242 0.641125 0.403082 0.642009 0.404921 0.642186 0.407185 0.641479 0.408318 0.639356 0.408318 0.635642 0.406053 0.634757 0.403223 0.63405 0.40195 0.63405
3 7 0.382811 0.505568 0.387422 0.503728 0.396161 0.52956 0.401226 0.545842 0.405568 0.563933 0.408147 0.580052 0.404658 0.580052 0.401813 0.580873 0.398185 0.559747 0.395872 0.547771 0.392569 0.53786
