4 1 0.0533112 0.769031 0.0537251 0.727383 0.0576966 0.680613 0.0667254 0.621502 0.0727377 0.586212 0.076136 0.564319 0.0897291 0.525762 0.0939116 0.508117 0.0952186 0.498315 0.096787 0.486225 0.0991397 0.47152 0.103299 0.419077 0.108654 0.381462 0.114264 0.355961 0.116559 0.348629 0.119874 0.341616 0.123955 0.336197 0.1288 0.330778 0.13645 0.32504 0.145631 0.318665 0.196845 0.296639 0.270484 0.269635 0.272342 0.274571 0.203814 0.299543 0.170827 0.314352 0.145274 0.326258 0.134356 0.332646 0.126923 0.340486 0.120883 0.349488 0.117631 0.359651 0.113914 0.377073 0.111359 0.39827 0.107177 0.423533 0.105783 0.448505 0.10346 0.479865 0.100208 0.498449 0.0971884 0.517033 0.0878964 0.545199 0.0820889 0.559718 0.0804628 0.565816 0.0781398 0.574237 0.0732616 0.603855 0.0669895 0.650605 0.0623384 0.692527 0.0593843 0.728033 0.0578394 0.768492
3 1 0.0508342 0.846351 0.0531692 0.800183 0.0531692 0.769048 0.0578394 0.768492 0.0573947 0.813527 0.0573947 0.844337 0.0572181 0.844337 0.0515159 0.846119
1 1 0.0360823 0.889142 0.0375759 0.900344 0.0393184 0.905322 0.0418077 0.910301 0.0447949 0.913413 0.0492756 0.917147 0.0528906 0.919043 0.0601563 0.918555 0.0639062 0.916504 0.0673438 0.913867 0.0704687 0.908203 0.0721875 0.900781 0.0669496 0.89941 0.0667007 0.898788 0.058486 0.897543 0.0520138 0.895988 0.048031 0.893809 0.0428034 0.891009 0.0355845 0.885097
2 1 0.0360726 0.880867 0.0370229 0.872848 0.0384485 0.864532 0.0408244 0.856514 0.0434379 0.850574 0.046289 0.847901 0.0515159 0.846119 0.0572181 0.844337 0.060782 0.844337 0.0655338 0.847604 0.06886 0.85295 0.0705231 0.85978 0.0721863 0.867502 0.0733742 0.884133 0.073125 0.891016 0.0725781 0.895996 0.0721094 0.900684 0.0667969 0.899121 0.058486 0.897543 0.0520138 0.895988 0.048031 0.893809 0.0428034 0.891009 0.0360726 0.885497
4 2 0.376969 0.748853 0.377817 0.754859 0.343051 0.756979 0.284824 0.754506 0.239316 0.749913 0.171761 0.74426 0.116078 0.741433 0.0445665 0.739313 0 0.739667 0 0.732954 0.0798984 0.732247 0.149149 0.73472 0.205397 0.739667 0.28652 0.74638 0.325243 0.7485 0.353792 0.7485
3 2 0.376969 0.748853 0.387145 0.74744 0.398451 0.744967 0.420781 0.740373 0.440584 0.735131 0.441415 0.7379 0.444524 0.741433 0.429826 0.74638 0.413432 0.75062 0.39195 0.754859 0.377817 0.754859
2 2 0.462331 0.704688 0.463462 0.711401 0.466289 0.720941 0.46855 0.728007 0.471659 0.736134 0.47816 0.746733 0.480421 0.749206 0.482965 0.752033 0.471094 0.75274 0.459222 0.749913 0.452156 0.747086 0.447916 0.74426 0.444524 0.741433 0.441415 0.7379 0.440567 0.735074 0.442546 0.726594 0.445372 0.720234 0.449329 0.714934 0.454134 0.708221
1 2 0.462331 0.704688 0.478725 0.689495 0.484096 0.686316 0.495119 0.682429 0.499762 0.684467 0.505485 0.688571 0.508654 0.693226 0.510807 0.698532 0.513911 0.70744 0.51515 0.714731 0.514634 0.723061 0.512361 0.730834 0.508687 0.738607 0.504164 0.743553 0.497663 0.74744 0.491445 0.749913 0.486922 0.75168 0.482965 0.752033 0.480421 0.749206 0.47816 0.746733 0.471659 0.736134 0.46855 0.728007 0.466289 0.720941 0.463462 0.711401
4 3 0.275846 0.467845 0.28038 0.473512 0.313413 0.429388 0.337054 0.397003 0.361342 0.367452 0.381421 0.33871 0.409919 0.290943 0.43477 0.243902 0.451983 0.211321 0.464301 0.184057 0.474058 0.14861 0.479547 0.117738 0.481986 0.0830534 0.485035 0.0388406 0.487475 0 0.482291 0 0.478327 0.0571355 0.474973 0.0891517 0.472229 0.120406 0.465521 0.151278 0.456678 0.180626 0.437773 0.222934 0.422528 0.256855 0.39722 0.299925 0.365813 0.3449 0.342945 0.376535 0.315807 0.411981 0.283181 0.455813
3 3 0.232218 0.52644 0.239244 0.52644 0.241462 0.530138 0.260301 0.502659 0.28038 0.473512 0.275846 0.467845 0.244757 0.503468 0.23407 0.519256
2 3 0.201021 0.552877 0.209379 0.562827 0.213757 0.567304 0.221318 0.571781 0.22888 0.574269 0.236442 0.576756 0.239625 0.578746 0.242202 0.568039 0.242202 0.563417 0.241092 0.557408 0.239983 0.550013 0.239613 0.544466 0.240723 0.537533 0.241462 0.530138 0.239244 0.52644 0.232218 0.52644 0.214839 0.533836 0.205965 0.545391
1 3 0.201021 0.552877 0.194653 0.560837 0.191868 0.568299 0.19147 0.576258 0.19147 0.584716 0.192266 0.593173 0.19346 0.598147 0.196643 0.602625 0.200623 0.610087 0.207389 0.613072 0.21694 0.615062 0.227686 0.6076 0.236442 0.598147 0.240421 0.584716 0.239625 0.578746 0.236442 0.576756 0.22888 0.574269 0.221318 0.571781 0.213757 0.567304 0.209379 0.562827
4 4 0.521633 0.460808 0.526531 0.46403 0.544575 0.449852 0.58118 0.418274 0.609794 0.393785 0.634798 0.36994 0.657741 0.347707 0.678621 0.328051 0.698986 0.307751 0.710844 0.29164 0.719866 0.279395 0.722444 0.276173 0.725795 0.270373 0.727599 0.249106 0.727599 0.223328 0.719608 0.176928 0.716515 0.138905 0.714195 0.106038 0.714968 0.0834824 0.71703 0.0673711 0.72167 0.047071 0.718061 0.0419154 0.711101 0.0680156 0.710328 0.0763934 0.708781 0.0854157 0.707492 0.0950825 0.706977 0.104427 0.706461 0.115383 0.709812 0.149216 0.713679 0.182405 0.720639 0.222684 0.72167 0.23235 0.721413 0.248139 0.720639 0.256517 0.717804 0.268117 0.714968 0.273917 0.708524 0.283906 0.702852 0.290351 0.685839 0.307751 0.666505 0.327084 0.628096 0.366396 0.591749 0.398941 0.556691 0.429552 0.528078 0.455008
3 4 0.481512 0.511763 0.491731 0.496253 0.511322 0.470152 0.521633 0.460808 0.526531 0.46403 0.51158 0.480141 0.498948 0.499153 0.486931 0.517791 0.486878 0.517583 0.48459 0.513292 0.482302 0.511862
2 4 0.448047 0.544238 0.447344 0.549414 0.446719 0.553613 0.447109 0.557324 0.457578 0.561523 0.46428 0.564067 0.47229 0.56657 0.477153 0.562994 0.482302 0.555486 0.486592 0.546904 0.488023 0.539037 0.488309 0.529383 0.488309 0.523304 0.486878 0.517583 0.48459 0.513292 0.482302 0.511862 0.479441 0.511504 0.474292 0.512577 0.463422 0.517941 0.453696 0.529025 0.449405 0.53868
1 4 0.447031 0.55752 0.447031 0.562695 0.447734 0.566699 0.448594 0.57168 0.452266 0.575509 0.45484 0.575867 0.458559 0.575867 0.461705 0.575152 0.465424 0.573006 0.468571 0.570861 0.47229 0.56657 0.46428 0.564067 0.459375 0.562598 0.457266 0.561035 0.453359 0.55957 0.449844 0.558691
4 5 0.511346 0.69003 0.533124 0.683929 0.561092 0.676102 0.585304 0.667753 0.609936 0.656275 0.633104 0.64062 0.6546 0.61688 0.674218 0.598354 0.703856 0.577482 0.738921 0.55087 0.771899 0.525824 0.790683 0.514344 0.803624 0.503387 0.81406 0.497647 0.823244 0.493994 0.83201 0.490342 0.842028 0.485124 0.853299 0.480949 0.863318 0.477819 0.873336 0.477297 0.874589 0.485124 0.846203 0.492951 0.819487 0.502865 0.780247 0.528433 0.728903 0.569655 0.685906 0.600441 0.664409 0.61688 0.648548 0.635663 0.638739 0.645579 0.619953 0.66019 0.587391 0.677145 0.550239 0.688625 0.511334 0.697347 0.508038 0.690466
3 5 0.934008 0.461044 0.934008 0.465014 0.938092 0.468985 0.915498 0.47521 0.874589 0.485124 0.873336 0.477297 0.902974 0.468948 0.925099 0.461643
2 5 0.96441 0.429848 0.966225 0.436087 0.968493 0.441759 0.969855 0.449133 0.971216 0.458208 0.97167 0.466716 0.97167 0.471821 0.972577 0.478627 0.960326 0.48203 0.955788 0.480896 0.949436 0.477493 0.944444 0.475224 0.941268 0.471821 0.938092 0.468985 0.934008 0.465014 0.934008 0.461044 0.935369 0.45367 0.937638 0.447998 0.942176 0.442894 0.947167 0.439491 0.955788 0.432684
1 5 0.96441 0.429848 0.976661 0.429848 0.983467 0.430415 0.98619 0.433251 0.992089 0.438356 0.993904 0.44573 0.993904 0.455939 0.993904 0.463313 0.991181 0.470119 0.986644 0.474657 0.982106 0.476358 0.972577 0.478627 0.97167 0.471821 0.97167 0.466716 0.971216 0.458208 0.969855 0.449133 0.968493 0.441759 0.966225 0.436087
1 6 0.762889 0.458836 0.764117 0.453082 0.767493 0.449629 0.771483 0.448862 0.7767 0.449629 0.78161 0.453849 0.784066 0.457686 0.789283 0.461138 0.795421 0.462289 0.798797 0.463824 0.800332 0.466893 0.800332 0.473414 0.798183 0.479553 0.795421 0.483772 0.791431 0.487225 0.786521 0.490294 0.782838 0.491829 0.777314 0.491445 0.770562 0.485691 0.767493 0.479553 0.765344 0.473414 0.763503 0.467276 0.763196 0.464207
2 6 0.766463 0.450683 0.767519 0.445135 0.770501 0.436937 0.775271 0.430229 0.779146 0.425384 0.784215 0.422403 0.791072 0.422403 0.794351 0.423148 0.800314 0.427248 0.80419 0.43321 0.806873 0.438427 0.808065 0.445508 0.808065 0.458924 0.80568 0.464141 0.80091 0.468986 0.800332 0.469348 0.800332 0.466893 0.798797 0.463824 0.795421 0.462289 0.789283 0.461138 0.784066 0.457686 0.78161 0.453849 0.7767 0.449629 0.771483 0.448862 0.767493 0.449629
3 6 0.788843 0.422403 0.798525 0.399298 0.806276 0.366876 0.808662 0.346006 0.815519 0.346752 0.811047 0.376565 0.803891 0.40377 0.797523 0.425329 0.794351 0.423148 0.791072 0.422403
4 6 0.808662 0.346006 0.815519 0.346752 0.82265 0.311369 0.82824 0.283883 0.836067 0.258726 0.84613 0.234501 0.862901 0.200958 0.876318 0.181858 0.89868 0.156235 0.915451 0.137134 0.929986 0.126419 0.93744 0.12176 0.95682 0.114772 0.969492 0.114307 1 0.114307 1 0.104057 0.966883 0.104989 0.955702 0.106387 0.943776 0.11058 0.937813 0.112443 0.927377 0.117568 0.912097 0.126885 0.902034 0.136202 0.891226 0.147849 0.872591 0.171608 0.855074 0.20189 0.839794 0.22891 0.827495 0.257794 0.816687 0.295064 0.811469 0.325811
0 6 0.767002 0.457451 0.767923 0.453998 0.770378 0.451313 0.773447 0.450545 0.776823 0.451696 0.779278 0.455149 0.779892 0.459369 0.779892 0.465507 0.778357 0.469727 0.773447 0.471645 0.768843 0.467809 0.767616 0.462822
4 7 0.771515 0.0484451 0.77404 0.0397625 0.751939 0.022792 0.738047 0.0113467 0.725734 0 0.716577 0 0.731417 0.0164774 0.753202 0.0346319
3 7 0.821592 0.0708228 0.819855 0.0764659 0.820203 0.0816748 0.803403 0.0693623 0.771515 0.0484451 0.77404 0.0397625 0.805929 0.0606797
2 7 0.862221 0.066048 0.86361 0.0747295 0.864305 0.082977 0.86361 0.0925268 0.860485 0.100774 0.852498 0.110758 0.847984 0.110758 0.839649 0.105983 0.828884 0.0955653 0.822286 0.0864497 0.820203 0.0816748 0.819855 0.0764659 0.821592 0.0708228 0.826801 0.0669161 0.833051 0.0647457 0.842427 0.0621412 0.851109 0.0612731 0.85736 0.0630094
1 7 0.858401 0.11206 0.869514 0.115099 0.876112 0.112494 0.879585 0.108154 0.88271 0.102511 0.884099 0.0968676 0.884099 0.0907905 0.884099 0.0842793 0.882363 0.0795044 0.878195 0.0734273 0.873334 0.0699547 0.86743 0.0682184 0.862221 0.066048 0.86361 0.0747295 0.864305 0.082977 0.86361 0.0925268 0.860485 0.100774 0.852498 0.110758
