4 1 0.562853 0.782872 0.567972 0.779852 0.567929 0.779702 0.568202 0.779816 0.582332 0.836699 0.59915 0.904727 0.624258 1 0.617981 1 0.585826 0.875285 0.574486 0.829071
3 1 0.548711 0.702737 0.550924 0.702616 0.554769 0.701289 0.554904 0.701165 0.557124 0.72509 0.559457 0.741634 0.561789 0.754268 0.565116 0.76984 0.567972 0.779852 0.562781 0.782915 0.557247 0.758841 0.55459 0.746389 0.551636 0.730151
2 1 0.567104 0.661416 0.563108 0.658772 0.557467 0.656128 0.548065 0.654365 0.541248 0.653777 0.535607 0.653777 0.530671 0.654952 0.52785 0.656128 0.526205 0.659066 0.525264 0.663179 0.524649 0.674115 0.5253 0.680901 0.527472 0.686873 0.531163 0.692844 0.535506 0.697187 0.54137 0.701259 0.54593 0.702888 0.550924 0.702616 0.554769 0.701289 0.558744 0.697628 0.561673 0.692921 0.564811 0.684292 0.566484 0.678278 0.56753 0.671741 0.568158 0.663112
1 1 0.52711 0.657449 0.528317 0.644311 0.530968 0.63724 0.533973 0.631716 0.538746 0.627739 0.545287 0.625087 0.550236 0.625087 0.5566 0.627739 0.561726 0.632379 0.564908 0.639229 0.567206 0.647183 0.568443 0.654475 0.568443 0.663092 0.568137 0.663399 0.568158 0.663112 0.567104 0.661416 0.563108 0.658772 0.557467 0.656128 0.548065 0.654365 0.541248 0.653777 0.535607 0.653777 0.530671 0.654952 0.52785 0.656128
1 2 0.148196 0.845621 0.148672 0.837299 0.152 0.830167 0.156042 0.825411 0.162462 0.821845 0.167693 0.82125 0.168133 0.821425 0.168338 0.825011 0.169457 0.830605 0.170576 0.837878 0.171471 0.844311 0.172813 0.851584 0.173485 0.859136 0.174156 0.866129 0.175257 0.868055 0.173162 0.868803 0.167217 0.868506 0.161511 0.86702 0.155329 0.86494 0.150098 0.860184 0.148196 0.853349
2 2 0.168114 0.821095 0.169457 0.820815 0.179305 0.820157 0.185012 0.82113 0.196234 0.82558 0.199666 0.827528 0.203918 0.831444 0.20705 0.837878 0.206155 0.844032 0.203022 0.850185 0.195862 0.859695 0.190268 0.86501 0.183331 0.867248 0.177736 0.868087 0.175275 0.868087 0.174156 0.866129 0.173485 0.859136 0.172813 0.851584 0.171471 0.844311 0.170576 0.837878 0.169457 0.830605 0.168338 0.825011
3 2 0.205612 0.845099 0.206155 0.844032 0.20705 0.837878 0.206312 0.836362 0.250893 0.836362 0.278503 0.836323 0.278364 0.838146 0.278364 0.844835 0.267523 0.845251
4 2 0.278364 0.838146 0.278484 0.83657 0.315247 0.832663 0.362143 0.827402 0.401825 0.819886 0.430083 0.813874 0.455936 0.80711 0.48239 0.798843 0.500427 0.792831 0.502832 0.795837 0.503433 0.798843 0.502832 0.801098 0.453878 0.81872 0.406375 0.829568 0.36892 0.835848 0.329638 0.840987 0.278367 0.844498 0.278364 0.844494
0 2 0.169741 0.851524 0.167438 0.8521 0.165595 0.854115 0.165365 0.85757 0.167899 0.859009 0.170202 0.859009 0.171583 0.856706 0.171814 0.853251 0.171123 0.851812
2 3 0.918065 0.861381 0.919968 0.849831 0.921598 0.843037 0.9235 0.838961 0.926986 0.837883 0.933012 0.84032 0.939262 0.84032 0.944969 0.842358 0.950948 0.844056 0.955024 0.845415 0.956997 0.847113 0.95786 0.849735 0.958131 0.853426 0.95786 0.857117 0.954316 0.867452 0.949198 0.881723 0.941718 0.899932 0.9366 0.904853 0.932663 0.904853 0.927545 0.900916 0.922427 0.889597 0.919277 0.873849
1 3 0.923956 0.83882 0.925647 0.833323 0.929984 0.827046 0.938886 0.820198 0.945048 0.818201 0.950983 0.819057 0.955091 0.82191 0.957602 0.828758 0.959428 0.8396 0.958515 0.8493 0.957946 0.850902 0.95786 0.849735 0.956997 0.847113 0.955024 0.845415 0.950948 0.844056 0.944969 0.842358 0.939262 0.84032 0.933012 0.84032 0.926986 0.837883
3 3 0.921777 0.980862 0.927527 0.947097 0.930788 0.931132 0.933234 0.916864 0.934981 0.904853 0.9366 0.904853 0.941718 0.899932 0.942141 0.898902 0.942188 0.899135 0.938728 0.926809 0.933213 0.957968 0.92835 0.982159
4 3 0.919022 1 0.921676 0.980647 0.921836 0.980519 0.921777 0.980862 0.9283 0.982149 0.928312 0.982306 0.926189 1
2 4 0.73875 0.131344 0.739764 0.125638 0.742554 0.12215 0.745598 0.120248 0.750163 0.120248 0.75625 0.12215 0.766649 0.126906 0.775368 0.134785 0.779907 0.138405 0.78338 0.142127 0.786484 0.145996 0.783629 0.147399 0.782388 0.14926 0.777422 0.153516 0.772031 0.156641 0.769219 0.159082 0.766797 0.161328 0.764141 0.16582 0.762891 0.169727 0.762043 0.17252 0.761797 0.17627 0.76 0.178711 0.757578 0.180859 0.756585 0.182755 0.753855 0.178413 0.74666 0.164147 0.741723 0.149571 0.740018 0.140538
1 4 0.75625 0.182715 0.757578 0.18125 0.76 0.178613 0.76125 0.177539 0.761875 0.173242 0.763125 0.169824 0.764297 0.165625 0.766953 0.161133 0.769297 0.159375 0.772422 0.156836 0.777266 0.153613 0.781797 0.149902 0.783828 0.147852 0.784922 0.147168 0.785781 0.145898 0.786524 0.145324 0.792378 0.152641 0.796768 0.164348 0.797939 0.17386 0.796768 0.186298 0.794426 0.193615 0.78828 0.198371 0.781841 0.199103 0.775988 0.198005 0.771305 0.19581 0.764281 0.192152
3 4 0.678964 0.0742069 0.681408 0.0677347 0.700227 0.0789181 0.713607 0.0901633 0.722919 0.0991748 0.733132 0.108937 0.744547 0.120202 0.744735 0.120787 0.742554 0.12215 0.739764 0.125638 0.739528 0.126968 0.724952 0.11253 0.711906 0.0986683 0.701469 0.0892914 0.690053 0.0807299
4 4 0.464747 0.038417 0.46517 0.0341881 0.467285 0.0326022 0.500693 0.0394743 0.517338 0.0425159 0.536907 0.0445544 0.562673 0.0461852 0.586482 0.0457775 0.598876 0.0474082 0.614531 0.049039 0.634753 0.0510774 0.65106 0.0551543 0.671282 0.0624928 0.681368 0.0678415 0.678964 0.0742069 0.679611 0.0745876 0.679246 0.07474 0.659359 0.0655331 0.644628 0.0595486 0.632843 0.0572469 0.615298 0.0558615 0.597959 0.053747 0.579352 0.0532184 0.559476 0.053747 0.532411 0.0516325 0.504922 0.049518 0.471937 0.0431746 0.466439 0.0415887
4 5 0.15827 0.656342 0.162488 0.595808 0.166835 0.541521 0.169515 0.514434 0.172819 0.494096 0.186288 0.445878 0.196756 0.41376 0.217216 0.353093 0.238628 0.302537 0.259985 0.257009 0.274412 0.230048 0.274585 0.229912 0.274537 0.229993 0.278282 0.233593 0.278243 0.233755 0.262411 0.269114 0.245271 0.307501 0.231129 0.34378 0.216677 0.383927 0.20451 0.422646 0.190034 0.470263 0.179504 0.512609 0.174742 0.554408 0.170798 0.605019 0.16931 0.653105 0.166621 0.661506 0.163261 0.664026 0.159229 0.664026 0.158704 0.662265
3 5 0.274537 0.229993 0.287802 0.208011 0.297058 0.193743 0.310324 0.175618 0.319047 0.166076 0.320573 0.170844 0.323931 0.172343 0.316494 0.180246 0.306768 0.192246 0.295515 0.208011 0.286877 0.221123 0.278547 0.233849
1 5 0.339033 0.114688 0.342219 0.111452 0.349663 0.10649 0.35785 0.104629 0.364797 0.104319 0.369263 0.10649 0.372489 0.111452 0.373729 0.117345 0.372985 0.122617 0.370504 0.130681 0.365278 0.140904 0.365278 0.139443 0.362644 0.13615 0.357376 0.132857 0.352108 0.128467 0.349181 0.124443 0.345376 0.119687 0.34245 0.116394 0.33923 0.114565
2 5 0.318757 0.15982 0.320054 0.152686 0.322648 0.141338 0.326938 0.131028 0.331035 0.123345 0.336889 0.116028 0.33923 0.114565 0.34245 0.116394 0.345376 0.119687 0.349181 0.124443 0.352108 0.128467 0.357376 0.132857 0.362644 0.13615 0.365278 0.139443 0.365278 0.143833 0.3644 0.146759 0.3586 0.156049 0.355332 0.160792 0.344437 0.16825 0.336655 0.172465 0.329133 0.172789 0.324204 0.172465 0.320573 0.170844 0.319016 0.16598
3 6 0.250306 0.515592 0.256567 0.51237 0.273876 0.554261 0.291695 0.598418 0.289837 0.598429 0.285184 0.600738 0.284947 0.601033 0.263997 0.551143
4 6 0.250306 0.515592 0.228397 0.454235 0.201115 0.391152 0.198617 0.382679 0.197547 0.370639 0.208844 0.261289 0.210687 0.227591 0.2096 0.211274 0.20688 0.188838 0.206336 0.164363 0.206336 0.146007 0.211775 0.13241 0.217214 0.121532 0.227505 0.108607 0.231311 0.0996851 0.233215 0.0925477 0.235118 0.0788679 0.235594 0.0634036 0.232614 0.0204495 0.23285 0 0.238338 0 0.239069 0.0198288 0.240062 0.0266562 0.243042 0.0682411 0.242545 0.0825165 0.241552 0.0924472 0.239069 0.100516 0.235594 0.108585 0.231125 0.116653 0.225663 0.124722 0.219705 0.134032 0.216229 0.138997 0.213746 0.144583 0.212753 0.156376 0.215229 0.19143 0.216942 0.214275 0.216942 0.234978 0.213899 0.278525 0.206286 0.340977 0.204859 0.362389 0.204859 0.374285 0.205334 0.382612 0.209141 0.390938 0.215803 0.407592 0.23872 0.462467 0.256567 0.51237
2 6 0.277344 0.615863 0.278771 0.609086 0.28248 0.604092 0.285184 0.600738 0.289837 0.598429 0.293004 0.598411 0.295607 0.599455 0.300458 0.601595 0.305879 0.605519 0.313013 0.611583 0.317484 0.6205 0.318435 0.623353 0.319291 0.62585 0.318463 0.628426 0.317008 0.629191 0.313862 0.632384 0.309011 0.638378 0.301884 0.644398 0.296177 0.646895 0.293609 0.648679 0.289614 0.649749 0.287046 0.647252 0.285334 0.644398 0.280483 0.634411 0.277915 0.624424
1 6 0.289756 0.649711 0.293609 0.648679 0.296177 0.646895 0.301884 0.644398 0.309011 0.638378 0.313862 0.632384 0.317008 0.629191 0.318463 0.628426 0.319291 0.62585 0.319146 0.625429 0.319784 0.626126 0.320679 0.637315 0.321127 0.645147 0.320456 0.654377 0.319282 0.660599 0.315882 0.665152 0.310783 0.668491 0.304955 0.668491 0.299127 0.665759 0.294513 0.659689
0 6 0.305862 0.656716 0.302982 0.657616 0.302022 0.659416 0.302262 0.662416 0.303702 0.664216 0.306822 0.664816 0.309222 0.662416 0.309462 0.658816 0.308022 0.657316
0 4 0.776541 0.166244 0.774812 0.168046 0.774812 0.171169 0.777118 0.17285 0.780001 0.17213 0.780962 0.169487 0.780193 0.167805 0.779136 0.166124
1 10 0.956955 0.697497 0.953188 0.701197 0.951394 0.704672 0.949779 0.712296 0.950587 0.720145 0.952022 0.72463 0.95543 0.732142 0.960005 0.736738 0.963862 0.740214 0.97032 0.741672 0.974625 0.741672 0.980635 0.740551 0.981621 0.739766 0.97606 0.735505 0.971306 0.729451 0.965925 0.722836 0.961529 0.715212 0.959018 0.704896 0.9583 0.699291
2 10 0.956776 0.6966 0.963503 0.6929 0.97319 0.690209 0.983505 0.688079 0.995076 0.688639 0.999219 0.689675 0.999112 0.707475 0.997946 0.712857 0.995973 0.719136 0.994179 0.724293 0.991936 0.729787 0.989156 0.732926 0.98198 0.739654 0.97624 0.735617 0.971575 0.729787 0.966373 0.723284 0.961799 0.715324 0.95848 0.704 0.958839 0.699403
