2 1 0.443118 0.583955 0.444814 0.580657 0.451599 0.572648 0.458006 0.56723 0.458473 0.566408 0.468987 0.555492 0.473807 0.552711 0.478071 0.551089 0.480852 0.551089 0.482891 0.552479 0.483076 0.554797 0.481408 0.557809 0.479554 0.560126 0.478627 0.56198 0.478441 0.564761 0.480666 0.568469 0.484745 0.572177 0.487525 0.57658 0.489194 0.582141 0.489565 0.585849 0.489194 0.58863 0.487525 0.590947 0.483818 0.593496 0.472705 0.597147 0.462717 0.599502 0.456121 0.599738 0.451222 0.598324 0.446699 0.596204 0.444061 0.593378 0.443307 0.590551 0.443118 0.586782
3 1 0.375279 0.621314 0.383801 0.616665 0.413911 0.60077 0.443118 0.586454 0.443118 0.586782 0.443307 0.590551 0.444061 0.593378 0.444414 0.593756 0.418538 0.607502 0.401498 0.615002 0.376538 0.626702
4 1 0.0126964 0.785882 0.0158245 0.784207 0.0314649 0.787 0.0506802 0.791468 0.0774922 0.793703 0.0962606 0.793703 0.114582 0.793144 0.135999 0.789533 0.150684 0.784469 0.170939 0.771809 0.207731 0.743393 0.226379 0.728371 0.244612 0.713349 0.271131 0.689376 0.308756 0.659059 0.333481 0.643606 0.371025 0.623553 0.375302 0.621414 0.376378 0.626017 0.342166 0.645875 0.325771 0.653873 0.312176 0.66287 0.292982 0.677865 0.271789 0.695359 0.258994 0.707855 0.235001 0.727848 0.208424 0.749016 0.193678 0.762422 0.176697 0.776945 0.161503 0.785882 0.147204 0.792585 0.123966 0.797054 0.106092 0.799847 0.0819609 0.800406 0.0596175 0.800964 0.0363804 0.798171 0.0185057 0.792585 0.0131433 0.790351
1 1 0.478441 0.564761 0.478627 0.56198 0.479554 0.560126 0.481408 0.557809 0.483076 0.554797 0.482891 0.552479 0.480852 0.551089 0.480294 0.551089 0.484237 0.549446 0.492446 0.548762 0.499743 0.55127 0.50631 0.556058 0.509047 0.561987 0.508317 0.571108 0.50631 0.578861 0.503392 0.584106 0.500473 0.586614 0.496642 0.588439 0.488068 0.591175 0.48703 0.591288 0.487525 0.590947 0.489194 0.58863 0.489565 0.585849 0.489194 0.582141 0.487525 0.57658 0.484745 0.572177 0.480666 0.568469
0 1 0.497127 0.576337 0.49923 0.576539 0.5002 0.578965 0.500362 0.580987 0.499392 0.583008 0.498421 0.583817 0.496319 0.583817 0.494702 0.581998 0.495025 0.579572 0.495834 0.577348 0.497127 0.576337 0.497734 0.560547 0.498672 0.562598 0.498594 0.566211 0.496875 0.566895 0.487344 0.563574 0.4875 0.561133 0.486797 0.559766 0.485234 0.559863 0.4825 0.561035 0.482266 0.563281 0.484063 0.565527 0.486484 0.56543 0.487344 0.563574 0.496875 0.566895 0.494531 0.567383 0.493359 0.566016 0.493359 0.563281 0.494531 0.561426 0.496484 0.560449 0.497734 0.560547
4 2 0.703235 0.621681 0.665686 0.62846 0.620999 0.635163 0.594634 0.639073 0.57095 0.641308 0.553969 0.642983 0.537882 0.645776 0.513751 0.645218 0.500792 0.645218 0.490514 0.645776 0.479342 0.650245 0.429243 0.675928 0.408314 0.688718 0.397152 0.698602 0.380409 0.706159 0.360495 0.712897 0.331404 0.721988 0.294554 0.732291 0.253799 0.745272 0.211132 0.756181 0.201435 0.761029 0.190283 0.769515 0.188828 0.771333 0.190283 0.774969 0.194162 0.773757 0.207738 0.76709 0.224223 0.762848 0.246527 0.757393 0.279982 0.746484 0.327013 0.731938 0.35756 0.722847 0.379863 0.714362 0.398288 0.705877 0.415258 0.693149 0.442895 0.679209 0.469562 0.666482 0.485078 0.661027 0.496714 0.659209 0.541073 0.655975 0.58479 0.649817 0.616809 0.645969 0.641438 0.642121 0.7037 0.629238
3 2 0.703235 0.621681 0.712536 0.618193 0.737651 0.610635 0.752069 0.60424 0.767417 0.595519 0.780439 0.590287 0.783757 0.590287 0.782929 0.591767 0.782929 0.597033 0.779974 0.597263 0.766487 0.60424 0.755325 0.611216 0.738581 0.61703 0.721373 0.622843 0.7037 0.629238
2 2 0.782929 0.591767 0.785544 0.587096 0.791523 0.581024 0.798623 0.574952 0.805349 0.570748 0.814317 0.568413 0.821436 0.566085 0.824692 0.566455 0.826765 0.567566 0.828245 0.570156 0.828541 0.573857 0.828837 0.579038 0.830614 0.58348 0.832686 0.58644 0.834759 0.589401 0.837127 0.592732 0.837127 0.596803 0.835351 0.600133 0.833278 0.604204 0.820843 0.616787 0.811073 0.622339 0.80456 0.625299 0.79923 0.625299 0.796381 0.623062 0.791523 0.618858 0.786665 0.610451 0.782929 0.602977
1 2 0.824157 0.566395 0.830471 0.563764 0.838374 0.564524 0.844757 0.570603 0.848405 0.576682 0.848709 0.583521 0.847189 0.589221 0.844453 0.59264 0.841413 0.59606 0.835714 0.599452 0.837127 0.596803 0.837127 0.592732 0.834759 0.589401 0.832686 0.58644 0.830614 0.58348 0.828837 0.579038 0.828541 0.573857 0.828245 0.570156 0.826765 0.567566 0.824692 0.566455
0 2 0.829659 0.578729 0.830056 0.576499 0.831245 0.575012 0.835211 0.574516 0.836996 0.576003 0.837987 0.579473 0.83759 0.582199 0.837194 0.583438 0.835806 0.58443 0.833625 0.58443 0.832039 0.583686 0.830452 0.581704
4 3 0.261497 0.829215 0.281984 0.811373 0.308987 0.789893 0.328977 0.771921 0.35887 0.742001 0.374385 0.725637 0.383598 0.709273 0.398628 0.687454 0.432568 0.640786 0.436932 0.638362 0.440326 0.64018 0.440326 0.641998 0.416568 0.673514 0.389416 0.713515 0.377294 0.730485 0.361294 0.748668 0.332687 0.777153 0.263987 0.833467 0.263317 0.833763
2 3 0.132578 0.853613 0.133101 0.849695 0.133452 0.844435 0.134504 0.839174 0.138011 0.834791 0.143731 0.833875 0.148348 0.832793 0.157871 0.834596 0.16826 0.837482 0.174031 0.840368 0.182112 0.849386 0.185631 0.852726 0.190003 0.85663 0.192189 0.862094 0.192189 0.86834 0.190003 0.875366 0.186256 0.87927 0.179073 0.881222 0.164396 0.883174 0.153154 0.881222 0.145034 0.877709 0.136016 0.871191 0.133672 0.868652 0.130078 0.865918 0.132109 0.860156 0.132578 0.856152
1 3 0.123936 0.852554 0.123986 0.847769 0.12522 0.843725 0.130357 0.83931 0.137742 0.834895 0.13785 0.834992 0.134587 0.839071 0.133534 0.844331 0.133012 0.848739 0.132348 0.855373 0.13185 0.859624 0.130036 0.865798 0.126504 0.859778
3 3 0.191375 0.870956 0.192189 0.86834 0.192189 0.862094 0.191551 0.8605 0.193092 0.860211 0.199556 0.858935 0.20534 0.856809 0.218269 0.856809 0.225413 0.855108 0.233239 0.850855 0.241744 0.844476 0.25093 0.836395 0.261478 0.829165 0.263519 0.834269 0.246167 0.847878 0.232558 0.856809 0.217928 0.862763 0.21306 0.867522 0.204338 0.871478
4 4 0.234017 0.543812 0.235849 0.537399 0.234267 0.536757 0.259634 0.539777 0.279953 0.542086 0.310124 0.542086 0.32367 0.538238 0.338448 0.53285 0.356304 0.526693 0.371698 0.520535 0.393248 0.515917 0.420341 0.512069 0.445586 0.511299 0.462211 0.50899 0.480534 0.50426 0.491686 0.500623 0.504293 0.497593 0.521748 0.492744 0.561991 0.489108 0.623568 0.48729 0.661387 0.488502 0.691933 0.492744 0.717146 0.498199 0.726359 0.498199 0.73848 0.495775 0.748177 0.492138 0.757524 0.489947 0.761614 0.490678 0.762782 0.495059 0.759861 0.499441 0.734741 0.508934 0.723057 0.508934 0.712541 0.506743 0.694431 0.502362 0.663469 0.49798 0.62608 0.49725 0.568044 0.499329 0.544393 0.499329 0.526332 0.500942 0.513001 0.503629 0.500531 0.505779 0.48763 0.510617 0.47602 0.51438 0.452122 0.520152 0.440544 0.522866 0.409428 0.522866 0.393146 0.524675 0.374332 0.528745 0.356603 0.53372 0.338874 0.540956 0.327296 0.545931 0.315718 0.549549 0.304502 0.550906 0.291115 0.550906 0.267959 0.550454 0.247335 0.548193
3 4 0.171276 0.505721 0.175613 0.50301 0.176744 0.500364 0.189851 0.512535 0.200625 0.521859 0.220516 0.531183 0.235849 0.537399 0.233777 0.544651 0.216787 0.537917 0.198968 0.530147 0.184464 0.520305 0.177005 0.513053
2 4 0.118241 0.453186 0.121136 0.441028 0.126468 0.433924 0.130651 0.430172 0.135608 0.426502 0.142121 0.424693 0.152975 0.427407 0.167448 0.436904 0.176855 0.447759 0.181559 0.460874 0.181559 0.482583 0.177579 0.498413 0.175613 0.50301 0.167833 0.507873 0.156162 0.509957 0.141157 0.506483 0.132266 0.500231 0.125041 0.487727 0.118928 0.465498
0 4 0.131908 0.432634 0.131333 0.435988 0.130183 0.440059 0.128458 0.442934 0.124626 0.446047 0.121177 0.447964 0.119452 0.448443 0.119396 0.448336 0.121136 0.441028 0.126468 0.433924 0.130651 0.430172 0.131205 0.429762 0.131333 0.430718 0.131908 0.432634 0.140001 0.43248 0.140491 0.430028 0.143188 0.428496 0.145639 0.429109 0.14662 0.430028 0.14711 0.431254 0.14711 0.433093 0.145394 0.434931 0.143188 0.435238 0.140981 0.434012 0.140001 0.43248
4 5 0 0.473929 0.0223292 0.463352 0.0536734 0.449888 0.0848231 0.432166 0.0971378 0.425239 0.125462 0.415233 0.150091 0.410615 0.198582 0.408299 0.227527 0.406942 0.248512 0.401967 0.266241 0.398349 0.284694 0.39247 0.310383 0.382972 0.356759 0.369408 0.357725 0.369535 0.357529 0.369588 0.357217 0.373875 0.267057 0.402333 0.250134 0.408028 0.238419 0.411283 0.220194 0.415351 0.201319 0.415351 0.181793 0.418605 0.14209 0.418605 0.125167 0.421046 0.108895 0.426741 0.0926234 0.434063 0.0711446 0.447081 0.0542219 0.456844 0.0249327 0.469048 0 0.481251
1 5 0.459611 0.32131 0.46432 0.319191 0.474813 0.317834 0.480964 0.317834 0.490009 0.322809 0.495798 0.330497 0.497245 0.341804 0.495798 0.352206 0.491456 0.359442 0.484582 0.36487 0.474451 0.368488 0.4735 0.368138 0.473516 0.368133 0.475384 0.364864 0.475758 0.360193 0.475758 0.355055 0.47389 0.347581 0.470527 0.340575 0.467911 0.333569 0.465669 0.328898 0.463801 0.322359 0.460438 0.321425
2 5 0.431665 0.34945 0.432786 0.341976 0.436523 0.333569 0.440633 0.328898 0.449228 0.324227 0.457075 0.320958 0.460438 0.321425 0.463801 0.322359 0.465669 0.328898 0.467911 0.333569 0.470527 0.340575 0.47389 0.347581 0.475758 0.355055 0.475758 0.360193 0.475384 0.364864 0.473516 0.368133 0.467537 0.370002 0.456701 0.370002 0.445865 0.366732 0.439886 0.362061 0.434655 0.355989
3 5 0.357143 0.3749 0.357529 0.369588 0.394616 0.359447 0.402729 0.356067 0.409683 0.352204 0.417409 0.350272 0.428613 0.348823 0.431969 0.347425 0.431665 0.34945 0.434425 0.355487 0.43207 0.355999 0.426109 0.357314 0.422251 0.359068 0.418043 0.360383 0.412081 0.360383 0.397001 0.364328 0.378765 0.368712
3 6 0.805568 0.444878 0.813226 0.444046 0.826591 0.443063 0.838122 0.441098 0.851487 0.438477 0.862493 0.436184 0.873762 0.433891 0.873762 0.43815 0.846398 0.445072 0.827512 0.448239 0.806723 0.449069 0.806723 0.448246
1 6 0.746658 0.457669 0.747335 0.450896 0.749367 0.444688 0.754559 0.439891 0.759977 0.436505 0.76404 0.435094 0.764165 0.435094 0.764577 0.439898 0.765498 0.446519 0.76688 0.452277 0.76734 0.459474 0.767571 0.46408 0.768492 0.470126 0.768722 0.474156 0.769413 0.47905 0.76991 0.481372 0.765169 0.480808 0.759074 0.479115 0.752753 0.474882 0.748915 0.468956 0.747109 0.46303
2 6 0.798053 0.44082 0.785074 0.43414 0.777244 0.431837 0.773559 0.431837 0.771256 0.431837 0.767815 0.432712 0.764134 0.434739 0.764577 0.439898 0.765498 0.446519 0.76688 0.452277 0.76734 0.459474 0.767571 0.46408 0.768492 0.470126 0.768722 0.474156 0.769413 0.47905 0.770234 0.481543 0.775632 0.480778 0.780468 0.48049 0.786917 0.476459 0.793135 0.471277 0.798662 0.463792 0.802578 0.458035 0.805341 0.453428 0.806723 0.450837 0.806723 0.448246 0.805341 0.444216 0.802388 0.44314
4 6 0.873341 0.438256 0.873762 0.43815 0.873762 0.434236 0.90689 0.422412 0.941438 0.410236 0.9637 0.40353 0.980598 0.397831 1 0.39079 1 0.394478 0.963163 0.408895 0.932414 0.41826 0.897197 0.430112 0.873437 0.438354
