4 8 0.32855 0.222727 0.328814 0.211164 0.26942 0.197644 0.236431 0.193304 0.187816 0.189506 0.155695 0.183537 0.112289 0.168345 0.054752 0.146029 0.035758 0.134158 0.016313 0.119461 0.008173 0.100807 0.009077 0.081588 0.020835 0.061238 0.045707 0.038061 0.054752 0.025625 0.062892 0 0.049325 0 0.041637 0.013189 0.033045 0.027886 0.012695 0.047106 0.004555 0.060107 0 0.071413 0 0.10646 0.016313 0.132462 0.037115 0.154508 0.08055 0.172899 0.15655 0.196958 0.194551 0.205594 0.256733 0.209295 0.293253 0.213613 0.321383 0.219782
3 8 0.32855 0.222727 0.328814 0.211164 0.354449 0.217441 0.374798 0.220414 0.386413 0.220984 0.38441 0.23064 0.385329 0.233958 0.373477 0.233958
2 8 0.424279 0.205075 0.414381 0.204336 0.407367 0.206329 0.398439 0.211111 0.391106 0.217886 0.386642 0.219879 0.38441 0.23064 0.38728 0.241002 0.393656 0.251365 0.398758 0.257742 0.410029 0.262463 0.413073 0.251616 0.416688 0.241675 0.419218 0.227668 0.420664 0.215919
1 8 0.424279 0.205075 0.437292 0.20643 0.449222 0.21366 0.45139 0.22812 0.45139 0.238964 0.443799 0.257039 0.434401 0.263365 0.427894 0.265624 0.414499 0.264368 0.409928 0.262717 0.413073 0.251616 0.416688 0.241675 0.419218 0.227668 0.420664 0.215919
4 17 0.547227 0.668601 0.537526 0.676017 0.548372 0.681627 0.559592 0.681159 0.583902 0.671342 0.610081 0.655915 0.633643 0.635345 0.642993 0.616645 0.646359 0.59701 0.647481 0.573168 0.639815 0.530107 0.627031 0.500083 0.616184 0.494757 0.595652 0.487009 0.59449 0.488946 0.615022 0.499599 0.627419 0.516548 0.634392 0.536886 0.637878 0.567878 0.637103 0.599354 0.634004 0.613881 0.627419 0.628409 0.615797 0.640999 0.604175 0.650684 0.58558 0.66279 0.568147 0.670538 0.554975 0.671991 0.547227 0.668601 0.519797 0.62125 0.513986 0.623671 0.509725 0.601396 0.5105 0.555877 0.516311 0.507936 0.524518 0.470678 0.532956 0.436023 0.537376 0.409404 0.538581 0.37927 0.538179 0.357673 0.536727 0.350026 0.544672 0.350026 0.546758 0.399415 0.540998 0.436262 0.531511 0.476075 0.521346 0.536217 0.516698 0.583479 0.517086 0.607691 0.519797 0.62125
3 17 0.530431 0.262207 0.52782 0.265768 0.525894 0.2763 0.526135 0.291647 0.533357 0.32535 0.536727 0.350026 0.544672 0.350026 0.541301 0.32535 0.536727 0.297665 0.535764 0.279911 0.536005 0.268777 0.537504 0.263865
1 17 0.519821 0.227668 0.525126 0.223524 0.531978 0.223524 0.541041 0.224629 0.545904 0.226287 0.555409 0.230984 0.559167 0.230984 0.562758 0.220658 0.564112 0.208529 0.562081 0.195271 0.557116 0.186527 0.547864 0.180603 0.542223 0.180603 0.53297 0.183706 0.526652 0.188501 0.522364 0.194989 0.519882 0.204862 0.51898 0.214452
2 17 0.519821 0.227668 0.519158 0.237616 0.520042 0.247286 0.523799 0.255852 0.530431 0.262207 0.537504 0.263865 0.542809 0.263312 0.546567 0.259997 0.552093 0.25447 0.556956 0.243418 0.559167 0.230984 0.555409 0.230984 0.545904 0.226287 0.541041 0.224629 0.531978 0.223524 0.525126 0.223524
4 24 0.576925 0.539915 0.584939 0.507936 0.594125 0.483056 0.60668 0.451287 0.622395 0.425808 0.642809 0.40531 0.673995 0.369545 0.697236 0.345104 0.717242 0.31614 0.73134 0.284098 0.735185 0.263804 0.733049 0.238171 0.726641 0.220547 0.718951 0.213605 0.708697 0.209867 0.698871 0.208799 0.666197 0.185616 0.611033 0.139785 0.598786 0.118488 0.573762 0.092531 0.548204 0.075227 0.484844 0.03729 0.465144 0.030635 0.44917 0.033963 0.425743 0.045943 0.400186 0.062581 0.389537 0.074561 0.40764 0.065244 0.442249 0.050602 0.461416 0.043946 0.471 0.043946 0.496558 0.05526 0.535958 0.080551 0.560451 0.093197 0.58441 0.114495 0.598786 0.138454 0.619552 0.161083 0.646706 0.183046 0.67812 0.209003 0.690366 0.216324 0.702612 0.218986 0.710599 0.222314 0.720716 0.234294 0.724443 0.243612 0.724443 0.262247 0.72391 0.277555 0.701754 0.319181 0.675514 0.354324 0.649899 0.380095 0.619286 0.413675 0.602418 0.43398 0.586174 0.479275 0.573679 0.518322 0.569415 0.536227
3 24 0.552292 0.601614 0.559065 0.606553 0.562441 0.585513 0.569147 0.562379 0.576925 0.539915 0.569415 0.536227 0.56271 0.553997 0.554395 0.583837 0.551981 0.594901
2 24 0.555397 0.659471 0.560194 0.644301 0.563017 0.630895 0.563017 0.616431 0.559065 0.606553 0.552292 0.601614 0.548059 0.601261 0.54439 0.601614 0.537334 0.605495 0.5204 0.620665 0.525469 0.625977 0.53125 0.630762 0.537052 0.641479 0.540438 0.645712 0.544954 0.648182 0.548341 0.652063 0.551728 0.656649
1 24 0.5204 0.620665 0.514766 0.625684 0.512422 0.632324 0.513049 0.650793 0.518146 0.661522 0.525388 0.667892 0.5375 0.67207 0.547227 0.668601 0.552746 0.663198 0.555397 0.659471 0.551728 0.656649 0.548341 0.652063 0.544954 0.648182 0.540438 0.645712 0.537052 0.641479 0.53125 0.630469 0.525469 0.62627
4 32 0.851821 0.695229 0.858955 0.693891 0.83435 0.628733 0.820649 0.590674 0.814052 0.55325 0.813445 0.499168 0.818237 0.464559 0.825691 0.439268 0.846456 0.413977 0.869351 0.400666 0.900765 0.394011 0.926322 0.394011 0.949217 0.403328 0.96732 0.403994 1 0.409318 1 0.400666 0.956139 0.397338 0.935374 0.388021 0.916206 0.385358 0.892779 0.385358 0.85604 0.395342 0.837937 0.407987 0.818769 0.431282 0.808653 0.465225 0.804393 0.508486 0.804393 0.539101 0.81087 0.579895 0.818548 0.610903 0.833314 0.64634 0.842173 0.672918
3 32 0.851821 0.695229 0.858955 0.693891 0.865733 0.715295 0.872978 0.753622 0.884198 0.794869 0.879789 0.79509 0.877111 0.798855 0.871798 0.782629 0.863236 0.750077 0.857885 0.720646
1 32 0.875103 0.865785 0.878985 0.883061 0.886477 0.896439 0.893968 0.901344 0.9036 0.903128 0.912162 0.900898 0.916443 0.895547 0.920367 0.886183 0.92108 0.875926 0.917869 0.85809 0.913253 0.848634 0.906226 0.851144 0.899198 0.854072 0.890832 0.859092 0.881796 0.863693
2 32 0.875103 0.865785 0.869414 0.846961 0.869414 0.829391 0.874769 0.810986 0.877111 0.798855 0.879789 0.79509 0.888155 0.794672 0.892505 0.7976 0.901541 0.814332 0.909238 0.829391 0.913253 0.848634 0.906226 0.851144 0.899198 0.854072 0.890832 0.859092 0.881796 0.863693
4 39 0.451497 0.671335 0.458346 0.665007 0.514575 0.742807 0.548326 0.789802 0.555161 0.804221 0.565842 0.818106 0.590194 0.826116 0.632063 0.84908 0.66026 0.866703 0.674786 0.871509 0.68034 0.868305 0.68803 0.852284 0.690166 0.836263 0.688457 0.811697 0.676922 0.767372 0.675213 0.752953 0.67564 0.738 0.685466 0.721979 0.704692 0.703822 0.719942 0.685665 0.726518 0.667684 0.729395 0.652786 0.73186 0.621962 0.73186 0.605009 0.73597 0.591138 0.747889 0.576753 0.747889 0.580863 0.740491 0.60244 0.738847 0.624017 0.737614 0.655355 0.73145 0.682069 0.718709 0.704159 0.70268 0.71803 0.691584 0.732414 0.686241 0.744744 0.685419 0.75656 0.686652 0.766835 0.697219 0.812567 0.698928 0.8382 0.694228 0.85796 0.684829 0.877185 0.677139 0.882525 0.672013 0.883593 0.655778 0.878787 0.603656 0.846211 0.575886 0.83286 0.559224 0.823781 0.552388 0.816839 0.545553 0.803488 0.51052 0.757027 0.463098 0.691874
3 39 0.414349 0.602734 0.419611 0.599993 0.420708 0.593964 0.426186 0.59838 0.429462 0.612524 0.436906 0.629646 0.458346 0.665007 0.451497 0.671335 0.438395 0.652724 0.427973 0.633368 0.418146 0.610663
1 39 0.378171 0.573134 0.382775 0.568201 0.39045 0.564089 0.39637 0.559156 0.401851 0.554771 0.407552 0.549838 0.411279 0.546823 0.406013 0.537975 0.395958 0.533118 0.382703 0.532833 0.377904 0.534832 0.373359 0.537305 0.370156 0.544141 0.368991 0.553686 0.369922 0.560645 0.372031 0.565918
2 39 0.380144 0.578067 0.390888 0.591223 0.400097 0.599445 0.409087 0.602734 0.414349 0.602734 0.419611 0.599993 0.420708 0.593964 0.421585 0.584919 0.421585 0.569297 0.417857 0.555045 0.411279 0.546823 0.407552 0.549838 0.401851 0.554771 0.39637 0.559156 0.39045 0.564089 0.382775 0.568201 0.378171 0.573134
4 43 0.245767 0.645885 0.253883 0.642196 0.25439 0.532317 0.252271 0.466092 0.243087 0.439601 0.225427 0.43342 0.207767 0.435186 0.161144 0.45991 0.122292 0.482869 0.103219 0.489933 0.086265 0.490816 0.07143 0.489933 0.052357 0.484635 0.012799 0.466092 0 0.463443 0 0.467858 8.3e-05 0.473156 0.027633 0.481986 0.069311 0.501412 0.096155 0.504061 0.112402 0.504061 0.142071 0.493465 0.175979 0.469624 0.203528 0.452846 0.219776 0.447548 0.229666 0.447548 0.238142 0.455495 0.240262 0.472273 0.241674 0.514657 0.241674 0.573819 0.241674 0.616203
3 43 0.257073 0.756198 0.251332 0.700666 0.245767 0.645885 0.253883 0.642196 0.256465 0.67217 0.260523 0.720129 0.262695 0.747893
2 43 0.27445 0.807306 0.267039 0.801876 0.260395 0.790376 0.256051 0.780474 0.254518 0.767058 0.257073 0.756198 0.262695 0.747893 0.268828 0.745976 0.27675 0.748212 0.281861 0.755239 0.286205 0.767697 0.289527 0.774724 0.290038 0.784627 0.286716 0.799959 0.283139 0.806987 0.279305 0.808584 0.277772 0.809223
0 8 0.434063 0.22041 0.437188 0.223633 0.441328 0.224512 0.443438 0.222949 0.444219 0.218652 0.442422 0.216406 0.44125 0.216016 0.440156 0.215137 0.439375 0.214355 0.435078 0.214551 0.433672 0.216504 0.434063 0.22041 0.418672 0.235254 0.418672 0.233203 0.418984 0.229297 0.438125 0.24209 0.437266 0.245605 0.436797 0.248438 0.437891 0.250684 0.441094 0.249414 0.4425 0.247461 0.442266 0.243359 0.44125 0.241504 0.439531 0.241016 0.438359 0.241016 0.438125 0.24209 0.418984 0.229297 0.422109 0.227832 0.423984 0.228809 0.425078 0.230371 0.425781 0.234277 0.425156 0.237305 0.422578 0.238184 0.421016 0.238672 0.418672 0.235254
0 17 0.547187 0.199805 0.549687 0.203516 0.552187 0.204687 0.554844 0.203223 0.555703 0.202246 0.555781 0.200293 0.555 0.196582 0.551562 0.194629 0.550547 0.194238 0.549766 0.194238 0.549141 0.193652 0.546797 0.195312 0.547187 0.199805 0.520703 0.212793 0.522734 0.211621 0.546875 0.215234 0.54875 0.21748 0.537734 0.20332 0.54 0.200977 0.540469 0.196582 0.53875 0.194238 0.536875 0.192969 0.535 0.193359 0.534141 0.19375 0.532188 0.196289 0.531094 0.198828 0.532969 0.202148 0.535078 0.20332 0.537734 0.20332 0.54875 0.21748 0.549375 0.220312 0.548906 0.22334 0.546406 0.224023 0.544219 0.224023 0.541953 0.222168 0.540469 0.217773 0.540781 0.215234 0.544141 0.214551 0.545078 0.215039 0.546875 0.215234 0.522734 0.211621 0.525234 0.212305 0.526406 0.215625 0.523906 0.220312 0.521172 0.220312 0.519219 0.218164 0.519844 0.214453 0.520703 0.212793
0 24 0.539766 0.650293 0.539062 0.654297 0.540781 0.658105 0.545 0.658105 0.547344 0.657031 0.547891 0.65332 0.546016 0.650684 0.542734 0.648828 0.541406 0.64873
0 32 0.910312 0.872168 0.909687 0.876953 0.910937 0.881934 0.913672 0.882129 0.915781 0.879395 0.914922 0.874707 0.914219 0.872559 0.912422 0.872266 0.910312 0.872168 0.900469 0.869434 0.899609 0.865918 0.897891 0.864648 0.896094 0.865527 0.893672 0.86875 0.895 0.873047 0.896094 0.87373 0.897734 0.873926 0.899688 0.872363 0.900469 0.869434
1 1 0.849856 0.511806 0.848871 0.497172 0.850621 0.488281 0.854998 0.479391 0.859703 0.473373 0.866268 0.468312 0.87349 0.464346 0.881259 0.463799 0.88859 0.466671 0.893842 0.474467 0.89789 0.484452 0.899313 0.489512 0.883228 0.497172 0.875241 0.502232 0.864408 0.509344 0.855545 0.514542 0.850731 0.517004
2 1 0.85084 0.51714 0.85467 0.528219 0.861673 0.534784 0.871302 0.541349 0.881806 0.545042 0.889903 0.543401 0.895374 0.53752 0.900516 0.523706 0.903361 0.508113 0.899422 0.489649 0.882791 0.497445 0.875131 0.501822 0.860797 0.51208 0.854998 0.515226 0.852044 0.516457
0 1 0.861673 0.488281 0.860688 0.490059 0.85839 0.494436 0.859156 0.498676 0.864518 0.500728 0.870645 0.497035 0.874803 0.494299 0.877429 0.490743 0.878523 0.482947 0.877101 0.478707 0.871192 0.478707 0.865612 0.481716 0.86222 0.486093
