3 33 0.763634 0.52413 0.763971 0.523779 0.764831 0.518403 0.764279 0.514604 0.785751 0.525745 0.822429 0.546585 0.817211 0.554307 0.802707 0.543429 0.789861 0.536695 0.772456 0.528925
4 33 0.817537 0.553825 0.822216 0.546901 0.858441 0.572572 0.885856 0.592773 0.915981 0.614521 0.934217 0.626357 0.947893 0.635124 0.959116 0.641261 0.974897 0.64696 0.986975 0.650481 1 0.651883 1 0.660975 0.98918 0.660368 0.971725 0.656732 0.95621 0.650065 0.942634 0.644004 0.923239 0.632489 0.90336 0.617943 0.880087 0.600973 0.855844 0.582185 0.832571 0.565215
2 33 0.757365 0.526441 0.74806 0.525391 0.73774 0.519478 0.72957 0.514103 0.721829 0.507653 0.719844 0.505957 0.721399 0.502278 0.721829 0.498515 0.723979 0.494215 0.725699 0.48884 0.72828 0.482389 0.73 0.474326 0.73215 0.470564 0.733828 0.468066 0.74118 0.474326 0.748921 0.482927 0.756231 0.494752 0.761391 0.505503 0.763971 0.512491 0.764831 0.518403 0.763971 0.523779 0.761391 0.526466
1 33 0.70382 0.476155 0.704732 0.471975 0.706252 0.468556 0.710507 0.463996 0.716587 0.462477 0.722362 0.462857 0.730469 0.465234 0.733672 0.468262 0.73215 0.470564 0.73 0.474326 0.72828 0.482389 0.725699 0.48884 0.723979 0.494215 0.721829 0.498515 0.721399 0.502278 0.719922 0.505762 0.711419 0.498192 0.707468 0.492493 0.705644 0.487173 0.704124 0.482234 0.70382 0.478435
0 33 0.71901 0.492457 0.719241 0.489866 0.720162 0.487851 0.721774 0.487275 0.723616 0.487563 0.724538 0.491305 0.723847 0.494472 0.722235 0.495624 0.719471 0.49476
4 11 0 0.798542 0.048757 0.7887 0.098824 0.778318 0.13148 0.768491 0.156445 0.758089 0.173541 0.750535 0.177836 0.747644 0.182791 0.74145 0.185104 0.732365 0.186095 0.726583 0.186179 0.726449 0.186131 0.726781 0.192386 0.726039 0.190941 0.734349 0.190029 0.740428 0.187597 0.745367 0.184558 0.749547 0.177567 0.755626 0.169664 0.759806 0.159025 0.764745 0.147474 0.770824 0.1341 0.776143 0.115049 0.781893 0.084768 0.788698 0.045803 0.797541 0 0.806604
3 11 0.187609 0.716562 0.18933 0.701512 0.19105 0.684311 0.19105 0.670335 0.190224 0.660659 0.192544 0.662471 0.19715 0.661751 0.19715 0.670258 0.196378 0.688125 0.19406 0.7171 0.192628 0.726011 0.186131 0.726781
2 11 0.185203 0.646052 0.18524 0.610087 0.18524 0.604207 0.185602 0.596971 0.187049 0.596066 0.188858 0.596519 0.191752 0.600137 0.195009 0.605564 0.198627 0.609182 0.201521 0.609635 0.205863 0.610539 0.207672 0.611444 0.209843 0.615514 0.210929 0.620037 0.210929 0.631343 0.210205 0.649886 0.209155 0.652813 0.205679 0.657642 0.198725 0.661505 0.192544 0.662471 0.189453 0.660057 0.186362 0.653779
1 11 0.185735 0.592348 0.187255 0.586649 0.190598 0.583989 0.196677 0.583609 0.200325 0.583989 0.204884 0.587409 0.208532 0.591968 0.210356 0.598807 0.211571 0.608306 0.211016 0.619922 0.209843 0.615514 0.207672 0.611444 0.205863 0.610539 0.201521 0.609635 0.198627 0.609182 0.195009 0.605564 0.191752 0.600137 0.188858 0.596519 0.187049 0.596066 0.185735 0.596888
0 11 0.195325 0.595485 0.197296 0.593374 0.200955 0.594078 0.202362 0.596893 0.202925 0.600763 0.202643 0.603577 0.201517 0.605688 0.200392 0.605688 0.197296 0.604633 0.195325 0.600763
4 15 0 0.319758 0.037251 0.319063 0.068372 0.31559 0.092825 0.312116 0.106162 0.307948 0.132837 0.298223 0.16714 0.285273 0.183302 0.276985 0.230605 0.258225 0.25375 0.252088 0.277597 0.246828 0.291975 0.244198 0.306003 0.244198 0.323187 0.24376 0.342475 0.245951 0.362007 0.250317 0.375086 0.254988 0.390033 0.263396 0.408342 0.27554 0.422542 0.288618 0.423355 0.2902 0.417821 0.296362 0.417902 0.296446 0.402971 0.284447 0.387966 0.273333 0.367404 0.264302 0.348509 0.256661 0.325724 0.253187 0.308496 0.253187 0.28849 0.254577 0.256813 0.260829 0.22458 0.269859 0.193959 0.281967 0.169652 0.292727 0.140788 0.30602 0.113949 0.316148 0.089643 0.322478 0.066856 0.326908 0.042549 0.32944 0 0.331567
3 15 0.417821 0.296362 0.423596 0.289931 0.430588 0.29715 0.439402 0.309308 0.44609 0.322606 0.450953 0.335525 0.451812 0.339389 0.448749 0.338381 0.445163 0.338381 0.443693 0.339453 0.443152 0.337877 0.437805 0.327322 0.42908 0.309731 0.422887 0.301639
2 15 0.436453 0.356954 0.437478 0.35119 0.439527 0.344786 0.442089 0.340623 0.445163 0.338381 0.448749 0.338381 0.453617 0.339983 0.460277 0.345746 0.465144 0.353752 0.468475 0.363358 0.469499 0.374566 0.470268 0.387054 0.469499 0.394739 0.46745 0.398902 0.465657 0.400503 0.463351 0.401784 0.457459 0.402104 0.451055 0.399863 0.448493 0.397621 0.446316 0.394438 0.440552 0.383212 0.43799 0.376487 0.436453 0.366881
4 22 0.178224 0.473792 0.183094 0.470515 0.182753 0.469482 0.182938 0.469482 0.198136 0.495499 0.213002 0.522342 0.21994 0.530601 0.231799 0.542453 0.235881 0.546706 0.238263 0.55266 0.239624 0.56074 0.239284 0.569246 0.238943 0.582855 0.236227 0.601546 0.23548 0.610887 0.23548 0.619295 0.237348 0.629571 0.241085 0.643116 0.251516 0.674314 0.260338 0.705024 0.269997 0.74018 0.275806 0.760848 0.284743 0.802183 0.295767 0.874863 0.30401 0.928198 0.315668 1 0.308779 1 0.30189 0.962599 0.29207 0.899385 0.283828 0.838441 0.276818 0.797547 0.264 0.741524 0.252244 0.698359 0.235273 0.646989 0.231251 0.631907 0.227676 0.617942 0.22682 0.609183 0.227305 0.59888 0.230699 0.580092 0.233123 0.566758 0.232154 0.557061 0.22779 0.550394 0.216638 0.540697 0.203908 0.520694 0.188257 0.492625 0.178391 0.475188
3 22 0.156354 0.413562 0.158016 0.413562 0.160258 0.411227 0.160855 0.407127 0.161501 0.408035 0.170698 0.432027 0.177495 0.45352 0.183094 0.470515 0.177895 0.474013 0.176296 0.469515 0.168298 0.447522 0.158832 0.420199
2 22 0.117766 0.386114 0.121487 0.381463 0.127533 0.377393 0.134045 0.372161 0.13823 0.364022 0.141951 0.358209 0.142881 0.356464 0.144687 0.353711 0.149393 0.361115 0.155992 0.378066 0.159722 0.390498 0.160965 0.398786 0.161006 0.406089 0.160258 0.411227 0.158016 0.413562 0.15428 0.413562 0.14718 0.412628 0.141949 0.409359 0.139082 0.407521 0.120092 0.394253 0.11625 0.391113
1 22 0.106405 0.357235 0.107375 0.349356 0.112223 0.342689 0.119496 0.340871 0.128709 0.340871 0.135859 0.344043 0.139844 0.347559 0.144609 0.353418 0.142881 0.356464 0.141951 0.358209 0.13823 0.364022 0.134045 0.372161 0.127533 0.377393 0.121487 0.381463 0.117766 0.386114 0.116328 0.391309 0.113678 0.386933 0.109314 0.379054 0.10689 0.368145
0 22 0.129582 0.362365 0.131894 0.362365 0.132886 0.364843 0.133216 0.368559 0.132555 0.370624 0.128921 0.371037 0.126939 0.370624 0.126278 0.366495 0.1276 0.363191 0.129582 0.362365 0.130667 0.362394 0.130293 0.357723 0.131788 0.355855 0.135898 0.355855 0.137393 0.357723 0.137766 0.360059 0.137766 0.361927 0.134777 0.364729 0.130667 0.362394
4 28 0.262298 0.413665 0.241721 0.419496 0.226411 0.422898 0.205997 0.428001 0.193749 0.430553 0.178779 0.431404 0.150903 0.428396 0.126511 0.422898 0.107317 0.414401 0.094922 0.407403 0.076936 0.399486 0.059569 0.394511 0.046544 0.390893 0.03388 0.388632 0.024473 0.387727 0.016151 0.387727 0 0.389536 0 0.398582 0.020131 0.395868 0.030262 0.397677 0.045096 0.400843 0.057398 0.404461 0.072594 0.409889 0.096474 0.4221 0.11963 0.429788 0.138444 0.433859 0.153279 0.435668 0.182586 0.439286 0.195249 0.438381 0.208998 0.435216 0.22528 0.431597 0.262745 0.422602
3 28 0.262298 0.413665 0.280356 0.410551 0.299532 0.408742 0.316899 0.406028 0.324497 0.403767 0.327175 0.401163 0.326891 0.403118 0.328386 0.407789 0.329693 0.408333 0.329328 0.408637 0.323519 0.412548 0.314582 0.415899 0.302069 0.417575 0.284195 0.419809 0.262745 0.422602
2 28 0.326891 0.403118 0.327638 0.39798 0.331001 0.391441 0.346322 0.371823 0.355663 0.363416 0.359774 0.360146 0.364922 0.356836 0.369116 0.362481 0.372852 0.368554 0.376215 0.377895 0.378672 0.385645 0.375469 0.389258 0.372852 0.392375 0.368368 0.396112 0.358279 0.403118 0.342211 0.411058 0.336233 0.411058 0.328386 0.407789
1 28 0.36921 0.35455 0.376355 0.350722 0.380778 0.351147 0.385541 0.354975 0.387242 0.361354 0.387583 0.368584 0.384861 0.374538 0.380438 0.383469 0.378672 0.385742 0.376215 0.377895 0.372852 0.368554 0.369116 0.362481 0.364844 0.356836
0 28 0.373655 0.361412 0.373958 0.358372 0.376391 0.357612 0.379127 0.357232 0.381254 0.359132 0.381254 0.361792 0.379734 0.365971 0.377302 0.366731 0.374567 0.365211
