4 8 0.878808 0.662373 0.875949 0.678657 0.849418 0.708304 0.841632 0.714791 0.839377 0.712643 0.837967 0.706254 0.844226 0.698864 0.878808 0.662373 0.888258 0.666993 0.890025 0.651307 0.892062 0.648911 0.894983 0.639 0.894149 0.63274 0.889976 0.628045 0.889142 0.627564 0.880247 0.631325 0.869871 0.631325 0.854624 0.639795 0.844798 0.653348 0.839038 0.669019 0.836666 0.700361 0.839377 0.712643 0.846492 0.71942 0.855979 0.719843 0.865805 0.710949 0.870888 0.699937 0.874259 0.68828 0.874259 0.68828 0.884241 0.687923 0.887948 0.669742 0.8908 0.644431 0.888688 0.622954 0.884724 0.623945 0.879703 0.621963 0.878537 0.620903 0.880818 0.634806 0.879392 0.659047 0.874259 0.68828 0.874259 0.68828 0.884241 0.687923 0.879358 0.699937 0.871226 0.717302 0.862417 0.728314 0.853946 0.730432 0.844798 0.729161 0.83836 0.722808 0.8326 0.715608 0.829889 0.701631 0.829551 0.681725 0.832261 0.660972 0.842087 0.639795 0.852591 0.630477 0.871904 0.622007 0.878712 0.621968 0.880247 0.631325 0.889142 0.627564 0.888688 0.622954 0.891972 0.618336 0.896235 0.619178 0.904999 0.625959 0.906668 0.639 0.903329 0.648911 0.892479 0.664038 0.888258 0.666993
2 8 0.868867 0.574393 0.875474 0.573732 0.885781 0.573732 0.895295 0.573071 0.900581 0.572741 0.897788 0.561107 0.890252 0.554337 0.88201 0.551393 0.874945 0.553454 0.870942 0.561402 0.869764 0.569644 0.868867 0.574393 0.868867 0.574393 0.86781 0.590249 0.870982 0.605776 0.875739 0.618329 0.879703 0.621963 0.884724 0.623945 0.888688 0.622954 0.892917 0.617008 0.897674 0.604785 0.900581 0.58133 0.900581 0.572741 0.895295 0.573071 0.885781 0.573732 0.875474 0.573732 0.868867 0.574393
4 15 0.378386 0.643623 0.387596 0.647686 0.375383 0.682409 0.357856 0.739267 0.336991 0.799776 0.325307 0.844637 0.320999 0.886537 0.316659 0.941337 0.310148 0.968466 0.301033 1 0.291483 1 0.302769 0.972264 0.30928 0.92506 0.313186 0.8746 0.322302 0.827396 0.33706 0.779649 0.358763 0.706943 0.373521 0.662452
3 15 0.378386 0.643623 0.388409 0.620596 0.398162 0.613485 0.408727 0.608744 0.437756 0.601353 0.436778 0.606851 0.437739 0.611656 0.415228 0.616194 0.399787 0.620935 0.392473 0.630416 0.387596 0.647686
2 15 0.436778 0.606851 0.438054 0.599677 0.4473 0.590112 0.468662 0.581343 0.488112 0.577756 0.4913 0.578554 0.48301 0.586923 0.48046 0.595691 0.478228 0.612829 0.480141 0.62638 0.464199 0.621996 0.446025 0.617213 0.438054 0.613228
1 15 0.478228 0.61272 0.48046 0.595582 0.48301 0.586814 0.491141 0.578606 0.495171 0.581318 0.500253 0.587248 0.506013 0.59826 0.506352 0.610119 0.50127 0.621554 0.487716 0.626637 0.480023 0.625434
4 28 0.164174 0.519611 0.167108 0.526381 0.133698 0.544244 0.099564 0.569302 0.032539 0.6368 0 0.673875 0 0.657833 0.036246 0.617193 0.066477 0.587248 0.096137 0.560154 0.133783 0.536626
3 28 0.164174 0.519611 0.189223 0.508046 0.235483 0.489147 0.23557 0.489219 0.234709 0.492293 0.235825 0.497591 0.187417 0.515662 0.167108 0.526381
0 28 0.29016 0.477268 0.285518 0.473952 0.28397 0.46815 0.286402 0.462348 0.289275 0.461242 0.292149 0.466216 0.293254 0.472018 0.293254 0.475334
1 28 0.276501 0.457145 0.278822 0.462949 0.284498 0.479395 0.289141 0.490681 0.295887 0.485646 0.299114 0.479308 0.300497 0.47153 0.300036 0.466056 0.296579 0.45943 0.288743 0.455973 0.284594 0.455685
2 28 0.283466 0.492938 0.269535 0.500032 0.257669 0.504547 0.247608 0.505192 0.24219 0.503579 0.235999 0.49842 0.234709 0.492293 0.236515 0.485844 0.243222 0.475203 0.257927 0.462949 0.276501 0.457145 0.278822 0.462949 0.284498 0.479395 0.289141 0.490681
4 27 0.121809 0.497609 0.132653 0.496705 0.110134 0.360462 0.109531 0.321972 0.114965 0.284237 0.115958 0.218216 0.130666 0.183844 0.146013 0.133485 0.164558 0.095916 0.17479 0.07913 0.193974 0.09112 0.213159 0.098314 0.226588 0.095916 0.238738 0.086324 0.241296 0.073534 0.231703 0.055149 0.227867 0.039962 0.232982 0.019978 0.243853 0.014382 0.255364 0.015981 0.257922 0.030369 0.264956 0.063143 0.273269 0.062343 0.269433 0.027971 0.262398 0.010386 0.24833 0.006389 0.234901 0.007988 0.222751 0.01758 0.220193 0.032767 0.220832 0.048754 0.229145 0.06634 0.229145 0.07913 0.22403 0.087922 0.213159 0.089521 0.199729 0.079929 0.181824 0.063143 0.176069 0.063942 0.168395 0.072735 0.139619 0.107906 0.121713 0.159864 0.106366 0.206226 0.105726 0.223012 0.105726 0.245394 0.099971 0.316536 0.098052 0.342914 0.101889 0.37249 0.114039 0.43404 0.117876 0.462817
3 27 0.129015 0.547682 0.121921 0.497782 0.132452 0.496705 0.13743 0.542249 0.14196 0.586138 0.139852 0.585106 0.137744 0.586612 0.133313 0.590304
0 27 0.13623 0.654859 0.132062 0.652427 0.13095 0.644439 0.134285 0.639229 0.140953 0.640618 0.143176 0.64687 0.142898 0.653469 0.141787 0.654511
1 27 0.1254 0.636666 0.128712 0.637419 0.140755 0.637419 0.155508 0.639301 0.162433 0.638548 0.162854 0.646422 0.160909 0.659273 0.157575 0.668303 0.154518 0.670387 0.148961 0.673513 0.140903 0.673861 0.132289 0.668651 0.124787 0.6558 0.123953 0.643643
2 27 0.1254 0.636666 0.1254 0.613709 0.126905 0.598655 0.131421 0.591881 0.137744 0.586612 0.139852 0.585106 0.146777 0.588494 0.153701 0.60016 0.157314 0.61258 0.161529 0.634785 0.162433 0.638548 0.155508 0.639301 0.140755 0.637419 0.128712 0.637419
4 36 0.224822 0.379844 0.220521 0.37733 0.258485 0.379455 0.293791 0.385649 0.324452 0.393392 0.34768 0.398038 0.362856 0.397263 0.387942 0.390682 0.419223 0.379455 0.457626 0.364744 0.487048 0.35584 0.498817 0.351194 0.502534 0.35313 0.510276 0.369003 0.528549 0.418556 0.523594 0.415071 0.504082 0.36668 0.497888 0.362034 0.492004 0.362034 0.473421 0.368615 0.420875 0.38709 0.394982 0.397628 0.369692 0.404402 0.351627 0.407037 0.328143 0.404402 0.267854 0.390858 0.235226 0.387647 0.224822 0.379844 0.224822 0.379844 0.238364 0.390001 0.247967 0.401696 0.249444 0.410006 0.247228 0.419547 0.239103 0.42601 0.231224 0.426934 0.208079 0.426626 0.177056 0.421701 0.155635 0.412468 0.143324 0.402312 0.137414 0.394925 0.136922 0.387538 0.141354 0.376151 0.145055 0.373409 0.157481 0.37615 0.161905 0.374044 0.164726 0.375177 0.151203 0.381999 0.146771 0.385692 0.146032 0.39154 0.15071 0.401081 0.160805 0.408159 0.175825 0.412776 0.189367 0.414315 0.213742 0.4177 0.224576 0.418932 0.233194 0.418624 0.238364 0.416469 0.239103 0.411545 0.238364 0.405389 0.233194 0.397695 0.224084 0.390616 0.220371 0.389585 0.220467 0.389594 0.21751 0.382613 0.215164 0.382166 0.204632 0.37769 0.189367 0.373381 0.181531 0.372837 0.179072 0.371936 0.170785 0.36762 0.174593 0.362609 0.18001 0.361993 0.205863 0.368764 0.224822 0.379844
3 36 0.161905 0.374044 0.163804 0.373139 0.165309 0.365989 0.164992 0.364603 0.179072 0.371936 0.198126 0.378917 0.21751 0.382613 0.220467 0.389594 0.19517 0.38713 0.1771 0.380149
0 36 0.114121 0.327329 0.115747 0.333763 0.114121 0.338504 0.109814 0.340011 0.109619 0.32761 0.114121 0.327329 0.118609 0.327684 0.118067 0.321928 0.123756 0.317864 0.128361 0.317526 0.132695 0.320912 0.132154 0.323959 0.126465 0.328362 0.12213 0.329716 0.118609 0.327684
1 36 0.109561 0.323915 0.11175 0.320547 0.119578 0.314149 0.128009 0.313773 0.132723 0.314974 0.137834 0.317611 0.129722 0.325217 0.123069 0.331403 0.11447 0.339921 0.111711 0.342253 0.109868 0.343458
2 36 0.112921 0.347924 0.122556 0.358838 0.133093 0.36787 0.142126 0.372763 0.157481 0.37615 0.163804 0.373139 0.165309 0.365989 0.163502 0.358085 0.155072 0.339268 0.137915 0.317712 0.131263 0.323797 0.122582 0.331808 0.114308 0.340022 0.109927 0.344079
3 42 0.43377 0.096786 0.435481 0.081101 0.443182 0.080744 0.4409 0.098212 0.44147 0.125306 0.445894 0.158481 0.445881 0.158481 0.440067 0.163766 0.439867 0.164247 0.437763 0.15846 0.434626 0.140279
4 42 0.435268 0.080845 0.437911 0.059703 0.442668 0.02799 0.449011 0 0.455618 0 0.450861 0.025017 0.44584 0.05706 0.443197 0.080845 0.443164 0.080876 0.443182 0.080744 0.435664 0.081092
0 42 0.451702 0.215122 0.454903 0.208659 0.456627 0.208351 0.461059 0.210813 0.465244 0.20989 0.470415 0.208659 0.473862 0.214199 0.472877 0.218507 0.470169 0.225279 0.468445 0.229895 0.463767 0.231434 0.457612 0.228972 0.456134 0.224663 0.452687 0.220662
1 42 0.439851 0.212788 0.440094 0.212549 0.440331 0.213318 0.442445 0.21497 0.450902 0.209354 0.458831 0.203408 0.467287 0.202086 0.476537 0.202086 0.476522 0.202028 0.480668 0.211529 0.480164 0.221292 0.477897 0.229796 0.473865 0.235465 0.467818 0.237669 0.461519 0.237669 0.454212 0.232 0.446402 0.225071
2 42 0.435574 0.183257 0.436367 0.172686 0.440067 0.163766 0.445881 0.158481 0.450374 0.158481 0.458566 0.163766 0.46438 0.171034 0.474951 0.19581 0.476537 0.202086 0.467287 0.202086 0.458831 0.203408 0.450902 0.209354 0.442445 0.21497 0.440331 0.213318 0.437688 0.204729 0.435574 0.193497
0 15 0.481953 0.601953 0.481016 0.607422 0.482578 0.612891 0.485781 0.614648 0.489219 0.613477 0.491172 0.611426 0.490625 0.609473 0.488516 0.608301 0.486016 0.606543 0.485781 0.602539 0.485078 0.601172 0.482734 0.600977
