4 6 0.808013 0.229169 0.848527 0.202013 0.918485 0.156103 0.974452 0.123747 1 0.111505 1 0.099699 0.964657 0.119375 0.911489 0.149545 0.87651 0.172281 0.846428 0.192831 0.801815 0.219968
3 6 0.761913 0.249023 0.79058 0.238369 0.808013 0.229169 0.801815 0.219968 0.772373 0.23159 0.757651 0.235948
2 6 0.721172 0.281445 0.727812 0.274316 0.732109 0.271582 0.744093 0.271298 0.754552 0.262098 0.761913 0.249023 0.757651 0.235948 0.747967 0.230137 0.736081 0.228059 0.724618 0.230405 0.72 0.231152 0.720313 0.234082 0.717031 0.238672 0.711953 0.25 0.711562 0.258594 0.713984 0.268262 0.718516 0.275879
1 6 0.720234 0.234082 0.720234 0.23125 0.7108 0.234724 0.703397 0.239659 0.697475 0.247061 0.693034 0.255081 0.69106 0.260633 0.69106 0.268652 0.695995 0.279756 0.7025 0.284961 0.710625 0.28584 0.716875 0.284277 0.721164 0.281607 0.718594 0.275977 0.714063 0.268164 0.711484 0.258691 0.712031 0.249902 0.717031 0.238379
4 16 0.052625 0.497353 0.074051 0.480082 0.089145 0.477063 0.095183 0.489138 0.099409 0.505742 0.089145 0.532911 0.077674 0.548005 0.058957 0.596306 0.045674 0.646117 0.032391 0.707248 0.018371 0.738814 0.00413 0.735673 0.022731 0.68838 0.060164 0.558571 0.075862 0.528383 0.081296 0.506496 0.080089 0.495931 0.070428 0.495176 0.052599 0.525054 0.052625 0.497353 0.052625 0.497353 0.052599 0.525054 0.050157 0.575397 0.050735 0.633286 0.04769 0.665516 0.046015 0.734626 0.037638 0.773369 0.027585 0.788029 0.017533 0.79117 0.005805 0.788029 0.000779 0.773369 0.000779 0.757662 0.00413 0.735673 0.018371 0.738814 0.018371 0.770228 0.020884 0.774416 0.029261 0.770228 0.035962 0.700071 0.035125 0.648762 0.035962 0.57337 0.043789 0.435225 0.055905 0.436421 0.052625 0.497353
3 16 0.043789 0.435225 0.045064 0.412907 0.048571 0.366276 0.056224 0.368667 0.06326 0.366908 0.055905 0.436421
2 16 0.0336418 0.323967 0.0338653 0.317122 0.0398437 0.317871 0.0494531 0.322754 0.0557813 0.323242 0.0689063 0.32373 0.0766406 0.319238 0.0836719 0.315723 0.081863 0.328132 0.07918 0.346348 0.071847 0.359899 0.064195 0.366675 0.056224 0.368667 0.048571 0.366276 0.041238 0.356711 0.035818 0.347544 0.033586 0.335986 0.033586 0.329211
1 16 0.061872 0.280696 0.054417 0.280696 0.043236 0.285778 0.037815 0.292978 0.034427 0.307378 0.034088 0.31712 0.0401243 0.3181 0.049848 0.323269 0.0690719 0.323548 0.0771191 0.318658 0.083896 0.315425 0.0832031 0.31084 0.0828125 0.305176 0.081524 0.298484 0.077119 0.28959 0.070004 0.28239 0.06526 0.280272
4 22 0.369709 0.861284 0.383262 0.859166 0.384278 0.90999 0.386311 1 0.374113 1 0.370725 0.898555
3 22 0.364965 0.788012 0.375808 0.785894 0.381907 0.831636 0.383262 0.859166 0.369709 0.861284 0.367337 0.813848
2 22 0.336165 0.74227 0.344974 0.76853 0.358189 0.783353 0.364965 0.788012 0.375808 0.785894 0.380551 0.775306 0.384278 0.753282 0.386311 0.729141 0.367337 0.736764
1 22 0.354461 0.691446 0.347685 0.695258 0.340231 0.701187 0.335148 0.707541 0.332776 0.715588 0.332438 0.729564 0.336165 0.74227 0.367337 0.736764 0.386311 0.729141 0.387328 0.718976 0.385295 0.710082 0.377163 0.700764 0.36937 0.693987 0.360899 0.691023
0 22 0.360373 0.711029 0.352919 0.710182 0.349531 0.714841 0.347837 0.723735 0.348175 0.730512 0.353597 0.735594 0.363423 0.736018 0.371216 0.729241 0.374604 0.721194 0.37291 0.715264 0.369183 0.711876 0.364778 0.711029
1 31 0.819847 0.822777 0.819847 0.819012 0.820303 0.814563 0.819847 0.809543 0.819756 0.801215 0.819482 0.792544 0.819482 0.783874 0.819208 0.778284 0.818843 0.772922 0.818893 0.766344 0.824754 0.76726 0.830982 0.769779 0.836477 0.7739 0.84014 0.78031 0.841239 0.78695 0.841239 0.796108 0.839224 0.80435 0.834096 0.814195 0.82622 0.821063
0 31 0.828985 0.779594 0.826006 0.779594 0.821942 0.781625 0.821671 0.786028 0.823297 0.791784 0.827089 0.794832 0.830882 0.795171 0.833862 0.791446 0.834945 0.787721 0.833862 0.782303 0.831965 0.78061
2 31 0.804932 0.766737 0.78931 0.769886 0.780996 0.774611 0.772933 0.783744 0.76865 0.792248 0.766886 0.800436 0.769154 0.81146 0.776964 0.819333 0.788806 0.824372 0.8009 0.825317 0.809375 0.824707 0.819844 0.823145 0.82 0.818945 0.820156 0.814941 0.819688 0.808887 0.819531 0.80127 0.819922 0.797363 0.819609 0.79209 0.819453 0.784277 0.819375 0.777637 0.819141 0.773242 0.818828 0.766309 0.814254 0.766422
3 31 0.712715 0.792248 0.714479 0.782799 0.730856 0.786264 0.749753 0.792878 0.767663 0.796828 0.766886 0.800436 0.768301 0.807313 0.764114 0.807995 0.739171 0.801696 0.726069 0.795712
4 31 0.712715 0.792248 0.714479 0.782799 0.700873 0.780595 0.682228 0.781854 0.659552 0.786264 0.635867 0.794137 0.604121 0.811775 0.584216 0.826892 0.573382 0.836026 0.558768 0.853348 0.539619 0.877599 0.513164 0.917282 0.492816 0.945322 0.48725 0.946421 0.482564 0.94935 0.477584 0.958138 0.47319 0.971685 0.471725 0.981938 0.467039 1 0.479048 1 0.500725 0.955208 0.517128 0.929944 0.533532 0.910538 0.543491 0.888935 0.56839 0.85708 0.58245 0.842067 0.604712 0.822295 0.630782 0.808381 0.659781 0.7952 0.685852 0.791904 0.702841 0.791538
0 16 0.0571094 0.31416 0.0548438 0.313574 0.0528906 0.31377 0.05125 0.316504 0.0514063 0.32002 0.0532813 0.322363 0.0571094 0.324707 0.0624219 0.324805 0.0635938 0.322363 0.06375 0.318652 0.0617969 0.316016 0.0571094 0.31416 0.059375 0.30293 0.0629687 0.302246 0.0646094 0.300977 0.0651562 0.296875 0.0635938 0.294238 0.05875 0.294434 0.0567969 0.296582 0.0564844 0.298926 0.0584375 0.30166 0.059375 0.30293
0 6 0.7075 0.265723 0.704141 0.264844 0.702422 0.268066 0.703359 0.271191 0.705781 0.274219 0.709375 0.275977 0.712266 0.275488 0.713047 0.27373 0.712812 0.270703 0.710469 0.267285 0.709063 0.266211
