4 27 0.247005 0.657407 0.250761 0.650104 0.256603 0.63915 0.262028 0.635498 0.267871 0.634977 0.273713 0.635498 0.280807 0.638628 0.288736 0.644888 0.313357 0.68401 0.316278 0.68714 0.321703 0.68088 0.325041 0.675664 0.331301 0.672534 0.336726 0.671491 0.343403 0.673056 0.349663 0.676186 0.35467 0.682445 0.357174 0.689226 0.357174 0.699659 0.35467 0.708005 0.350497 0.716873 0.34549 0.721568 0.341734 0.722089 0.332136 0.720524 0.323372 0.714787 0.320034 0.708005 0.319617 0.700181 0.321703 0.699659 0.325876 0.700702 0.330466 0.704875 0.333805 0.708527 0.337561 0.711657 0.344238 0.710092 0.348828 0.705919 0.351749 0.698616 0.351332 0.6934 0.345907 0.684532 0.33923 0.68088 0.333388 0.681924 0.327963 0.685575 0.323372 0.689748 0.321286 0.691835 0.316278 0.6934 0.312105 0.6934 0.307515 0.69027 0.30042 0.681402 0.285397 0.654799 0.27872 0.645931 0.272878 0.642801 0.268288 0.642801 0.260359 0.644366 0.255769 0.648539 0.253682 0.654799 0.253265 0.661058 0.254099 0.666796 0.257021 0.674621 0.259942 0.680359 0.271209 0.697573 0.293744 0.717916 0.32379 0.73826 0.333388 0.742955 0.340899 0.742955 0.350497 0.74452 0.370111 0.753387 0.370363 0.754125 0.367683 0.7692 0.364998 0.768529 0.353792 0.762654 0.344031 0.757684 0.332825 0.752262 0.31692 0.743676 0.284386 0.718824 0.265367 0.703311 0.25243 0.682445 0.247422 0.665231
3 27 0.367656 0.769352 0.370756 0.751919 0.389351 0.773226 0.413369 0.783395 0.414175 0.783827 0.412982 0.785816 0.41182 0.791143 0.41182 0.798891 0.407946 0.796954 0.400198 0.792596 0.389738 0.786785 0.380441 0.780005
2 27 0.41182 0.791143 0.412982 0.785816 0.416468 0.780005 0.41918 0.776616 0.423054 0.77371 0.429253 0.772742 0.437775 0.77371 0.445136 0.7771 0.450947 0.781458 0.453984 0.784277 0.451328 0.786426 0.447848 0.788722 0.443199 0.795017 0.440874 0.806639 0.4401 0.817292 0.439742 0.828909 0.439712 0.828914 0.429253 0.824072 0.423442 0.818745 0.417243 0.813418 0.413757 0.807123 0.412594 0.803249 0.41182 0.800828
1 27 0.439712 0.829883 0.4401 0.817292 0.440874 0.806639 0.443199 0.795017 0.447848 0.788722 0.454141 0.784082 0.456562 0.786816 0.464893 0.794533 0.470704 0.800344 0.475353 0.808576 0.47574 0.815355 0.47574 0.822135 0.474191 0.830851 0.470317 0.836178 0.464893 0.838599 0.459082 0.838115 0.449785 0.835209
0 27 0.459067 0.825165 0.462166 0.821776 0.470301 0.825165 0.471076 0.828555 0.470689 0.831461 0.467977 0.833398 0.462941 0.833398 0.459067 0.830492 0.459067 0.825165 0.450467 0.815436 0.449319 0.809818 0.446164 0.808622 0.445303 0.808742 0.443486 0.810535 0.443295 0.815914 0.445877 0.818543 0.448363 0.818543 0.450467 0.815436
4 6 0.828793 0.552116 0.831243 0.544843 0.831345 0.544843 0.861953 0.561582 0.92891 0.595459 1 0.634517 1 0.642089 0.931238 0.604442 0.870277 0.574523 0.829727 0.552895
3 6 0.778179 0.537187 0.789152 0.535843 0.80804 0.535843 0.831476 0.54415 0.828678 0.552458 0.816435 0.547211 0.805592 0.545025 0.7923 0.545025 0.784604 0.545899 0.778308 0.545899 0.779008 0.543276 0.779008 0.539778
2 6 0.731436 0.555518 0.733885 0.55202 0.734934 0.545899 0.735633 0.533656 0.734934 0.516167 0.734375 0.508594 0.74228 0.509608 0.751024 0.512669 0.755572 0.514855 0.765366 0.520539 0.772012 0.525349 0.776209 0.531033 0.779008 0.539778 0.779008 0.543276 0.777958 0.547211 0.776209 0.54896 0.768864 0.55202 0.760469 0.555081 0.750325 0.558142 0.736563 0.559766 0.728672 0.55957
1 6 0.731786 0.509608 0.722691 0.512669 0.714996 0.519665 0.711848 0.526223 0.711848 0.534094 0.712897 0.541089 0.716045 0.549397 0.720942 0.555518 0.72514 0.558142 0.72875 0.559668 0.731436 0.555518 0.733885 0.55202 0.734934 0.545899 0.735633 0.533656 0.734934 0.516167 0.734375 0.508594
0 6 0.726406 0.520091 0.722209 0.523151 0.71906 0.526212 0.717661 0.528835 0.718361 0.531022 0.720809 0.531459 0.724307 0.531896 0.727805 0.530584 0.729904 0.528835 0.731303 0.5249 0.731303 0.520965 0.730604 0.519653 0.729904 0.519653
4 16 0.695011 0.657069 0.693515 0.658004 0.690523 0.658004 0.686783 0.653797 0.686035 0.650992 0.686035 0.641174 0.684913 0.634629 0.681921 0.624812 0.679677 0.618735 0.677807 0.615462 0.674815 0.608917 0.670327 0.60284 0.643026 0.550013 0.618342 0.505134 0.606748 0.488304 0.586552 0.470539 0.559251 0.453242 0.546386 0.446894 0.549003 0.438308 0.549011 0.438309 0.590463 0.46349 0.612544 0.485281 0.634798 0.519159 0.669953 0.58601 0.692019 0.629954 0.696507 0.639304 0.696881 0.647719 0.696881 0.652862 0.695011 0.657069 0.695011 0.657069 0.695662 0.655603 0.696068 0.657884 0.693357 0.662543 0.688952 0.666355 0.684886 0.668049 0.680143 0.668049 0.67506 0.667202 0.672011 0.662967 0.668623 0.653225 0.66659 0.629507 0.667267 0.619766 0.669639 0.61299 0.674044 0.608754 0.674923 0.609154 0.677807 0.615462 0.677817 0.615479 0.677432 0.616801 0.67506 0.624001 0.674044 0.629931 0.673705 0.636707 0.673705 0.643908 0.67506 0.649837 0.677771 0.655343 0.681837 0.658731 0.68387 0.658308 0.687258 0.654919 0.68762 0.654738 0.690523 0.658004 0.693515 0.658004 0.695011 0.657069
3 16 0.485034 0.432056 0.487469 0.429013 0.488868 0.42158 0.488698 0.419034 0.549153 0.437815 0.546161 0.447632 0.529793 0.44213 0.522098 0.439944 0.505658 0.435572 0.497962 0.435135
2 16 0.446406 0.437207 0.449609 0.428418 0.450156 0.421973 0.450547 0.414355 0.451953 0.405957 0.455625 0.394824 0.457109 0.391895 0.460078 0.38623 0.461328 0.380957 0.463047 0.377344 0.464687 0.375 0.471028 0.380917 0.475576 0.387038 0.48432 0.399718 0.488168 0.411086 0.488868 0.42158 0.487469 0.429013 0.483621 0.433823 0.473127 0.438633 0.456687 0.438633 0.449844 0.438574
1 16 0.416811 0.392285 0.423107 0.380917 0.432202 0.373047 0.440946 0.369986 0.449691 0.368674 0.458786 0.37086 0.464732 0.374796 0.463046 0.376908 0.46157 0.380862 0.459883 0.386529 0.45556 0.394436 0.451976 0.406429 0.4505 0.4146 0.450183 0.422508 0.449445 0.427779 0.448602 0.432787 0.446177 0.437004 0.442695 0.435572 0.429053 0.425515 0.421708 0.417645 0.41786 0.409775 0.416811 0.40103
0 16 0.434842 0.393007 0.429245 0.393444 0.427147 0.390384 0.427846 0.385137 0.430645 0.382951 0.434143 0.381639 0.436591 0.385574 0.436591 0.389072 0.434842 0.393007 0.441646 0.424204 0.439197 0.417645 0.439897 0.415459 0.439897 0.413273 0.437099 0.411524 0.443908 0.381838 0.445447 0.381959 0.448141 0.379072 0.44843 0.375705 0.446602 0.37354 0.444389 0.372939 0.442657 0.375464 0.441887 0.378471 0.443908 0.381838 0.437099 0.411524 0.433951 0.412835 0.433251 0.418082 0.433951 0.419831 0.436749 0.419831 0.439197 0.417645 0.441646 0.424204 0.445843 0.422892 0.446893 0.428139 0.445494 0.431637 0.442695 0.431199 0.440247 0.429888 0.440597 0.426827 0.441646 0.424204
4 37 0 0.3272 0.069231 0.264604 0.0926 0.247911 0.111796 0.236957 0.147684 0.230176 0.167715 0.222873 0.193171 0.208267 0.229477 0.179056 0.300001 0.112287 0.348409 0.075773 0.381793 0.063253 0.404328 0.059602 0.424359 0.059602 0.458995 0.067426 0.463125 0.0696 0.465084 0.076537 0.464466 0.076537 0.457493 0.0746 0.431538 0.070242 0.413717 0.070242 0.394735 0.070726 0.379626 0.0746 0.354833 0.085738 0.340112 0.093002 0.312219 0.115761 0.224886 0.194183 0.203604 0.211397 0.184825 0.224438 0.170219 0.233306 0.146015 0.238 0.115135 0.245825 0.093852 0.254171 0.072569 0.271907 0 0.338154
3 37 0.463006 0.06918 0.485144 0.076233 0.512055 0.088713 0.527634 0.095342 0.526379 0.098479 0.525947 0.105503 0.522907 0.104447 0.504676 0.094138 0.479935 0.081659 0.465611 0.078404
2 37 0.525945 0.105532 0.526379 0.098479 0.528984 0.091968 0.534193 0.088713 0.540704 0.087627 0.563672 0.0895508 0.574375 0.0941406 0.581328 0.100488 0.576297 0.105532 0.572824 0.112043 0.562407 0.121267 0.550253 0.130491 0.540704 0.136459 0.534314 0.139954 0.532022 0.133747 0.52855 0.119097 0.526379 0.109873
1 37 0.533759 0.140257 0.540704 0.136459 0.550253 0.130491 0.562407 0.121267 0.572824 0.112043 0.576297 0.105532 0.581094 0.100879 0.585846 0.107703 0.589319 0.116384 0.590187 0.128863 0.584544 0.144056 0.576731 0.153279 0.569352 0.156535 0.56067 0.158163 0.551555 0.157077 0.541572 0.151109
0 37 0.574489 0.122017 0.575357 0.117676 0.580132 0.112793 0.585303 0.114474 0.586411 0.11863 0.586643 0.123102 0.584906 0.1269 0.581 0.127985 0.577527 0.1269
3 31 0.419785 0.76737 0.433334 0.757585 0.455312 0.742155 0.46122 0.737232 0.462654 0.743506 0.46406 0.745389 0.434538 0.769629 0.426409 0.773016
2 31 0.460766 0.735246 0.464044 0.722618 0.468634 0.711664 0.474458 0.707296 0.480736 0.714272 0.485744 0.725226 0.489082 0.733051 0.491169 0.745048 0.492421 0.755481 0.492421 0.759882 0.489084 0.762384 0.48342 0.762974 0.477757 0.760024 0.469262 0.752355 0.462654 0.743506
4 31 0.402888 0.778957 0.403064 0.778462 0.419048 0.767626 0.419952 0.767513 0.426409 0.773016 0.429468 0.771741 0.429132 0.77276 0.423054 0.77371 0.41918 0.776616 0.416468 0.780005 0.414286 0.783642 0.414005 0.783736 0.413369 0.783395 0.392579 0.788363 0.37438 0.795585 0.353372 0.798126 0.329316 0.796855 0.298143 0.78542 0.271376 0.773561 0.236138 0.754926 0.188024 0.724431 0.168711 0.703254 0.145671 0.673607 0.098912 0.612618 0.009123 0.486404 0.009123 0.486404 0.016238 0.486404 0.102959 0.603946 0.142702 0.657012 0.171003 0.693141 0.192982 0.716475 0.242149 0.749678 0.277096 0.768641 0.319356 0.784896 0.340757 0.789636 0.355657 0.790314 0.369202 0.787266 0.379767 0.783541 0.384809 0.783191
1 31 0.473225 0.705926 0.474059 0.703318 0.483657 0.693407 0.496594 0.689234 0.505357 0.688712 0.517042 0.69445 0.523719 0.701231 0.527474 0.71375 0.52664 0.728356 0.523301 0.737746 0.517459 0.749743 0.501184 0.761219 0.496176 0.762262 0.492421 0.762784 0.492421 0.755481 0.491169 0.745048 0.489082 0.733051 0.485744 0.725226 0.480736 0.714272
