4 5 0.234429 0.481424 0.249352 0.472945 0.253874 0.468988 0.274677 0.449203 0.351102 0.387588 0.406273 0.359325 0.44652 0.345758 0.523582 0.327646 0.636702 0.308761 0.712244 0.297139 0.75144 0.28325 0.754661 0.290497 0.753405 0.291675 0.709041 0.308783 0.637774 0.318813 0.528278 0.334152 0.448044 0.35362 0.410287 0.364829 0.351102 0.396067 0.286887 0.447508 0.253422 0.481424 0.246639 0.484816 0.241664 0.484816 0.237142 0.48312
3 5 0.751371 0.283095 0.786624 0.269052 0.800558 0.26508 0.801685 0.274465 0.802075 0.275388 0.755245 0.291812
2 5 0.806025 0.249506 0.802119 0.253847 0.800382 0.263613 0.801685 0.274465 0.805591 0.283689 0.8108 0.288572 0.814706 0.290742 0.820783 0.290199 0.832503 0.286944 0.839448 0.284774 0.848129 0.272837 0.848997 0.263071 0.847261 0.256017 0.840316 0.249506 0.829465 0.245165 0.819915 0.24408 0.814272 0.244623
4 17 0.843056 0.43197 0.845937 0.436921 0.871841 0.419753 0.891348 0.408499 0.906053 0.405873 0.92346 0.403622 0.940867 0.399495 0.955572 0.394243 0.970278 0.38599 1 0.374361 1 0.367608 0.967577 0.380363 0.95107 0.387866 0.939966 0.391992 0.929162 0.393868 0.905753 0.397995 0.891348 0.402871 0.868839 0.413375 0.849332 0.427256
3 17 0.802291 0.458445 0.803086 0.457626 0.828293 0.441422 0.843056 0.43197 0.845937 0.436921 0.808287 0.466245 0.807407 0.462578 0.804526 0.458977
2 17 0.773558 0.500838 0.768877 0.490935 0.767437 0.483733 0.765625 0.482715 0.764613 0.481686 0.765636 0.480132 0.770677 0.47293 0.777519 0.464378 0.789762 0.457626 0.796964 0.457176 0.804526 0.458977 0.807407 0.462578 0.808487 0.467079 0.808487 0.47248 0.806327 0.482833 0.801646 0.490485 0.795524 0.495887 0.785081 0.502188 0.775781 0.506055 0.773558 0.500838 0.773558 0.500838 0.776094 0.505957 0.773438 0.507129 0.771037 0.50804 0.764556 0.51029 0.758074 0.50939 0.753672 0.506738 0.753437 0.501855 0.753672 0.498242 0.757812 0.490332 0.761328 0.485547 0.763203 0.483887 0.764687 0.481641 0.767437 0.483733 0.768877 0.490935 0.773558 0.500838
4 23 0.492393 0.685996 0.495878 0.695579 0.457893 0.718666 0.443069 0.735713 0.43933 0.739348 0.43933 0.74558 0.443069 0.749735 0.449301 0.751292 0.453871 0.750773 0.463011 0.742983 0.472682 0.732241 0.503876 0.700747 0.514074 0.694748 0.517673 0.696248 0.517673 0.698498 0.513474 0.705996 0.499077 0.721743 0.458885 0.760736 0.447487 0.765235 0.442688 0.763735 0.43069 0.756986 0.43009 0.750987 0.43009 0.742739 0.43249 0.73524 0.438488 0.727742 0.449886 0.711245 0.479281 0.690999 0.492393 0.685996 0.492393 0.685996 0.522711 0.672056 0.535701 0.668448 0.535701 0.670699 0.537202 0.675951 0.524897 0.683079 0.495878 0.695579 0.492393 0.685996
2 23 0.569219 0.635352 0.569922 0.65332 0.570078 0.667188 0.571641 0.675488 0.572422 0.678223 0.572891 0.68252 0.574062 0.685547 0.567344 0.686328 0.562712 0.685329 0.551007 0.683454 0.539903 0.678952 0.537202 0.675951 0.535701 0.670699 0.535701 0.668448 0.535701 0.663946 0.549807 0.644814 0.562111 0.636936
1 23 0.572967 0.634918 0.583769 0.635957 0.590416 0.640631 0.593324 0.646343 0.595402 0.653614 0.595402 0.663481 0.592909 0.67127 0.587093 0.679579 0.577537 0.685292 0.574141 0.685742 0.573047 0.682031 0.572344 0.678516 0.571562 0.675488 0.57 0.667773 0.570156 0.653125 0.569063 0.635059
0 23 0.576124 0.649287 0.572348 0.653226 0.572969 0.659668 0.572969 0.666602 0.57188 0.670988 0.574195 0.673881 0.575352 0.674846 0.579596 0.67581 0.584226 0.674363 0.58847 0.668576 0.589241 0.662307 0.588855 0.659896 0.587312 0.653145 0.584226 0.650251 0.58384 0.650251
4 29 0.291188 0.656197 0.292988 0.668573 0.20568 0.657322 0.104929 0.639251 0.050952 0.635652 0.025762 0.635652 0.020005 0.632054 0.019285 0.626656 0.019285 0.621258 0.024323 0.61676 0.034399 0.610463 0.043755 0.605964 0.194172 0.584373 0.320119 0.565481 0.327316 0.56818 0.326597 0.570879 0.322278 0.573578 0.173301 0.594269 0.045914 0.61676 0.038717 0.619459 0.037278 0.621258 0.042315 0.623957 0.107808 0.628455 0.207846 0.641949 0.268301 0.651845
3 29 0.342043 0.65676 0.342043 0.661823 0.342943 0.667448 0.292988 0.668573 0.291188 0.656197
2 29 0.387344 0.642969 0.395703 0.645215 0.395703 0.651367 0.395156 0.656152 0.393516 0.660156 0.39125 0.665918 0.390391 0.670508 0.391328 0.675586 0.391172 0.678711 0.390703 0.681738 0.376696 0.681512 0.360494 0.677012 0.345643 0.670261 0.342943 0.667448 0.342043 0.661823 0.342043 0.65676 0.343393 0.650009 0.348343 0.646071 0.368145 0.641008 0.377146 0.641571
1 29 0.395625 0.645117 0.403182 0.646766 0.41141 0.648694 0.415703 0.651367 0.417422 0.656934 0.418438 0.662891 0.417812 0.669238 0.416719 0.673145 0.411875 0.676562 0.404687 0.679395 0.390781 0.681738 0.391094 0.678516 0.391094 0.675293 0.390391 0.670801 0.391016 0.666113 0.393437 0.660352 0.395078 0.656152 0.395781 0.65127
4 35 0.783913 0.348825 0.786827 0.346597 0.785878 0.338953 0.783913 0.330628 0.786261 0.325932 0.788139 0.325345 0.793305 0.333563 0.796122 0.337672 0.796122 0.345303 0.794714 0.35176 0.779687 0.3635 0.766538 0.375827 0.748694 0.381696 0.719556 0.384227 0.659002 0.376414 0.628009 0.381696 0.587154 0.398719 0.551465 0.416916 0.489949 0.457418 0.46373 0.479909 0.467564 0.486008 0.513564 0.451595 0.556926 0.42188 0.596533 0.404877 0.63494 0.392375 0.659471 0.387566 0.685299 0.389327 0.720988 0.392849 0.748694 0.390501 0.759494 0.387566 0.774052 0.381696 0.785791 0.371718 0.799879 0.355869 0.802697 0.346477 0.802697 0.337085 0.799879 0.328867 0.795653 0.319476 0.791426 0.317128 0.782974 0.316541 0.776399 0.320063 0.774991 0.325932 0.776869 0.334737 0.778747 0.341194 0.78377 0.348837 0.783913 0.348825 0.784192 0.348837 0.78493 0.352923 0.788198 0.360171 0.786616 0.362411 0.784719 0.363861 0.77523 0.360566 0.764269 0.352983 0.755399 0.342535 0.748917 0.331234 0.747211 0.321852 0.74592 0.317998 0.743917 0.319712 0.742124 0.329464 0.745709 0.342511 0.750367 0.350424 0.756463 0.35714 0.774492 0.367683 0.780818 0.369792 0.789358 0.37111 0.794313 0.366892 0.787249 0.346728 0.784192 0.348837
3 35 0.422996 0.511851 0.418595 0.502349 0.442124 0.492542 0.46373 0.479909 0.467564 0.486008 0.44317 0.502125
1 35 0.365336 0.510396 0.356785 0.517147 0.351835 0.527835 0.352285 0.538524 0.360836 0.545837 0.370737 0.549775 0.380187 0.548087 0.382438 0.545837 0.382888 0.540774 0.380638 0.532336 0.377487 0.526148 0.373437 0.522772 0.369837 0.518272 0.367136 0.510396
0 35 0.368986 0.525354 0.366986 0.527354 0.366986 0.531855 0.370186 0.535856 0.374187 0.536856 0.377388 0.536356 0.378188 0.533855 0.378188 0.530355 0.377388 0.528354 0.376988 0.527354
2 35 0.382438 0.545837 0.382888 0.540774 0.380638 0.532336 0.377487 0.526148 0.373437 0.522772 0.369837 0.518272 0.367136 0.510396 0.374187 0.50585 0.385389 0.500849 0.403793 0.495348 0.408994 0.496348 0.414995 0.499349 0.418595 0.502349 0.422996 0.511851 0.412594 0.527354 0.394191 0.539856 0.384989 0.545857
4 42 0.96913 0.070168 0.97228 0.080294 1 0.051604 1 0.038103
3 42 0.929977 0.098858 0.933127 0.107859 0.97228 0.080294 0.96913 0.070168
2 42 0.892173 0.130361 0.898474 0.134299 0.903874 0.134299 0.917825 0.133737 0.923226 0.132049 0.926376 0.128111 0.929526 0.121361 0.935377 0.117423 0.933127 0.107859 0.929977 0.098858 0.923676 0.096046 0.917375 0.096046 0.902074 0.097733 0.893523 0.106172 0.892173 0.11236 0.891723 0.117985 0.890823 0.120798 0.892173 0.130361 0.892173 0.130361 0.893973 0.139362 0.899374 0.150613 0.907474 0.154551 0.913325 0.154551 0.921876 0.152301 0.929526 0.139925 0.930781 0.137207 0.933127 0.133174 0.936727 0.125298 0.935377 0.117423 0.929526 0.121361 0.926376 0.128111 0.923226 0.132049 0.917825 0.133737 0.903874 0.134299 0.898474 0.134299 0.892173 0.130361
0 42 0.911975 0.139362 0.911975 0.138237 0.908825 0.135987 0.899824 0.137675 0.899824 0.14105 0.904774 0.144425 0.907924 0.144425 0.910625 0.142738 0.911975 0.139362 0.919609 0.145703 0.920156 0.14834 0.921746 0.149622 0.924897 0.147934 0.928047 0.142676 0.929847 0.138371 0.929847 0.137246 0.927422 0.136914 0.922422 0.138184 0.919609 0.145703
0 11 0.971171 0.41545 0.970653 0.418369 0.970653 0.41999 0.97169 0.420964 0.973247 0.41999 0.973247 0.417071 0.972988 0.415125
1 11 0.967578 0.430078 0.96792 0.426863 0.968464 0.423465 0.96792 0.418367 0.967105 0.41293 0.966561 0.408512 0.96493 0.405794 0.968736 0.406474 0.972542 0.408512 0.974989 0.412251 0.975804 0.414969 0.975804 0.419047 0.973901 0.424824 0.970859 0.430273 0.967109 0.432715
2 11 0.925532 0.412927 0.924886 0.414339 0.924499 0.420621 0.925783 0.423465 0.929045 0.428222 0.934754 0.43264 0.938832 0.433319 0.947531 0.434679 0.950522 0.434679 0.959609 0.434082 0.967031 0.433105 0.967109 0.430371 0.96792 0.426863 0.968464 0.423465 0.96792 0.418367 0.967105 0.41293 0.966561 0.408512 0.96493 0.405794 0.963027 0.404435 0.961124 0.403755 0.954871 0.402736 0.936929 0.406474 0.928229 0.409872
4 11 0.429939 0.552194 0.435054 0.546511 0.466881 0.56143 0.493025 0.566403 0.515191 0.564271 0.537356 0.557167 0.55327 0.547932 0.577141 0.535854 0.594759 0.526619 0.610673 0.514541 0.644205 0.481861 0.676042 0.450592 0.722189 0.41991 0.749189 0.410091 0.787577 0.403186 0.82206 0.402667 0.870668 0.405783 0.896308 0.40961 0.893893 0.410817 0.893423 0.413752 0.894003 0.414063 0.828725 0.409366 0.798779 0.410594 0.760488 0.415503 0.731033 0.424094 0.700407 0.442948 0.668613 0.468443 0.63262 0.505186 0.598738 0.533723 0.562932 0.551484 0.528831 0.566403 0.50496 0.573507 0.482795 0.572086 0.459493 0.565692
3 11 0.893423 0.413752 0.893893 0.410817 0.898589 0.408469 0.925532 0.412927 0.924886 0.414339 0.924499 0.420621 0.896711 0.415513
0 29 0.402969 0.663379 0.400781 0.664551 0.401172 0.669141 0.402266 0.671094 0.406797 0.670996 0.410469 0.669629 0.411875 0.668359 0.411719 0.664551 0.408984 0.662891 0.406797 0.662891
