4 6 0.752286 0.75123 0.743763 0.817572 0.743662 0.928329 0.746073 1 0.755314 0.999145 0.7521 0.879109 0.755314 0.786193 0.759347 0.75686
2 6 0.786356 0.644511 0.796839 0.65174 0.803984 0.654492 0.808203 0.654492 0.812109 0.652051 0.814375 0.646875 0.817031 0.641504 0.818125 0.638086 0.818437 0.651074 0.815636 0.662133 0.809852 0.676593 0.798285 0.688793 0.791778 0.699638 0.788163 0.704608 0.781295 0.70506 0.774065 0.70009 0.770089 0.688793 0.768643 0.67343 0.771535 0.663037 0.778403 0.652192
1 6 0.806238 0.630503 0.799008 0.634118 0.789609 0.640444 0.786356 0.644511 0.796839 0.65174 0.804219 0.654687 0.812031 0.652246 0.814453 0.646777 0.816953 0.641797 0.818281 0.637695 0.816721 0.635022 0.812021 0.631407
0 6 0.807684 0.639088 0.802984 0.639992 0.801177 0.645866 0.802261 0.652644 0.807684 0.654904 0.811298 0.652192 0.811298 0.644511
3 14 0.173538 0.38805 0.181294 0.378354 0.20815 0.407989 0.222474 0.430777 0.212056 0.438373 0.195562 0.41233 0.178633 0.394424
1 14 0.152336 0.329228 0.143028 0.327289 0.133202 0.329228 0.1301 0.335046 0.128548 0.34151 0.1301 0.352499 0.13372 0.361548 0.137339 0.365426
2 14 0.137339 0.365426 0.144579 0.377062 0.154921 0.386111 0.16423 0.38999 0.173538 0.38805 0.181294 0.378354 0.18388 0.36478 0.180777 0.353145 0.172503 0.342803 0.163712 0.336339 0.152336 0.329228
0 14 0.14087 0.339249 0.13604 0.339249 0.133021 0.342268 0.133021 0.35057 0.135436 0.355098 0.139662 0.355098 0.142077 0.347551
4 14 0.288171 0.534354 0.293287 0.523963 0.326568 0.540384 0.363428 0.557456 0.380316 0.574711 0.395603 0.595105 0.398603 0.615681 0.39929 0.642846 0.393045 0.663049 0.382814 0.676638 0.36235 0.679835 0.344669 0.671415 0.334559 0.657399 0.300919 0.601792 0.268347 0.534354 0.229978 0.46641 0.212056 0.438373 0.222474 0.430777 0.245308 0.463713 0.284764 0.540195 0.300321 0.569525 0.332934 0.634273 0.3502 0.658253 0.368745 0.665447 0.382814 0.659052 0.389848 0.636671 0.389387 0.617057 0.385372 0.6007 0.369155 0.578933 0.366218 0.57673 0.350505 0.561861 0.311296 0.549746 0.293926 0.540749 0.288171 0.534354 0.288171 0.534354 0.279031 0.529082 0.25105 0.474843 0.255882 0.45241 0.268321 0.451438 0.288534 0.466987 0.287757 0.48448 0.274289 0.47375 0.268321 0.469903 0.265331 0.47577 0.267828 0.490638 0.293287 0.523963 0.288171 0.534354
4 21 0.408519 0.792349 0.413678 0.763977 0.421367 0.770479 0.418899 0.78983 0.419643 0.799595 0.426153 0.814476 0.4449 0.843561 0.46596 0.883766 0.475446 0.9026 0.490327 0.940732 0.49711 0.964739 0.521638 0.997835 0.505651 1 0.485827 0.965861 0.460007 0.894927 0.441113 0.861683 0.425674 0.83738 0.411378 0.813078
3 21 0.439301 0.739614 0.440541 0.733022 0.447403 0.732307 0.456553 0.735167 0.47771 0.750892 0.490862 0.775909 0.486287 0.793779 0.473135 0.801641 0.460839 0.803458 0.466916 0.798574 0.469955 0.790436 0.47771 0.78806 0.47771 0.780198 0.471992 0.768761 0.45884 0.754466 0.448547 0.745888 0.4427 0.745482
2 21 0.403543 0.756796 0.413526 0.763849 0.428285 0.776329 0.445647 0.800202 0.451724 0.804543 0.460839 0.803458 0.466916 0.798574 0.469955 0.790436 0.46952 0.780669 0.461707 0.77036 0.443911 0.747572 0.434795 0.731837 0.430889 0.726954 0.426548 0.722613
1 21 0.389653 0.725869 0.392257 0.71773 0.396164 0.713932 0.403977 0.712304 0.41396 0.711762 0.418301 0.71339 0.426548 0.722613 0.403543 0.756796 0.397466 0.751913 0.39356 0.743774 0.390521 0.73455
0 21 0.409186 0.73021 0.410488 0.724784 0.414829 0.723156 0.416999 0.723156 0.420905 0.725869 0.419169 0.731837 0.416131 0.736178 0.410922 0.736178 0.409186 0.73021 0.406715 0.728484 0.402273 0.734036 0.396351 0.730952 0.396351 0.722932 0.401286 0.718614 0.406221 0.719231 0.408689 0.721699 0.406715 0.728484
4 27 0.699957 0.260823 0.710358 0.252344 0.721664 0.306611 0.727995 0.347311 0.728899 0.401012 0.724829 0.460366 0.715135 0.522728 0.696256 0.602962 0.674074 0.675527 0.649937 0.721198 0.631677 0.756361 0.605521 0.76438 0.575417 0.769315 0.552222 0.7724 0.517183 0.795225 0.507806 0.80201 0.507313 0.792757 0.531001 0.773017 0.560118 0.759445 0.600586 0.752659 0.627729 0.73662 0.659807 0.678016 0.683002 0.613243 0.70373 0.525645 0.715081 0.449767 0.717548 0.391163 0.715081 0.332559 0.70521 0.291227
3 27 0.689104 0.187338 0.697696 0.184511 0.701032 0.181384 0.710358 0.252344 0.699957 0.260823 0.693174 0.215601
2 27 0.671015 0.144942 0.685938 0.134767 0.700861 0.124027 0.704027 0.134767 0.706288 0.15229 0.704027 0.170379 0.701314 0.18112 0.697696 0.184511 0.689104 0.187338 0.677346 0.17151 0.671467 0.155682
1 27 0.669206 0.13081 0.67011 0.115548 0.674118 0.106385 0.678554 0.101866 0.686276 0.100634 0.693341 0.103509 0.696873 0.106795 0.700861 0.124027 0.685938 0.134767 0.671015 0.144942
0 34 0.359694 0.137641 0.355485 0.139614 0.352329 0.147505 0.355485 0.158684 0.36285 0.156711 0.368111 0.150135 0.367059 0.140929 0.364428 0.138299
4 34 0.514191 0.348068 0.511561 0.359904 0.504814 0.355364 0.498069 0.34257 0.498409 0.327683 0.493674 0.301379 0.487888 0.296119 0.47947 0.307298 0.473726 0.299043 0.47421 0.298091 0.482627 0.28494 0.489466 0.279679 0.495252 0.280337 0.501565 0.298091 0.509982 0.322422 0.514191 0.348068 0.514191 0.348068 0.531551 0.359904 0.552323 0.378169 0.555578 0.382358 0.563115 0.394756 0.566271 0.409223 0.564167 0.425663 0.557854 0.440129 0.545229 0.443417 0.528395 0.438157 0.512087 0.408565 0.489466 0.355301 0.470527 0.317161 0.448959 0.288228 0.429135 0.263239 0.439656 0.250088 0.47947 0.307298 0.509982 0.365165 0.528395 0.40725 0.536286 0.42369 0.546004 0.428673 0.552993 0.425082 0.555865 0.416825 0.55575 0.398044 0.529516 0.373198 0.511561 0.359904 0.514191 0.348068
3 34 0.388101 0.200769 0.397571 0.196824 0.398344 0.189737 0.439656 0.250088 0.429135 0.263239
2 34 0.350751 0.169863 0.361272 0.18433 0.378632 0.197481 0.388101 0.200769 0.397571 0.196824 0.399149 0.182357 0.391784 0.160657 0.384419 0.150793 0.377054 0.143559
1 34 0.358642 0.121202 0.349699 0.119229 0.342334 0.123174 0.338651 0.131723 0.338651 0.147505 0.344438 0.161972 0.350751 0.169863 0.377054 0.143559 0.365481 0.123174
1 41 0.092896 0.448135 0.09769 0.440344 0.103922 0.43555 0.105703 0.437793 0.107266 0.441309 0.11 0.445605 0.115428 0.457723 0.106016 0.47666 0.102005 0.481693 0.099128 0.477498 0.094334 0.471506 0.092896 0.461318
0 41 0.096731 0.46012 0.100566 0.449932 0.103922 0.446936 0.106799 0.446337 0.110154 0.452929 0.110634 0.467311 0.107278 0.475101 0.099128 0.471506
2 41 0.107969 0.473047 0.106172 0.477051 0.101875 0.481445 0.107757 0.487686 0.121313 0.497432 0.127827 0.500995 0.135971 0.497941 0.141671 0.491324 0.145336 0.48369 0.145336 0.471474 0.135971 0.453151 0.128235 0.442972 0.118784 0.436749 0.111016 0.434668 0.103828 0.435645 0.105781 0.438086 0.107266 0.441602 0.11 0.445312 0.115428 0.457723
3 41 0.141671 0.491324 0.145336 0.48369 0.145336 0.475664 0.163972 0.501277 0.18731 0.530007 0.17916 0.544389 0.155515 0.510665
4 41 0.175828 0.565316 0.187146 0.573312 0.184516 0.598958 0.185734 0.622122 0.189232 0.636073 0.199893 0.652731 0.218217 0.684173 0.222048 0.688545 0.242909 0.716665 0.264478 0.740996 0.276051 0.75349 0.288151 0.757436 0.300776 0.75349 0.309193 0.742311 0.310772 0.718638 0.285848 0.663975 0.252544 0.621077 0.207663 0.575285 0.17916 0.544389 0.18731 0.530007 0.20689 0.555283 0.241538 0.592763 0.28768 0.65169 0.309002 0.688753 0.318497 0.71728 0.320829 0.734979 0.31833 0.749346 0.308264 0.762842 0.28569 0.767859 0.262112 0.755318 0.234521 0.725845 0.202917 0.681324 0.176917 0.634419 0.174646 0.602056 0.175781 0.585591 0.175828 0.565316 0.175828 0.565316 0.191881 0.53583 0.197667 0.522678 0.205032 0.524651 0.201876 0.536488 0.187146 0.573312 0.175828 0.565316
4 48 0.212053 1 0.223626 0.988446 0.2421 1
3 48 0.166864 0.975297 0.174229 0.966749 0.175217 0.95975 0.223626 0.988446 0.212053 1 0.204688 0.996995
2 48 0.117414 0.931239 0.126883 0.946364 0.143191 0.964776 0.155291 0.973982 0.166864 0.975297 0.174229 0.966749 0.175807 0.95557 0.167916 0.935185 0.157395 0.9148 0.143191 0.897045 0.140561 0.904278
1 48 0.121623 0.886524 0.116888 0.887839 0.110575 0.8931 0.105841 0.902306 0.105841 0.910854 0.107945 0.92006 0.117414 0.931239 0.140561 0.904278 0.143191 0.897045 0.137405 0.889812 0.130566 0.887181
4 53 0.045684 0.812556 0.057025 0.817586 0.04134 0.859987 0 0.962993 0 0.934441
3 53 0.045684 0.812556 0.065074 0.755394 0.072756 0.759967 0.076417 0.759759 0.065074 0.796093 0.057025 0.817586
0 53 0.084704 0.701872 0.082689 0.702952 0.081537 0.705111 0.081249 0.70871 0.083553 0.711589 0.085856 0.712669 0.089598 0.70907 0.088447 0.702952
2 53 0.066537 0.699603 0.078244 0.704634 0.093243 0.71881 0.099828 0.727956 0.096536 0.738931 0.087024 0.754479 0.080805 0.759509 0.072756 0.759967 0.065074 0.755394 0.059586 0.743504 0.058123 0.730242 0.059952 0.715151 0.064708 0.70189
1 53 0.083366 0.685427 0.078975 0.685884 0.07422 0.689085 0.068366 0.696402 0.066537 0.699603 0.078244 0.704634 0.093243 0.71881 0.099828 0.727956 0.102755 0.718352 0.104218 0.705091 0.101292 0.695945 0.093609 0.689085 0.088487 0.686799
3 6 0.752104 0.750177 0.761934 0.721289 0.773662 0.698007 0.775618 0.701041 0.780465 0.705039 0.769027 0.730241 0.75914 0.757139 0.752258 0.751687
0 27 0.683746 0.110787 0.680878 0.112634 0.680357 0.116219 0.682008 0.11926 0.685918 0.119695 0.687483 0.117088 0.686614 0.112851 0.685484 0.111548
0 48 0.122891 0.908691 0.120703 0.911719 0.121484 0.916113 0.123438 0.918359 0.127109 0.918164 0.130469 0.91543 0.131562 0.91416 0.13125 0.910156 0.128438 0.908398 0.124844 0.907422
