4 7 0.344721 0.216007 0.349441 0.215417 0.413043 0.294957 0.495992 0.400141 0.532019 0.447025 0.572486 0.493908 0.616409 0.538324 0.649474 0.569169 0.690435 0.599396 0.742254 0.634559 0.771559 0.660492 0.766321 0.665849 0.767084 0.666875 0.740428 0.64372 0.690683 0.608108 0.645461 0.575322 0.61064 0.544797 0.567679 0.498444 0.521553 0.444743 0.489142 0.403613 0.405133 0.294471
3 7 0.766321 0.665849 0.77201 0.660031 0.782869 0.676191 0.790109 0.68524 0.797866 0.691058 0.808208 0.696876 0.811311 0.696876 0.812366 0.697205 0.811311 0.700108 0.810903 0.706728 0.810277 0.706572 0.80252 0.702693 0.790626 0.696876 0.773044 0.674898
1 7 0.855703 0.678613 0.854063 0.672559 0.852812 0.667969 0.860593 0.667522 0.871998 0.672953 0.880144 0.685172 0.881231 0.701465 0.877429 0.712327 0.870369 0.72251 0.862765 0.729299 0.854619 0.731336 0.852031 0.731934 0.852344 0.728711 0.851484 0.722559 0.850859 0.714453 0.850938 0.711328 0.852812 0.706934 0.857734 0.703711 0.860391 0.699316 0.860469 0.692187
2 7 0.810794 0.708511 0.811311 0.700108 0.813896 0.692997 0.82579 0.678776 0.83665 0.672959 0.845441 0.669081 0.853203 0.667773 0.853984 0.672852 0.855859 0.678809 0.860547 0.692187 0.860469 0.69873 0.857891 0.703516 0.852969 0.706738 0.851016 0.711328 0.850547 0.715039 0.851328 0.723047 0.852344 0.728613 0.851797 0.732324 0.845703 0.732715 0.840269 0.731135 0.825273 0.724024 0.814931 0.714975
0 7 0.867928 0.695028 0.865343 0.684039 0.866377 0.679515 0.872582 0.680807 0.874651 0.684686 0.875685 0.689211 0.875685 0.694382 0.874651 0.69826 0.871548 0.698907 0.867928 0.695028 0.857891 0.711133 0.855469 0.71084 0.853359 0.711133 0.851641 0.71416 0.851562 0.717773 0.853594 0.719434 0.857344 0.719238 0.859141 0.715527 0.857891 0.711133
4 13 0.564698 0.71317 0.565971 0.706809 0.582225 0.712849 0.610051 0.724233 0.744631 0.795064 0.855431 0.84629 0.954089 0.891825 0.954595 0.898782 0.954595 0.901944 0.950548 0.902576 0.859985 0.857674 0.75475 0.808978 0.625546 0.741128 0.59197 0.72434 0.575596 0.719008
3 13 0.51861 0.685484 0.519219 0.684912 0.520782 0.678273 0.566246 0.705431 0.564472 0.714304 0.529423 0.69434
2 13 0.477204 0.688356 0.478404 0.684358 0.478404 0.679921 0.479291 0.673821 0.480622 0.669939 0.485502 0.660512 0.490382 0.653857 0.49615 0.64942 0.506354 0.643875 0.507927 0.642302 0.509459 0.644984 0.513008 0.65053 0.517445 0.659402 0.521438 0.670494 0.521438 0.675485 0.519219 0.684912 0.512121 0.691567 0.504579 0.696003 0.497037 0.697667 0.49127 0.697667 0.485059 0.696003 0.478847 0.692122
1 13 0.459188 0.654362 0.462013 0.645941 0.475742 0.635556 0.489495 0.633338 0.501917 0.637775 0.508572 0.641657 0.506354 0.643875 0.49615 0.64942 0.490382 0.653857 0.485502 0.660512 0.480622 0.669939 0.479291 0.673821 0.478404 0.679921 0.478404 0.684358 0.477073 0.688794 0.470862 0.683803 0.461989 0.671603 0.459405 0.663055
0 13 0.467313 0.663284 0.467756 0.656075 0.469087 0.653302 0.473967 0.64942 0.477225 0.647163 0.478847 0.645538 0.48284 0.642211 0.488608 0.64332 0.486389 0.648866 0.482397 0.654411 0.479291 0.659957 0.477073 0.666057 0.477073 0.677148 0.473967 0.678258 0.472636 0.678258 0.470418 0.676039 0.467313 0.671048
4 20 0.332421 0.651907 0.340026 0.651542 0.344581 0.705317 0.356559 0.753009 0.37253 0.796265 0.393826 0.838966 0.412902 0.87113 0.434198 0.899413 0.480337 0.952651 0.520265 1 0.506512 1 0.499857 0.989252 0.495421 0.981488 0.491428 0.977051 0.487435 0.97206 0.481224 0.966515 0.461704 0.942669 0.424881 0.899967 0.392938 0.85283 0.36765 0.805692 0.350348 0.759664 0.340627 0.725008 0.334307 0.682544
3 20 0.331937 0.651931 0.336282 0.631686 0.345367 0.604035 0.355852 0.582503 0.356032 0.582803 0.360378 0.584285 0.361917 0.584285 0.358798 0.595147 0.347737 0.623292 0.342207 0.651437
2 20 0.347342 0.557127 0.347737 0.54824 0.348922 0.541821 0.350502 0.53787 0.350685 0.537756 0.350502 0.539352 0.354057 0.542314 0.361958 0.543302 0.369068 0.546264 0.375388 0.551202 0.376968 0.556634 0.378548 0.561571 0.380128 0.566015 0.384609 0.57207 0.378281 0.579199 0.373516 0.582812 0.366303 0.584285 0.360378 0.584285 0.356032 0.582803 0.353662 0.578853 0.349317 0.567496
1 20 0.350502 0.539352 0.350897 0.535895 0.352082 0.533426 0.360378 0.519107 0.369463 0.511701 0.375783 0.509232 0.380918 0.508738 0.389609 0.509232 0.396719 0.512688 0.402249 0.523057 0.402644 0.537377 0.396324 0.557621 0.388906 0.567676 0.384531 0.572363 0.380128 0.566015 0.378548 0.561571 0.376968 0.556634 0.375388 0.551202 0.369068 0.546264 0.361958 0.543302 0.354057 0.542314
0 20 0.382812 0.55059 0.385206 0.552621 0.385601 0.55509 0.385601 0.558547 0.384811 0.559534 0.382046 0.55904 0.380071 0.557559 0.379281 0.55509 0.380235 0.550691 0.382812 0.55059 0.385 0.519531 0.38625 0.519629 0.387891 0.516504 0.387734 0.513281 0.386328 0.5125 0.384375 0.512695 0.383594 0.514551 0.383281 0.515234 0.383359 0.517188 0.385 0.519531
4 25 0.174346 0.342597 0.177448 0.335487 0.28656 0.345183 0.333101 0.354233 0.357405 0.364575 0.377573 0.378149 0.383261 0.387845 0.388433 0.402066 0.389984 0.418226 0.388433 0.432447 0.375888 0.474551 0.364061 0.516104 0.360378 0.519107 0.352082 0.533426 0.350897 0.535895 0.350502 0.539352 0.350685 0.537756 0.350502 0.53787 0.348922 0.541821 0.347737 0.54824 0.347487 0.553868 0.346946 0.55482 0.344232 0.55482 0.344139 0.554844 0.342159 0.547418 0.34187 0.547599 0.342534 0.546021 0.349479 0.529743 0.362935 0.493933 0.374655 0.459208 0.382034 0.435335 0.382034 0.414174 0.378995 0.399525 0.374655 0.389758 0.370314 0.382705 0.360331 0.376194 0.329946 0.362629 0.287842 0.351778
3 25 0.301045 0.579497 0.302184 0.573328 0.302184 0.566542 0.308106 0.564691 0.320444 0.56099 0.342159 0.547418 0.344626 0.556672 0.324886 0.570243 0.313535 0.575795 0.304652 0.579497
2 25 0.265313 0.593848 0.267369 0.591554 0.267639 0.591218 0.269613 0.581964 0.271587 0.575178 0.275041 0.567776 0.279483 0.562224 0.284911 0.556055 0.285859 0.553613 0.289922 0.55459 0.29873 0.557906 0.301691 0.56099 0.302184 0.566542 0.302184 0.573328 0.300704 0.581347 0.293795 0.593685 0.288366 0.59862 0.280963 0.602321 0.275535 0.602321 0.2706 0.59862
1 25 0.257275 0.580114 0.257768 0.571477 0.264678 0.558522 0.276028 0.55112 0.281641 0.550879 0.285859 0.553223 0.284911 0.556055 0.279483 0.562224 0.275041 0.567776 0.271587 0.575178 0.269613 0.581964 0.267639 0.591218 0.264922 0.594043 0.26221 0.590601 0.259249 0.585666
