4 9 0.30097 0.236177 0.303421 0.236605 0.31175 0.248751 0.330023 0.266946 0.359754 0.282819 0.389486 0.292884 0.42277 0.302518 0.432217 0.30495 0.446782 0.306821 0.464435 0.313402 0.474965 0.322693 0.47992 0.334694 0.479301 0.351728 0.474346 0.366052 0.466293 0.370698 0.456383 0.369149 0.448021 0.364891 0.436776 0.343144 0.428276 0.315392 0.438043 0.317368 0.446095 0.341221 0.456205 0.361642 0.467135 0.362683 0.471837 0.354469 0.473005 0.344047 0.470535 0.336072 0.464224 0.324411 0.445852 0.3183 0.429129 0.315338 0.40621 0.307982 0.365948 0.293658 0.342101 0.285141 0.321041 0.271979 0.306175 0.257268 0.299052 0.245654 0.297604 0.236003 0.30097 0.236177 0.30097 0.236177 0.265526 0.234346 0.255479 0.234901 0.254351 0.224746 0.310412 0.229326 0.360625 0.235603 0.379125 0.241219 0.393131 0.25146 0.413217 0.269629 0.42666 0.288973 0.432217 0.30495 0.42277 0.302518 0.414917 0.291466 0.402321 0.275355 0.391483 0.26254 0.380938 0.252287 0.375079 0.247528 0.360433 0.245697 0.342858 0.2435 0.30097 0.236177
3 9 0.200654 0.233727 0.230882 0.226721 0.245776 0.224746 0.254351 0.224746 0.255479 0.234901 0.246904 0.234901 0.220051 0.239696 0.201754 0.243985 0.202281 0.242846 0.201996 0.237499
2 9 0.159216 0.227873 0.162639 0.237142 0.165491 0.248194 0.166346 0.261384 0.162609 0.261368 0.155866 0.257536 0.151983 0.252939 0.14994 0.245021 0.150757 0.238891 0.154231 0.231739 0.159216 0.227873 0.159216 0.227873 0.162639 0.237142 0.165491 0.248194 0.166346 0.261384 0.17265 0.2625 0.182032 0.262097 0.190303 0.257106 0.199144 0.24962 0.202281 0.242846 0.201996 0.237499 0.197432 0.224665 0.192869 0.217892 0.183743 0.21504 0.177754 0.215396 0.170909 0.218961 0.159216 0.227873
4 23 0.671136 0.754223 0.6766 0.746482 0.71641 0.790465 0.745926 0.831702 0.77255 0.880173 0.793964 0.912005 0.830426 0.952518 0.890617 1 0.872097 1 0.828111 0.964094 0.796279 0.928644 0.760396 0.878726 0.737245 0.840383 0.704834 0.795529 0.685735 0.774549
3 23 0.604797 0.71236 0.608105 0.706158 0.607978 0.701871 0.626333 0.707781 0.647824 0.719164 0.665308 0.732823 0.6766 0.746482 0.671136 0.754223 0.654381 0.736465 0.639446 0.726449 0.619413 0.717342
0 23 0.567848 0.690521 0.56057 0.688454 0.555939 0.684732 0.557262 0.675635 0.562224 0.673154 0.567517 0.674808 0.571818 0.684319 0.571716 0.689617
1 23 0.573629 0.718799 0.571716 0.713187 0.572709 0.704504 0.571716 0.689617 0.571385 0.677625 0.575024 0.666874 0.572824 0.662684 0.564895 0.663206 0.555686 0.665684 0.546472 0.671655 0.544083 0.680187 0.544424 0.692984 0.546813 0.701088 0.556709 0.709193 0.560702 0.712335
2 23 0.573629 0.718799 0.586272 0.72063 0.59785 0.718149 0.604797 0.71236 0.608105 0.706158 0.607774 0.694993 0.601158 0.683414 0.590572 0.67349 0.575024 0.666874 0.571385 0.677625 0.571716 0.689617 0.572709 0.704504 0.571716 0.713187
4 30 0.917817 0.884856 0.923772 0.876172 0.959992 0.91969 1 0.963495 1 0.973898 0.962109 0.934828 0.929702 0.897767
3 30 0.865379 0.831167 0.879113 0.843091 0.895984 0.86294 0.917817 0.884856 0.923772 0.876172 0.905246 0.856324 0.885729 0.837716 0.872987 0.823724 0.871333 0.831581
1 30 0.832629 0.777411 0.829782 0.766228 0.830313 0.753125 0.832853 0.745326 0.838996 0.736795 0.849233 0.735089 0.857082 0.736368 0.861484 0.7375 0.866296 0.742767 0.870732 0.753004 0.874311 0.768727 0.871995 0.766246 0.859755 0.762111 0.850162 0.757562 0.8452 0.76087 0.837922 0.767073 0.83329 0.770795
2 30 0.832629 0.777411 0.839907 0.79147 0.851154 0.809665 0.861409 0.826205 0.865379 0.831167 0.871333 0.831581 0.872987 0.823724 0.874311 0.796846 0.874311 0.768727 0.871995 0.766246 0.859755 0.762111 0.850162 0.757562 0.8452 0.76087 0.837922 0.767073 0.83329 0.770795
4 36 0.575745 0.43473 0.575097 0.423965 0.532186 0.402627 0.49509 0.3886 0.447395 0.374572 0.401571 0.364051 0.34733 0.35392 0.318027 0.347685 0.301194 0.340281 0.289972 0.324695 0.275944 0.316902 0.264721 0.315343 0.257863 0.31924 0.256616 0.327423 0.258175 0.334437 0.26441 0.339892 0.283425 0.346516 0.313351 0.355478 0.345771 0.366389 0.364475 0.367168 0.407494 0.37652 0.463673 0.388578 0.504282 0.401802 0.531582 0.413319 0.558541 0.426969
3 36 0.622928 0.507789 0.623376 0.498954 0.624135 0.486606 0.619829 0.477108 0.610711 0.465393 0.589181 0.445762 0.584092 0.442555 0.575745 0.43473 0.575097 0.423965 0.584245 0.430318 0.600832 0.444179 0.61831 0.46001 0.628948 0.472042 0.632748 0.484073 0.633507 0.491356 0.633507 0.498954 0.630468 0.511619 0.627898 0.508973
0 36 0.613305 0.592772 0.610862 0.592772 0.605532 0.588608 0.603756 0.583057 0.605532 0.575839 0.610196 0.573896 0.615118 0.57435 0.618413 0.57806 0.619079 0.583889 0.618635 0.588331 0.616858 0.591662
1 36 0.595239 0.563996 0.596895 0.565771 0.603758 0.569913 0.615118 0.57435 0.624111 0.578788 0.627188 0.579971 0.621021 0.594596 0.613844 0.600165 0.606419 0.600783 0.599736 0.59738 0.593796 0.591193 0.591816 0.582221 0.593796 0.570156
2 36 0.595239 0.563996 0.596422 0.557488 0.601392 0.541218 0.609912 0.522581 0.618431 0.510748 0.622928 0.507789 0.627898 0.508973 0.633104 0.514002 0.635944 0.527018 0.635708 0.54743 0.631921 0.565475 0.627188 0.579971 0.624111 0.578788 0.615118 0.57435 0.603758 0.569913 0.596895 0.565771
4 45 0.869356 0.260291 0.87147 0.259851 0.879575 0.25941 0.895016 0.255901 0.910399 0.24111 0.915605 0.222769 0.914389 0.195442 0.911172 0.180902 0.903995 0.169455 0.89261 0.161411 0.882215 0.156152 0.87182 0.154296 0.861673 0.156152 0.851278 0.161102 0.841625 0.168218 0.831725 0.181521 0.828481 0.180126 0.825538 0.180592 0.827765 0.17193 0.840388 0.158008 0.855238 0.148418 0.870335 0.144396 0.88172 0.14718 0.896817 0.152749 0.910924 0.163268 0.920082 0.183377 0.923299 0.199464 0.923052 0.227926 0.918844 0.243395 0.909687 0.25577 0.900035 0.265979 0.886917 0.271548 0.877655 0.270536 0.871595 0.273187 0.869356 0.260291 0.869356 0.260291 0.871595 0.273187 0.859137 0.268219 0.838347 0.260291 0.817557 0.247517 0.806986 0.233863 0.802757 0.214042 0.806281 0.196423 0.816852 0.183649 0.828481 0.180126 0.837642 0.183209 0.853147 0.194661 0.862309 0.206554 0.879575 0.25941 0.87147 0.259851 0.860899 0.232101 0.849271 0.207435 0.83729 0.195102 0.827776 0.192459 0.818614 0.194661 0.812976 0.205232 0.812624 0.217566 0.812976 0.226375 0.823195 0.236946 0.843985 0.251922 0.869356 0.260291
3 45 0.871595 0.273187 0.877655 0.270536 0.880988 0.302729 0.884017 0.33268 0.880942 0.33268 0.876144 0.336928 0.876443 0.318636
0 45 0.885742 0.404824 0.880536 0.404528 0.878642 0.401274 0.878169 0.392991 0.880772 0.385595 0.882902 0.385299 0.887162 0.38737 0.888345 0.392103 0.888582 0.39802 0.885742 0.404824 0.891327 0.404327 0.894544 0.397211 0.898009 0.396283 0.899989 0.399068 0.899494 0.405255 0.897267 0.408658 0.892812 0.409586 0.891327 0.404327
1 45 0.868161 0.388791 0.86972 0.389181 0.871278 0.388012 0.878137 0.384505 0.88593 0.385284 0.896529 0.392298 0.905257 0.398533 0.902011 0.4068 0.895465 0.414203 0.887672 0.415372 0.883308 0.414593 0.875826 0.407969 0.870215 0.397838
2 45 0.868161 0.388791 0.868161 0.377101 0.868785 0.354111 0.873461 0.339304 0.880942 0.33268 0.884683 0.33268 0.890917 0.338135 0.896529 0.346318 0.902451 0.36658 0.904945 0.381387 0.905257 0.393467 0.905257 0.398533 0.896529 0.392298 0.88593 0.385284 0.878137 0.384505 0.871278 0.388012 0.86972 0.389181
4 17 0.560702 0.712335 0.563287 0.718152 0.578801 0.742715 0.5969 0.767278 0.622756 0.799598 0.662057 0.832564 0.703426 0.868763 0.733419 0.888155 0.732385 0.879105 0.697221 0.851956 0.667745 0.826101 0.628961 0.793134 0.605174 0.764046 0.573629 0.718799 0.560702 0.712335 0.564895 0.663206 0.563226 0.624605 0.561557 0.584439 0.564895 0.538535 0.574076 0.478026 0.576163 0.445163 0.575745 0.43473 0.575097 0.423965 0.572149 0.376529 0.572725 0.34434 0.57713 0.318928 0.581282 0.302877 0.590163 0.311271 0.58289 0.347728 0.581873 0.36594 0.584245 0.430318 0.584092 0.442555 0.581997 0.480285 0.57658 0.535927 0.569903 0.589134 0.572824 0.662684 0.564895 0.663206
3 17 0.581282 0.302877 0.591896 0.280133 0.60381 0.260096 0.619546 0.240163 0.61952 0.241101 0.622614 0.246902 0.628006 0.250519 0.611391 0.273363 0.597961 0.292588 0.590163 0.311271
0 17 0.650747 0.202865 0.651114 0.197589 0.656069 0.192313 0.658638 0.192313 0.662859 0.194836 0.663593 0.201947 0.662125 0.208371 0.66029 0.209288 0.658271 0.206765 0.653683 0.20493
1 17 0.641358 0.193335 0.651026 0.183908 0.657408 0.183183 0.664756 0.184875 0.668236 0.188742 0.66843 0.19696 0.668043 0.20687 0.664562 0.215814 0.663415 0.216466 0.663415 0.213788 0.654133 0.208953 0.648332 0.203394 0.644078 0.194692 0.641474 0.194042
2 17 0.61952 0.241101 0.619713 0.234091 0.627835 0.21693 0.63673 0.199527 0.641177 0.193967 0.644078 0.194692 0.648332 0.203394 0.654133 0.208953 0.663415 0.213788 0.663415 0.216688 0.65452 0.230707 0.642531 0.243035 0.63673 0.251253 0.630542 0.25222 0.622614 0.246902
4 52 0.4742 0.94305 0.480247 0.936121 0.494426 0.948161 0.509708 0.962054 0.537495 0.984631 0.555834 0.998524 0.558057 1 0.54722 1 0.519712 0.979073 0.495537 0.959623
3 52 0.435657 0.900471 0.439357 0.898158 0.441311 0.891749 0.458074 0.911555 0.480247 0.936121 0.4742 0.94305 0.47294 0.941161 0.464625 0.933917
1 52 0.397073 0.874704 0.401566 0.870079 0.407109 0.862891 0.409687 0.858203 0.4125 0.850098 0.418215 0.843981 0.420703 0.841699 0.414484 0.838646 0.407853 0.838646 0.40299 0.840027 0.396579 0.843066 0.393264 0.846106 0.390832 0.851079 0.390169 0.856329 0.390169 0.861579 0.391053 0.865724
2 52 0.397073 0.874704 0.405266 0.884945 0.415837 0.894525 0.423501 0.89948 0.426936 0.900801 0.435657 0.900471 0.439357 0.898158 0.441472 0.891221 0.442529 0.885936 0.439093 0.872722 0.433279 0.860169 0.423516 0.845215 0.420625 0.841504 0.418215 0.843981 0.412578 0.850098 0.409453 0.857715 0.407656 0.8625 0.401566 0.870079
0 9 0.159766 0.239453 0.157578 0.240918 0.157109 0.244434 0.158359 0.247852 0.161953 0.251367 0.163281 0.250195 0.163672 0.245801 0.1625 0.241602 0.161094 0.240527
0 30 0.846328 0.747363 0.844375 0.746289 0.842656 0.745605 0.839063 0.748242 0.837813 0.750879 0.839766 0.755273 0.843359 0.755859 0.846328 0.751953 0.846328 0.747363 0.852891 0.749121 0.853125 0.752539 0.856797 0.756934 0.860391 0.758398 0.863281 0.757617 0.863828 0.753906 0.862813 0.750098 0.858984 0.747949 0.857187 0.746777 0.855859 0.746973 0.852891 0.749121
2 1 0.462891 0.0727539 0.469688 0.0682617 0.478047 0.0651367 0.480625 0.0655273 0.488125 0.0640625 0.490937 0.0587891 0.496406 0.0564453 0.501406 0.0567383 0.508203 0.0585938 0.512031 0.0635742 0.512266 0.0705078 0.510234 0.0800781 0.504687 0.0856445 0.497578 0.0875 0.491953 0.0912109 0.487734 0.0953125 0.482188 0.103125 0.476562 0.105371 0.470937 0.106543 0.465156 0.105176 0.458359 0.101465 0.45625 0.0962891 0.455234 0.0863281 0.457422 0.0773438 0.459766 0.0741211
4 1 0.558083 0.0548822 0.556807 0.064935 0.548126 0.0625415 0.536509 0.0611054 0.523872 0.0630202 0.512255 0.0681264 0.512383 0.0634989 0.509297 0.0607422 0.511361 0.0599884 0.523361 0.0536056 0.539062 0.0513717 0.551317 0.0526482 0.558083 0.0548822 0.558395 0.0549192 0.556541 0.0646849 0.570577 0.0711401 0.576668 0.0779264 0.578257 0.0890162 0.577198 0.0951404 0.574285 0.0979542 0.563957 0.100768 0.543962 0.0996094 0.525291 0.0929886 0.510726 0.0805747 0.504767 0.087692 0.513771 0.0941472 0.52741 0.101927 0.543697 0.110368 0.555482 0.111527 0.573888 0.111692 0.583951 0.102589 0.587394 0.0943128 0.587394 0.0830575 0.583157 0.0718022 0.569253 0.0590572 0.558395 0.0549192
