4 6 0.760139 0.153531 0.761713 0.147235 0.793608 0.160261 0.833689 0.178331 0.88001 0.208615 0.902034 0.226707 0.941829 0.267407 1 0.321108 1 0.334674 0.949517 0.283234 0.907912 0.241404 0.880779 0.218228 0.853646 0.199574 0.831939 0.186007 0.798475 0.17131 0.761152 0.154127
3 6 0.703141 0.128421 0.704205 0.127977 0.708157 0.124025 0.710403 0.125556 0.725899 0.134273 0.761927 0.146379 0.75999 0.154127 0.7228 0.142021 0.706142 0.131367
2 6 0.664922 0.113379 0.6675 0.110254 0.669141 0.106445 0.674063 0.0956055 0.675625 0.0869141 0.676953 0.0783203 0.677422 0.0753906 0.678828 0.0714844 0.697619 0.0781 0.701797 0.0824219 0.707188 0.0870117 0.711797 0.0943359 0.713115 0.10086 0.713115 0.11345 0.710016 0.122167 0.704205 0.127977 0.698394 0.130399 0.687934 0.130399 0.682898 0.129914 0.676312 0.126525 0.671663 0.122167 0.666875 0.116992
1 6 0.678672 0.0708984 0.674429 0.070797 0.664989 0.071976 0.657438 0.080826 0.65555 0.086725 0.656022 0.094395 0.65791 0.100294 0.661686 0.108554 0.665156 0.11377 0.669375 0.106934 0.674297 0.0945312 0.675703 0.0871094 0.677187 0.077832 0.6775 0.0754883
0 6 0.66709 0.0827595 0.663603 0.0851805 0.662829 0.0900235 0.663603 0.0968025 0.66554 0.101161 0.666703 0.101161 0.669413 0.0992235 0.671738 0.0963185 0.673676 0.0905075 0.674063 0.0871175 0.672514 0.0837275 0.670963 0.0832435
4 12 0.732518 0.309541 0.735439 0.30276 0.739612 0.297543 0.743368 0.294935 0.750045 0.29337 0.757139 0.302238 0.778839 0.32206 0.793444 0.335101 0.809302 0.342404 0.825994 0.34762 0.844303 0.350711 0.88609 0.350711 0.927475 0.355231 0.958012 0.364272 0.972476 0.373312 0.986941 0.398424 0.990155 0.414496 0.990557 0.429061 0.988146 0.448649 0.978503 0.462712 0.968223 0.470285 0.945137 0.483402 0.925199 0.490835 0.908059 0.496082 0.886372 0.496519 0.854445 0.492738 0.854098 0.48276 0.892763 0.485331 0.911125 0.482723 0.934077 0.476463 0.962454 0.461336 0.975807 0.450382 0.980398 0.440992 0.98165 0.427951 0.98165 0.414911 0.977477 0.398218 0.968713 0.381526 0.958281 0.372137 0.930321 0.363269 0.887338 0.357531 0.852285 0.357531 0.819317 0.351793 0.800539 0.346577 0.786768 0.337187 0.763398 0.316322 0.751296 0.305889 0.747541 0.30276 0.743785 0.301716 0.741698 0.302238 0.739195 0.306411 0.73836 0.314235 0.739195 0.323103 0.745454 0.334579 0.75547 0.34449 0.759643 0.348142 0.762564 0.35075 0.762564 0.353358 0.760477 0.353358 0.756304 0.352315 0.745037 0.342925 0.740029 0.335622 0.735439 0.32519 0.732935 0.3158
3 12 0.788232 0.474496 0.791884 0.464986 0.803163 0.466954 0.830288 0.476343 0.854075 0.482081 0.854492 0.494079 0.844477 0.491992 0.812344 0.482603 0.795652 0.475821
2 12 0.754756 0.455478 0.756425 0.450261 0.758929 0.445045 0.761433 0.440872 0.762267 0.434091 0.765781 0.419629 0.769361 0.420528 0.783132 0.426266 0.791479 0.438264 0.793565 0.442437 0.793565 0.450261 0.792731 0.462781 0.787723 0.475821 0.783967 0.479994 0.778125 0.481559 0.765234 0.482031 0.753203 0.479004 0.754375 0.474805 0.754531 0.472168 0.754922 0.468359 0.754756 0.460694
1 12 0.7293 0.446088 0.731386 0.438785 0.73389 0.433047 0.738898 0.426266 0.745992 0.420007 0.751417 0.41792 0.76185 0.418442 0.765781 0.419531 0.762267 0.434091 0.761433 0.440872 0.758929 0.445045 0.756425 0.450261 0.754756 0.455478 0.754756 0.460694 0.754531 0.468164 0.754375 0.471875 0.754453 0.474512 0.753047 0.479492 0.748496 0.477386 0.741402 0.472692 0.738063 0.469562 0.733056 0.458607
0 12 0.744535 0.447987 0.747039 0.440163 0.751212 0.433903 0.754968 0.430773 0.760393 0.430252 0.760393 0.43286 0.758724 0.440684 0.75622 0.445379 0.752464 0.449031 0.747039 0.453204 0.744535 0.453204
4 18 0.102853 0.682538 0.10349 0.67935 0.106041 0.67935 0.163793 0.741878 0.202019 0.795132 0.222553 0.817235 0.24822 0.838624 0.260484 0.845754 0.269895 0.846824 0.288718 0.845754 0.309252 0.837555 0.334634 0.817948 0.35745 0.796915 0.373135 0.777664 0.383688 0.759126 0.391103 0.738806 0.395095 0.722764 0.399659 0.685332 0.405312 0.613961 0.410843 0.612704 0.411219 0.614935 0.408327 0.661929 0.402904 0.720671 0.394229 0.752753 0.382299 0.774894 0.366755 0.797939 0.342897 0.820984 0.321208 0.836347 0.305302 0.844481 0.297711 0.848095 0.289758 0.850355 0.281444 0.85171 0.27566 0.85171 0.266985 0.850807 0.254694 0.848999 0.242765 0.844481 0.220714 0.825502 0.201917 0.806976 0.160563 0.751487 0.104128 0.683335
3 18 0.403588 0.551125 0.406537 0.55146 0.410896 0.55146 0.411182 0.612627 0.404369 0.614176 0.404059 0.555719
2 18 0.385786 0.513908 0.387645 0.492229 0.388739 0.491284 0.390139 0.491721 0.403431 0.491721 0.411126 0.489097 0.416723 0.489972 0.42092 0.491284 0.423009 0.489978 0.423571 0.49068 0.424809 0.494165 0.425119 0.522038 0.422951 0.533652 0.419235 0.542943 0.415828 0.548363 0.411492 0.55146 0.406537 0.55146 0.40313 0.551073 0.398484 0.54875 0.39291 0.543718 0.388264 0.530942
1 18 0.388739 0.491284 0.392237 0.475543 0.399933 0.462863 0.407628 0.461989 0.414624 0.4633 0.418472 0.466798 0.420571 0.47292 0.422669 0.481664 0.423019 0.489972 0.42092 0.491284 0.416723 0.489972 0.411126 0.489097 0.403431 0.491721 0.390139 0.491721
0 18 0.401084 0.481542 0.402323 0.476509 0.406039 0.469928 0.409756 0.469541 0.409756 0.478445 0.406968 0.48309 0.4048 0.4858 0.402942 0.486575 0.401394 0.486187
4 25 0 0.79631 0.034351 0.800605 0.063158 0.803247 0.103592 0.811176 0.132399 0.821086 0.165399 0.829971 0.164489 0.837179 0.134249 0.830336 0.106499 0.818774 0.062365 0.810515 0.034351 0.806221 0 0.803247
3 25 0.164434 0.837609 0.165484 0.829301 0.185422 0.838483 0.223053 0.857212 0.220401 0.860782 0.219866 0.866805 0.198364 0.853786 0.176677 0.843293
2 25 0.219701 0.868653 0.220401 0.860782 0.224948 0.854661 0.227397 0.852037 0.233693 0.850289 0.23789 0.849414 0.244537 0.849414 0.25573 0.852037 0.256741 0.853807 0.25608 0.87696 0.252932 0.893138 0.250133 0.902757 0.249908 0.905575 0.249434 0.905818 0.245236 0.904506 0.23789 0.901446 0.225298 0.890952 0.22215 0.883956 0.219701 0.876086
1 25 0.249783 0.90713 0.250133 0.902757 0.252932 0.893138 0.25608 0.87696 0.256779 0.852475 0.258178 0.852475 0.262726 0.853349 0.274619 0.860782 0.281964 0.869527 0.286162 0.87696 0.287911 0.890952 0.284763 0.899259 0.277417 0.905381 0.27147 0.908441 0.264824 0.910628 0.254331 0.909753
0 25 0.263856 0.88624 0.262807 0.893236 0.262108 0.89411 0.258959 0.893673 0.25756 0.891487 0.256861 0.884491 0.259659 0.866127 0.260359 0.863941 0.261408 0.863066 0.264556 0.863504 0.264206 0.868751 0.264206 0.875309 0.263856 0.88624 0.272422 0.882324 0.274219 0.87793 0.277813 0.877832 0.28061 0.880454 0.280959 0.884826 0.27956 0.890073 0.278161 0.893571 0.275713 0.893571 0.273264 0.888761 0.272422 0.882324
