4 6 0.271402 0.501892 0.275316 0.512128 0.362197 0.475966 0.40929 0.451816 0.459402 0.423892 0.492006 0.398232 0.52159 0.374836 0.560416 0.343844 0.56809 0.322262 0.56809 0.308673 0.559137 0.29988 0.54315 0.298282 0.528414 0.306928 0.518211 0.328657 0.5067 0.354236 0.493271 0.377417 0.507339 0.37342 0.522047 0.342246 0.532279 0.318265 0.541232 0.311071 0.550824 0.310272 0.555483 0.312024 0.557858 0.319065 0.554661 0.335851 0.530361 0.357433 0.502863 0.379016 0.438276 0.42298 0.375607 0.454154 0.309741 0.485329
3 6 0.210089 0.529772 0.237079 0.519581 0.271402 0.501892 0.275316 0.512128 0.244305 0.52786 0.213135 0.539584 0.213135 0.533356
1 6 0.166958 0.54561 0.167732 0.549802 0.177019 0.557863 0.183468 0.563345 0.187596 0.56915 0.178708 0.571643 0.169079 0.571342 0.163783 0.568634 0.161375 0.564421 0.160894 0.559606 0.163783 0.549375
2 6 0.168504 0.542758 0.182178 0.529809 0.193529 0.52336 0.20101 0.524327 0.208749 0.528197 0.213135 0.533356 0.213135 0.541095 0.206686 0.557863 0.19972 0.564958 0.187596 0.56915 0.183468 0.563345 0.177019 0.557863 0.167732 0.549802 0.166958 0.54561
4 12 0.426371 0.097542 0.427457 0.082607 0.442121 0.071745 0.448095 0.063599 0.448095 0.060204 0.443207 0.059525 0.436147 0.06292 0.414423 0.096863 0.394871 0.125376 0.383195 0.139054 0.365001 0.172218 0.319924 0.219739 0.279382 0.26537 0.254752 0.308671 0.244433 0.314102 0.236287 0.31546 0.230313 0.312066 0.228657 0.303975 0.236057 0.298359 0.241524 0.303625 0.25283 0.291189 0.265492 0.265752 0.284033 0.24088 0.314332 0.210355 0.355172 0.164264 0.379121 0.126055 0.402475 0.099579 0.416595 0.079213 0.429629 0.054095 0.445379 0.040517 0.45081 0.039159 0.460586 0.043911 0.461129 0.053416 0.458414 0.064278 0.449181 0.079892 0.426371 0.097542 0.426092 0.0978392 0.419091 0.105397 0.410021 0.12111 0.404611 0.14259 0.397451 0.159496 0.382653 0.184556 0.370879 0.192512 0.355763 0.200866 0.350831 0.207628 0.345739 0.208622 0.339693 0.21439 0.324259 0.230302 0.321713 0.239053 0.316939 0.266102 0.307711 0.279627 0.29705 0.288577 0.280661 0.292356 0.270637 0.287782 0.273501 0.280224 0.291163 0.277638 0.304369 0.271671 0.312643 0.254765 0.313121 0.242633 0.319326 0.226324 0.327759 0.212401 0.348285 0.196689 0.364514 0.180181 0.383926 0.164468 0.394587 0.143982 0.401588 0.119519 0.416067 0.0938614 0.427364 0.08153 0.426092 0.0978392
3 12 0.209157 0.253067 0.217293 0.276226 0.228657 0.303975 0.236057 0.298359 0.225486 0.269619 0.217085 0.244148 0.214971 0.250094
2 12 0.176915 0.223997 0.177444 0.219041 0.178501 0.216729 0.183786 0.212434 0.1896 0.210122 0.194622 0.207149 0.199379 0.201203 0.202021 0.201203 0.197088 0.196838 0.188833 0.196838 0.181868 0.198773 0.177741 0.203932 0.174903 0.213606 0.174903 0.219088 0.176915 0.223997 0.176915 0.223997 0.182201 0.232586 0.189865 0.242826 0.202286 0.251746 0.209157 0.253067 0.214971 0.250094 0.217085 0.244148 0.21735 0.237541 0.216028 0.229943 0.210478 0.213425 0.202021 0.201203 0.199379 0.201203 0.194622 0.207149 0.1896 0.210122 0.183786 0.212434 0.178501 0.216729 0.177444 0.219041 0.176915 0.223997
4 18 0.242002 0.63255 0.250054 0.622871 0.160389 0.572637 0.118332 0.55794 0.06904 0.542677 0.043264 0.531372 0.020201 0.514979 0.011156 0.498586 0.006751 0.486372 0.008638 0.453924 0.017606 0.428556 0.028461 0.414987 0.056779 0.406728 0.077545 0.400238 0.095008 0.390799 0.131349 0.368971 0.128989 0.365431 0.12191 0.363071 0.086984 0.37959 0.067162 0.387259 0.0379 0.397879 0.01855 0.409678 0.006751 0.420297 0 0.440945 0 0.50761 0.027989 0.536518 0.062442 0.551267 0.100199 0.563066 0.138429 0.575455 0.173826 0.590204 0.208279 0.607903 0.226686 0.619112
3 18 0.242002 0.63255 0.250054 0.622871 0.272972 0.641454 0.298595 0.667033 0.294705 0.673285 0.294328 0.681056 0.280096 0.66623 0.263991 0.652294
0 18 0.332499 0.711243 0.327964 0.711243 0.326452 0.705889 0.327493 0.69864 0.329728 0.6977 0.333759 0.69833 0.335523 0.701165 0.336027 0.706519
1 18 0.311655 0.713922 0.314155 0.712186 0.322491 0.704545 0.327493 0.69864 0.336385 0.693777 0.337496 0.691346 0.340545 0.698233 0.340274 0.707715 0.337294 0.714149 0.332689 0.717874 0.327542 0.719905 0.322936 0.720583 0.317247 0.719228
2 18 0.311655 0.713922 0.305542 0.70906 0.299984 0.704197 0.296928 0.69864 0.294149 0.684747 0.294705 0.673285 0.298595 0.667033 0.302763 0.665644 0.309432 0.665644 0.315267 0.668075 0.333606 0.685789 0.337496 0.691346 0.336385 0.693777 0.327493 0.69864 0.322491 0.704545 0.314155 0.712186
4 24 0.629496 0.831026 0.636165 0.835541 0.618795 0.87404 0.604732 0.906183 0.589866 0.942847 0.577812 0.974489 0.569776 1 0.560936 1 0.571383 0.968462 0.592678 0.913717 0.617992 0.85847
3 24 0.629496 0.831026 0.63811 0.814007 0.653948 0.788304 0.675137 0.767568 0.67634 0.773286 0.678748 0.778702 0.679658 0.77954 0.660895 0.796988 0.645056 0.815743 0.636165 0.835541
0 24 0.712373 0.740997 0.716541 0.735702 0.720938 0.733984 0.722969 0.735449 0.724297 0.736719 0.72596 0.740117 0.725489 0.743944 0.724547 0.745416 0.719354 0.74852
1 24 0.709803 0.731157 0.712692 0.732661 0.712451 0.741388 0.719432 0.748911 0.726173 0.750717 0.727617 0.754027 0.732564 0.745238 0.734008 0.73621 0.731601 0.728386 0.727749 0.724474 0.723657 0.724474 0.716675 0.72658
2 24 0.70571 0.733865 0.697044 0.737476 0.684285 0.747707 0.6761 0.759744 0.675137 0.767568 0.67634 0.773286 0.678748 0.778702 0.683322 0.782915 0.688859 0.784119 0.698007 0.783216 0.704506 0.779304 0.71558 0.769976 0.727617 0.754027 0.726173 0.750717 0.719432 0.748911 0.712451 0.741388 0.712692 0.732661 0.709803 0.731157
4 30 0.675001 1 0.692936 0.943343 0.709454 0.883758 0.717006 0.828892 0.717006 0.768087 0.727617 0.754027 0.728729 0.752051 0.728729 0.821854 0.721218 0.869844 0.706612 0.934526 0.684912 1
3 30 0.718011 0.661692 0.723284 0.663157 0.728849 0.661326 0.727401 0.692201 0.727708 0.724474 0.723657 0.724474 0.718848 0.725925 0.71853 0.677828
1 30 0.7019 0.608234 0.706001 0.606403 0.712153 0.60384 0.716546 0.604572 0.727384 0.611895 0.738223 0.614092 0.740523 0.595692 0.736308 0.587412 0.725469 0.584025 0.716436 0.58553 0.708307 0.593434 0.703791 0.602842
2 30 0.701607 0.612994 0.703072 0.62764 0.707173 0.644483 0.712445 0.6562 0.718011 0.661692 0.723284 0.663157 0.728849 0.661326 0.733536 0.657298 0.736172 0.648144 0.737051 0.638991 0.738223 0.614092 0.727384 0.611895 0.716546 0.604572 0.712153 0.60384 0.706001 0.606403 0.7019 0.608234
4 36 0.821741 0.966241 0.824702 0.949585 0.832599 0.941565 0.841975 0.940948 0.854807 0.948968 0.864677 0.958838 0.862209 0.963156 0.848884 0.952669 0.840495 0.948351 0.832599 0.951435 0.828157 0.958221 0.829638 0.969325 0.838027 0.97241 0.851845 0.969325 0.868625 0.961922 0.887378 0.960072 0.912547 0.953903 0.926366 0.945883 0.947586 0.921208 0.953509 0.899617 0.953015 0.860136 0.941664 0.828058 0.919456 0.801532 0.896755 0.78796 0.877015 0.782408 0.86369 0.782408 0.850365 0.78796 0.842469 0.799064 0.841482 0.809551 0.840873 0.814498 0.83546 0.818921 0.834869 0.819734 0.834079 0.820038 0.834079 0.80585 0.841482 0.784259 0.857274 0.771921 0.886391 0.772538 0.912547 0.781791 0.935742 0.802765 0.952028 0.828675 0.961405 0.857051 0.963379 0.877409 0.959431 0.903318 0.948574 0.93663 0.927353 0.960072 0.906132 0.965624 0.877015 0.969325 0.851352 0.979812 0.838027 0.98228 0.82717 0.981046
3 36 0.784873 0.892801 0.785647 0.869557 0.791071 0.85503 0.801143 0.847282 0.814315 0.841471 0.821205 0.841471 0.819686 0.848303 0.80308 0.853093 0.794945 0.863262 0.793008 0.884085 0.794945 0.895706 0.802305 0.899096 0.807342 0.897159 0.813153 0.890864 0.816768 0.882578 0.819907 0.890424 0.825836 0.892541 0.818963 0.90636 0.806954 0.913624 0.79572 0.912171 0.788359 0.905391
2 36 0.816758 0.882553 0.817808 0.856756 0.821306 0.841015 0.829001 0.827898 0.833548 0.828773 0.839845 0.834894 0.846491 0.842764 0.852437 0.855007 0.845791 0.873808 0.834248 0.890424 0.827252 0.893047 0.819907 0.890424
1 36 0.829084 0.827689 0.83546 0.818921 0.84375 0.812146 0.84949 0.812146 0.855547 0.815334 0.859374 0.823704 0.859692 0.83566 0.854591 0.851603 0.852678 0.855588 0.852279 0.855455 0.852437 0.855007 0.846491 0.842764 0.839845 0.834894 0.833548 0.828773 0.829227 0.827942
0 30 0.730547 0.603027 0.728437 0.605859 0.729141 0.609375 0.730312 0.611035 0.732187 0.61084 0.733672 0.609277 0.734375 0.605371 0.733203 0.602734
0 36 0.845928 0.827477 0.844144 0.829825 0.844614 0.832289 0.846774 0.834402 0.850234 0.836035 0.852126 0.833111 0.851375 0.82959 0.849778 0.826421 0.847149 0.826303
