4 6 0.600194 0.682087 0.607554 0.670465 0.637771 0.690804 0.682322 0.726154 0.739127 0.778326 0.801807 0.834076 0.884813 0.925597 0.933428 0.967376 0.958604 1 0.942543 1 0.878736 0.931566 0.805814 0.853434 0.735495 0.78941 0.674727 0.735695 0.620035 0.692289
3 6 0.542217 0.648048 0.544408 0.647706 0.546601 0.635371 0.607554 0.670465 0.600194 0.682087 0.559129 0.658843
2 6 0.490173 0.603639 0.515741 0.576522 0.527363 0.588143 0.53666 0.605576 0.544796 0.621072 0.546733 0.634631 0.544408 0.647706 0.535111 0.649159 0.526201 0.645769 0.509155 0.631241 0.498695 0.618651 0.492885 0.60945
1 6 0.500632 0.562963 0.495596 0.561026 0.488623 0.561994 0.482812 0.567321 0.481263 0.574585 0.4801 0.581364 0.482425 0.590565 0.486299 0.597344 0.490173 0.603639 0.515741 0.576522 0.507218 0.565384
0 6 0.498308 0.572163 0.493659 0.572648 0.491335 0.578943 0.491335 0.585238 0.494821 0.589112 0.500245 0.591049 0.504506 0.588143 0.506056 0.580396 0.504119 0.576037
4 10 0.384538 0.816267 0.396212 0.809781 0.381295 0.787893 0.368325 0.751414 0.369622 0.712502 0.381944 0.679265 0.406588 0.653323 0.429935 0.645217 0.459119 0.646838 0.481169 0.658998 0.503868 0.683318 0.51165 0.693857 0.515541 0.682507 0.488303 0.652513 0.46301 0.63711 0.427341 0.6363 0.402048 0.646838 0.377404 0.667915 0.367676 0.687371 0.361839 0.709259 0.359245 0.7352 0.359245 0.761142 0.368973 0.792757
3 10 0.441377 0.803743 0.431881 0.816267 0.418262 0.825995 0.411776 0.829237 0.399454 0.826805 0.384538 0.816267 0.396212 0.809781 0.408534 0.813024 0.422153 0.80816 0.433928 0.798265
2 10 0.458029 0.737463 0.44795 0.740202 0.439624 0.748418 0.433928 0.756635 0.430422 0.769781 0.430422 0.789501 0.433928 0.798265 0.441377 0.803743 0.447074 0.80429 0.458906 0.798813 0.468108 0.785119 0.47249 0.764303 0.472052 0.751157 0.469423 0.74294 0.464164 0.736915
4 16 0.431789 0.484348 0.422655 0.478639 0.393424 0.555141 0.355751 0.650022 0.332861 0.711419 0.31617 0.768049 0.307432 0.812233 0.313918 0.866487 0.319904 0.892678 0.333873 0.923235 0.358817 0.956286 0.386256 0.974994 0.434648 0.99682 0.475057 1 0.471066 0.992455 0.417686 0.973747 0.37528 0.948802 0.35782 0.935707 0.341855 0.906397 0.322399 0.852144 0.317909 0.805373 0.330381 0.748625 0.360813 0.670675 0.390247 0.588359
3 16 0.437911 0.426404 0.447597 0.432721 0.440438 0.460622 0.431789 0.484348 0.422655 0.478639
2 16 0.471181 0.394292 0.465706 0.41219 0.460653 0.422192 0.454757 0.429036 0.447597 0.432721 0.437911 0.426404 0.432436 0.415349 0.431594 0.403241 0.433278 0.389027 0.438332 0.377446 0.443386 0.370603 0.448861 0.376393
1 16 0.443386 0.370603 0.448861 0.376393 0.471181 0.394292 0.470339 0.379025 0.46697 0.366391 0.460231 0.359021 0.452651 0.357968 0.446755 0.361653
0 16 0.450545 0.374814 0.454757 0.380078 0.458126 0.383763 0.462758 0.381658 0.462337 0.374288 0.458126 0.368497 0.453914 0.367444 0.451809 0.370076
4 23 0.555621 0.227885 0.562901 0.236226 0.573392 0.208482 0.577755 0.192119 0.572301 0.190755 0.566301 0.194164 0.555621 0.227885 0.555621 0.227885 0.547734 0.255943 0.546521 0.295375 0.560474 0.329499 0.578674 0.36514 0.610826 0.403814 0.646012 0.436422 0.672098 0.438697 0.686658 0.42808 0.692724 0.406089 0.688478 0.376515 0.674525 0.335566 0.646619 0.293858 0.615679 0.263526 0.55909 0.207013 0.550172 0.213206 0.580294 0.248272 0.622227 0.290635 0.662436 0.340178 0.679094 0.384696 0.680243 0.412698 0.677371 0.425623 0.663585 0.426341 0.621078 0.399056 0.567083 0.31792 0.553297 0.282737 0.555862 0.251841 0.562901 0.236226 0.555621 0.227885
3 23 0.517473 0.162423 0.521436 0.151276 0.538281 0.174809 0.55909 0.207013 0.550172 0.213206 0.527382 0.177906
2 23 0.472104 0.149686 0.477414 0.155638 0.489233 0.164281 0.500132 0.171093 0.506078 0.172951 0.517473 0.162423 0.521436 0.151276 0.511527 0.133935 0.498646 0.112879 0.492916 0.109663 0.488223 0.107638 0.479228 0.108462 0.473705 0.109963 0.479388 0.114966 0.484911 0.12077 0.484991 0.130575 0.484591 0.141682 0.48187 0.146384
1 23 0.479308 0.115366 0.473945 0.109763 0.470049 0.112831 0.467453 0.117374 0.465895 0.128408 0.468492 0.14009 0.472126 0.149826 0.481549 0.146785 0.484431 0.142082 0.484911 0.120369 0.48323 0.119069
0 23 0.476799 0.115427 0.473165 0.119321 0.471088 0.127759 0.473165 0.139441 0.477319 0.143985 0.481473 0.146581 0.484588 0.141389 0.484588 0.131004 0.484588 0.120619 0.480434 0.116725
3 29 0.549735 0.05901 0.555378 0.048933 0.570695 0.067071 0.595283 0.102844 0.586818 0.111913 0.567874 0.082186
2 29 0.524453 0.003125 0.515937 0.00107422 0.516406 0.00693359 0.52 0.0186523 0.509571 0.035815 0.519102 0.049437 0.531597 0.059514 0.543286 0.061529 0.549735 0.05901 0.555378 0.048933 0.5582 0.036337 0.554572 0.023741 0.548526 0.015679 0.528046 0.005023
1 29 0.516172 0.00654297 0.515729 0.000878 0.509097 0.003246 0.503412 0.009168 0.502465 0.017458 0.504833 0.028709 0.509571 0.035815 0.519922 0.01875
0 29 0.514766 0.0116211 0.512266 0.0105469 0.509375 0.0132812 0.508149 0.018642 0.508359 0.0214844 0.509141 0.0235352 0.510625 0.025293 0.512813 0.0253906 0.518168 0.021188 0.519045 0.014497 0.517109 0.0124023
4 29 0.586818 0.111913 0.595283 0.102844 0.622289 0.148694 0.663124 0.225031 0.699131 0.290451 0.71777 0.323523 0.728662 0.335436 0.747269 0.336571 0.760884 0.32409 0.764336 0.293165 0.755582 0.260339 0.732239 0.236632 0.684824 0.218395 0.665129 0.206542 0.64981 0.189217 0.632303 0.159127 0.629385 0.139066 0.630844 0.124477 0.637409 0.121742 0.64981 0.129036 0.657834 0.143626 0.668776 0.163686 0.6644 0.174628 0.653458 0.153656 0.646163 0.14089 0.637409 0.132684 0.635221 0.139978 0.643245 0.164598 0.665129 0.191952 0.689201 0.207453 0.729322 0.222955 0.749017 0.23572 0.766524 0.259428 0.775278 0.285871 0.775278 0.313225 0.767983 0.336021 0.751935 0.344227 0.732969 0.345139 0.716191 0.334197 0.695766 0.309578 0.665858 0.250309 0.622091 0.170069 0.600936 0.135419
4 36 0.783669 0.457744 0.786534 0.436258 0.793176 0.440522 0.793397 0.440782 0.792948 0.453684 0.792077 0.480055 0.799507 0.492527 0.81775 0.525718 0.845233 0.57392 0.868083 0.636049 0.863706 0.648814 0.840169 0.577989 0.813395 0.534334 0.797622 0.505518 0.784882 0.482768
3 36 0.807796 0.411299 0.818248 0.40542 0.821888 0.404662 0.834628 0.413761 0.852221 0.436511 0.858894 0.45471 0.852827 0.46836 0.843121 0.476702 0.838538 0.473265 0.841023 0.471906 0.844813 0.464208 0.851007 0.460019 0.849187 0.448644 0.833415 0.429686 0.818855 0.413761 0.811635 0.419176 0.808809 0.414467
2 36 0.775648 0.429271 0.793176 0.440522 0.810704 0.461247 0.819231 0.47309 0.827285 0.477236 0.833443 0.476051 0.841023 0.471906 0.844813 0.464208 0.840549 0.45118 0.82539 0.433416 0.813073 0.421572 0.808809 0.414467 0.805967 0.405584 0.801703 0.396702 0.795545 0.406176
1 36 0.783228 0.381898 0.77328 0.381898 0.769016 0.384266 0.763331 0.39078 0.762384 0.397886 0.76191 0.4044 0.764279 0.414467 0.775648 0.429271 0.795545 0.406176 0.801703 0.396702 0.796966 0.387819 0.788439 0.383674
0 36 0.781696 0.402025 0.783117 0.408539 0.786907 0.408539 0.792118 0.404394 0.791644 0.397288 0.787854 0.394919 0.783591 0.396104 0.781696 0.402025 0.781094 0.400195 0.781172 0.394824 0.77875 0.391992 0.775078 0.392676 0.772969 0.395508 0.772031 0.4 0.773516 0.403125 0.777813 0.402148 0.781094 0.400195
2 1 0.294687 0.916992 0.300469 0.914844 0.304844 0.916016 0.314375 0.922656 0.320469 0.928711 0.326406 0.934473 0.333984 0.943652 0.340078 0.954102 0.341172 0.959375 0.342969 0.967969 0.342344 0.976465 0.341406 0.980859 0.339297 0.981738 0.334453 0.981836 0.327656 0.981055 0.322031 0.979492 0.316016 0.977539 0.3075 0.97002 0.300781 0.962988 0.295078 0.953223 0.292813 0.949121 0.298203 0.942676 0.303125 0.940137 0.306797 0.938574 0.307266 0.933789 0.306328 0.931836 0.303125 0.927539 0.298594 0.920605 0.29625 0.918945
1 1 0.293047 0.948828 0.289687 0.943262 0.286484 0.935742 0.286016 0.929199 0.288125 0.92373 0.292109 0.917871 0.294922 0.916797 0.296484 0.919727 0.298203 0.920703 0.306406 0.931543 0.307656 0.93457 0.306562 0.938086 0.301484 0.941309 0.298125 0.942969
0 1 0.295547 0.924707 0.292578 0.924512 0.29125 0.92793 0.292344 0.93252 0.297891 0.936914 0.302266 0.93916 0.304766 0.937598 0.305547 0.93457 0.304141 0.931934 0.299922 0.92832 0.297109 0.926074
3 1 0.336562 0.982031 0.347422 0.993066 0.353047 0.998828 0.357078 0.999023 0.364063 0.999023 0.342578 0.976855 0.341484 0.980566 0.339766 0.982031
