4 7 0.632803 0.940872 0.641694 0.932188 0.663924 1 0.650864 1 0.636971 0.953375
3 7 0.617376 0.893583 0.619054 0.893856 0.626754 0.89243 0.628954 0.890121 0.641694 0.932188 0.632803 0.940872 0.628079 0.928368
2 7 0.594702 0.871315 0.591173 0.857364 0.599872 0.852133 0.616613 0.846901 0.626707 0.852851 0.642939 0.842798 0.645007 0.851077 0.645007 0.85999 0.643866 0.868189 0.640159 0.876032 0.633884 0.884944 0.626754 0.89243 0.619054 0.893856 0.612495 0.892787 0.604509 0.889222 0.599946 0.885657 0.597379 0.878884
1 7 0.607684 0.813797 0.599891 0.818032 0.594131 0.826926 0.590065 0.836667 0.589048 0.846409 0.591081 0.857421 0.599708 0.851723 0.616531 0.846901 0.626789 0.852748 0.642939 0.842798 0.640852 0.835074 0.636484 0.82735 0.630046 0.819303 0.621237 0.813373 0.615138 0.812526
0 7 0.611469 0.823833 0.602119 0.829443 0.596883 0.83739 0.595761 0.84487 0.601371 0.84861 0.611469 0.843935 0.615957 0.843 0.620445 0.846273 0.628673 0.850948 0.634656 0.84674 0.63129 0.834585 0.626055 0.827105 0.620445 0.823366 0.615583 0.822431
3 15 0.662908 0.653307 0.669577 0.656433 0.674856 0.655739 0.67713 0.653644 0.678746 0.686304 0.682081 0.722426 0.674301 0.724857 0.672356 0.709575 0.668466 0.683178
2 15 0.642071 0.623828 0.638757 0.61228 0.647393 0.609393 0.652615 0.610648 0.658238 0.615041 0.683192 0.599124 0.685693 0.60746 0.686527 0.617185 0.686527 0.630731 0.684304 0.642193 0.680136 0.650876 0.674856 0.655739 0.669577 0.656433 0.662908 0.653307 0.653183 0.643582 0.645959 0.631078
1 15 0.652905 0.569601 0.645959 0.57238 0.642624 0.574116 0.639846 0.579326 0.636789 0.585578 0.635678 0.592872 0.635678 0.602597 0.638734 0.612322 0.647192 0.609644 0.652514 0.610522 0.65874 0.61479 0.669686 0.607886 0.683192 0.599124 0.678746 0.584883 0.672633 0.574811 0.665131 0.569601 0.660685 0.568906 0.657629 0.568212
0 15 0.656768 0.613413 0.663091 0.61266 0.667306 0.610402 0.667908 0.605509 0.666102 0.60137 0.660381 0.599488 0.655865 0.600241 0.653456 0.60438 0.653456 0.608144 0.653757 0.610402
4 15 0.674301 0.724857 0.682081 0.722426 0.687916 0.763411 0.695418 0.823152 0.705144 0.874904 0.72126 0.926656 0.729873 0.956526 0.739043 0.979103 0.749324 1 0.734319 0.999943 0.711812 0.934644 0.697641 0.894702 0.68736 0.839823 0.679024 0.770705
4 23 0.941872 0.692474 0.96913 0.661616 0.983273 0.641687 0.99973 0.616294 1 0.603115 0.979158 0.637509 0.962701 0.658402 0.940329 0.68476 0.941872 0.692474 0.905614 0.720117 0.902933 0.713791 0.892139 0.721402 0.894404 0.727719 0.905614 0.720117
3 23 0.860088 0.764027 0.869138 0.752985 0.883427 0.738174 0.894404 0.727719 0.892139 0.721402 0.855978 0.752675
2 23 0.806701 0.766632 0.813168 0.771586 0.820886 0.777453 0.832568 0.794664 0.843208 0.804834 0.850631 0.798373 0.856941 0.786188 0.859848 0.771139 0.860088 0.764027 0.855978 0.752675 0.851344 0.749888 0.845317 0.746229 0.832032 0.744154 0.825053 0.744055 0.820349 0.746668 0.81566 0.751961
1 23 0.813063 0.771325 0.806593 0.767072 0.803139 0.783262 0.803139 0.792976 0.810047 0.803769 0.819114 0.809166 0.82559 0.811325 0.834656 0.810245 0.843291 0.804849 0.832881 0.795055 0.821095 0.777844
4 31 0.91563 0.595404 0.906897 0.597415 0.903679 0.568975 0.897704 0.536514 0.893338 0.501755 0.887363 0.466995 0.876331 0.42333 0.86576 0.385411 0.85289 0.351226 0.836424 0.288827 0.812907 0.209841 0.795865 0.164238 0.781745 0.147622 0.767177 0.142285 0.752609 0.142285 0.744069 0.146994 0.736283 0.157669 0.727743 0.185926 0.723473 0.2258 0.726236 0.25908 0.734775 0.306803 0.748698 0.342608 0.740191 0.344653 0.725795 0.302118 0.715979 0.251402 0.716456 0.213716 0.721106 0.18407 0.725601 0.162757 0.736297 0.14338 0.749473 0.133692 0.762029 0.131755 0.778146 0.133612 0.791561 0.145472 0.807267 0.165922 0.825262 0.217047 0.855513 0.328937 0.880231 0.403549 0.900518 0.502935 0.909025 0.559785
1 31 0.905614 0.720117 0.910574 0.726111 0.916319 0.727835 0.923903 0.72726 0.931947 0.723238 0.937232 0.718067 0.941139 0.712035 0.943207 0.703417 0.941872 0.692474 0.940329 0.68476 0.937922 0.674403 0.920915 0.691639 0.914251 0.69681 0.905058 0.701119 0.899773 0.702268 0.902933 0.713791
2 31 0.899773 0.702268 0.905058 0.701119 0.914251 0.69681 0.920915 0.691639 0.937922 0.674403 0.936773 0.66521 0.933325 0.656592 0.92827 0.649985 0.924822 0.645101 0.921835 0.643378 0.909655 0.645676 0.90322 0.651996 0.899313 0.660901 0.897245 0.670094 0.897015 0.682733 0.898164 0.695086
3 31 0.921835 0.643378 0.909655 0.645676 0.907127 0.616662 0.906897 0.597415 0.91563 0.595404 0.917238 0.627291
3 38 0.577138 0.502443 0.600048 0.480771 0.616275 0.466071 0.618777 0.475456 0.621581 0.477403 0.604073 0.491994 0.588283 0.504378 0.580234 0.510182
0 38 0.661516 0.456955 0.664704 0.456158 0.669166 0.453369 0.671715 0.450979 0.671715 0.447393 0.670122 0.444604 0.66566 0.444604 0.662791 0.444604 0.661198 0.447792 0.66007 0.451473
1 38 0.655065 0.479627 0.665076 0.473892 0.674669 0.463986 0.680508 0.45043 0.680925 0.437917 0.675503 0.425925 0.665076 0.422275 0.655845 0.4222 0.64714 0.426446 0.652145 0.428532 0.658402 0.432703 0.659653 0.439481 0.66007 0.451473 0.657568 0.469721
2 38 0.64714 0.426446 0.652145 0.428532 0.658402 0.432703 0.659653 0.439481 0.66007 0.451473 0.657568 0.469721 0.655065 0.479627 0.649643 0.481713 0.639215 0.483798 0.630039 0.483277 0.618777 0.475456 0.616275 0.466071 0.620446 0.452515 0.626702 0.437395 0.632542 0.431139 0.640466 0.426968
4 38 0.577138 0.502443 0.580234 0.510182 0.561968 0.524114 0.527913 0.557009 0.498811 0.606157 0.469709 0.656853 0.439678 0.71374 0.38852 0.800373 0.349317 0.870093 0.307883 0.937821 0.272824 1 0.261669 1 0.312346 0.911128 0.380233 0.796787 0.43601 0.70117 0.48573 0.608741 0.521427 0.552168 0.55075 0.520296
4 45 0.184544 0.621197 0.160709 0.629032 0.120391 0.642826 0.065218 0.670942 0.041027 0.684735 0 0.711791 0 0.69959 0.052061 0.66829 0.105112 0.639642 0.181789 0.612835
3 45 0.181789 0.612835 0.202252 0.606441 0.229127 0.606441 0.229127 0.614608 0.230802 0.618246 0.200284 0.618246 0.184544 0.621197
0 45 0.282527 0.614803 0.286069 0.611851 0.286462 0.606933 0.277018 0.598571 0.270328 0.594144 0.264819 0.592176 0.264426 0.596603 0.264353 0.601876 0.271509 0.607916 0.277411 0.610868 0.282527 0.614803 0.279379 0.617754 0.272296 0.617262 0.269541 0.61677 0.266787 0.618738 0.266787 0.625132 0.269541 0.631527 0.276231 0.631527 0.281346 0.629559 0.282527 0.622673 0.279379 0.617754
1 45 0.267324 0.641133 0.278358 0.640072 0.285998 0.634767 0.291091 0.629462 0.296608 0.61673 0.296608 0.602937 0.293213 0.593388 0.286847 0.5849 0.280056 0.580125 0.271144 0.578533 0.265202 0.579064 0.257563 0.582247 0.264353 0.601876
2 45 0.247377 0.5849 0.241011 0.589144 0.232098 0.597101 0.229127 0.60612 0.229127 0.614608 0.234552 0.626395 0.246104 0.635828 0.260109 0.639542 0.267324 0.641133 0.264353 0.601876 0.257563 0.582247 0.252894 0.582247
4 53 0.296608 0.602937 0.312174 0.607872 0.328077 0.608424 0.34133 0.608424 0.357674 0.601798 0.368276 0.588546 0.378436 0.557623 0.383296 0.520075 0.385946 0.486392 0.382412 0.449395 0.377553 0.426204 0.374461 0.396386 0.377553 0.351659 0.394339 0.268279 0.398315 0.256131 0.40727 0.261278 0.403927 0.268885 0.391126 0.327775 0.384792 0.384027 0.38922 0.424899 0.39542 0.465374 0.397625 0.500165 0.395971 0.529445 0.391247 0.563145 0.379762 0.590202 0.368718 0.60732 0.355466 0.616707 0.336029 0.622781 0.321893 0.622781 0.309524 0.618916 0.296608 0.61673 0.296608 0.602937 0.257563 0.582247 0.241211 0.578613 0.211719 0.568848 0.202344 0.565186 0.173047 0.552734 0.141908 0.5305 0.120601 0.515465 0.117805 0.530566 0.150937 0.553206 0.190252 0.572532 0.222058 0.582472 0.241011 0.589144 0.247377 0.5849 0.252894 0.582247 0.257563 0.582247
3 53 0.0701142 0.490363 0.10632 0.52394 0.117805 0.530566 0.120258 0.516181 0.0764739 0.476211
2 53 0.0607551 0.427705 0.0555996 0.435834 0.0517925 0.443766 0.0448128 0.455663 0.0384676 0.472121 0.0360089 0.485604 0.040941 0.4886 0.052869 0.494675 0.061262 0.494675 0.0701935 0.490562 0.0767346 0.476428 0.077873 0.471362 0.0761452 0.454394 0.0679727 0.437916
1 53 0.0609137 0.427605 0.0556789 0.423144 0.0488579 0.421062 0.0381504 0.417592 0.0285533 0.421459 0.022388 0.424547 0.017971 0.435039 0.014878 0.446634 0.013995 0.460439 0.017529 0.469826 0.023713 0.477005 0.036082 0.48584 0.0386263 0.472121 0.0447335 0.455961 0.0518718 0.443369 0.0552824 0.435834
1 61 0.260625 0.461426 0.259297 0.470215 0.258755 0.48139 0.260129 0.491695 0.263907 0.498994 0.269747 0.504576 0.276562 0.505957 0.284517 0.505005 0.292074 0.502 0.2986 0.491265 0.302722 0.48139 0.304439 0.471085 0.296539 0.470656 0.287265 0.473662 0.279708 0.475379 0.273182 0.473662 0.269747 0.469368 0.265625 0.462498 0.262533 0.455628
2 61 0.262533 0.455628 0.265625 0.462498 0.269747 0.469368 0.273182 0.473662 0.279708 0.475379 0.287265 0.473662 0.296539 0.470656 0.304439 0.471085 0.307597 0.453901 0.304774 0.443709 0.300384 0.439397 0.294112 0.434302 0.286272 0.432342 0.276237 0.434694 0.270278 0.439789 0.266829 0.444493 0.264006 0.449981
3 61 0.28731 0.432601 0.301952 0.379422 0.312629 0.381324 0.302183 0.411909 0.294743 0.433909 0.294112 0.434302
4 61 0.312343 0.381861 0.301952 0.379422 0.314182 0.342574 0.345821 0.266828 0.378497 0.168423 0.387878 0.119135 0.388819 0.092479 0.384742 0.074055 0.376588 0.054847 0.367808 0.036815 0.354323 0.024663 0.336761 0.008983 0.326413 0 0.343033 0 0.371257 0.023879 0.386068 0.0488281 0.393367 0.0653508 0.397905 0.0853259 0.398299 0.110973 0.397708 0.127989 0.388187 0.168991 0.375924 0.211384 0.343674 0.296171
1 69 0.553224 0.346071 0.54595 0.344051 0.536654 0.344051 0.524687 0.34873 0.520937 0.353223 0.516852 0.359711 0.514687 0.370117 0.514831 0.380928 0.51766 0.392042 0.52251 0.402651 0.530188 0.409218 0.537463 0.411744 0.5411 0.401135 0.54797 0.365268 0.55282 0.352133 0.554841 0.347587
2 69 0.537463 0.411744 0.544737 0.41427 0.558882 0.410229 0.570198 0.402146 0.580302 0.392042 0.580302 0.381939 0.575856 0.371835 0.568177 0.356175 0.554841 0.347587 0.55282 0.352133 0.54797 0.365268 0.5411 0.401135
3 69 0.578101 0.376938 0.596063 0.378403 0.63769 0.38497 0.639306 0.395073 0.615058 0.394063 0.580302 0.392042 0.580302 0.381939
4 69 0.829253 0.404672 0.836527 0.403156 0.850672 0.430941 0.861988 0.461251 0.870475 0.496109 0.869667 0.526419 0.870475 0.546626 0.875729 0.558751 0.882195 0.558245 0.887449 0.553194 0.887449 0.531471 0.87775 0.492572 0.865625 0.446096 0.849864 0.405177 0.834911 0.385475 0.82602 0.380423 0.815108 0.380423 0.798134 0.38497 0.78116 0.389011 0.759336 0.392042 0.720539 0.392042 0.676891 0.392547 0.646177 0.394568 0.639306 0.395073 0.63769 0.38497 0.685378 0.385475 0.735088 0.383454 0.767823 0.383454 0.798942 0.375371 0.815916 0.370825 0.82117 0.368299 0.834911 0.374361 0.845418 0.385475 0.857138 0.403156 0.871283 0.433467 0.888661 0.501666 0.895128 0.536523 0.893511 0.556225 0.885428 0.565823 0.878154 0.566833 0.86805 0.560771 0.861988 0.548647 0.861584 0.506717 0.85148 0.451148 0.829253 0.404672 0.829253 0.404672 0.836527 0.403156 0.830465 0.394568 0.82602 0.382444 0.82117 0.350113 0.819149 0.338999 0.812683 0.338999 0.820766 0.38497 0.825615 0.39861 0.829253 0.404672
0 53 0.0339844 0.445996 0.0322656 0.449414 0.0327344 0.454395 0.0342187 0.456445 0.0364063 0.457031 0.0397656 0.455176 0.0410156 0.449414 0.0390625 0.444727 0.0366406 0.444238 0.0346094 0.44502
0 61 0.268984 0.489551 0.268437 0.483691 0.267578 0.479199 0.266406 0.477246 0.264062 0.476367 0.262344 0.479297 0.262031 0.484668 0.262813 0.486816 0.264141 0.491406 0.265547 0.492285 0.267656 0.491211 0.268984 0.489551 0.278828 0.49375 0.279453 0.496191 0.280234 0.497852 0.283359 0.499023 0.285781 0.498145 0.288359 0.494043 0.290234 0.491016 0.290547 0.487402 0.289141 0.485254 0.286484 0.485938 0.28375 0.487402 0.282031 0.488574 0.280234 0.490527 0.278828 0.49375
0 69 0.534141 0.381543 0.532266 0.385547 0.533672 0.391016 0.535391 0.392383 0.537969 0.391699 0.54 0.388965 0.54 0.385645 0.539297 0.380957 0.536641 0.379297
