4 6 0.560187 0.209862 0.554929 0.214244 0.542661 0.217895 0.47291 0.261391 0.463147 0.270341 0.455336 0.277663 0.450129 0.284985 0.445573 0.297189 0.441017 0.310207 0.434508 0.31997 0.424745 0.325665 0.416284 0.325665 0.405219 0.32241 0.394154 0.314275 0.385042 0.29963 0.373326 0.268714 0.3538 0.239424 0.318354 0.196713 0.265417 0.140627 0.270532 0.127251 0.26857 0.12534 0.269044 0.12536 0.269574 0.126023 0.338269 0.205267 0.372982 0.251683 0.380987 0.264768 0.393302 0.288627 0.397612 0.297863 0.402538 0.30556 0.410542 0.313257 0.417931 0.314796 0.427167 0.313257 0.431477 0.309408 0.435787 0.300172 0.440713 0.286318 0.443792 0.278622 0.449949 0.267846 0.464111 0.257071 0.52944 0.215336 0.548456 0.203881 0.556328 0.203613 0.559018 0.20475 0.560187 0.209862 0.560129 0.210288 0.559453 0.204785 0.562422 0.206445 0.564951 0.210038 0.564264 0.219489 0.558995 0.227508 0.550976 0.236958 0.53574 0.249416 0.512372 0.265883 0.474226 0.276336 0.457662 0.276879 0.46276 0.26971 0.477289 0.266524 0.503288 0.26031 0.525336 0.247884 0.54764 0.231635 0.558345 0.218412 0.555547 0.213379 0.560129 0.210288
3 6 0.216695 0.098956 0.220067 0.096657 0.221562 0.093388 0.221188 0.08825 0.220909 0.083372 0.245418 0.1028 0.270532 0.127251 0.265305 0.140922 0.257174 0.133107
2 6 0.210743 0.10052 0.18569 0.090118 0.174106 0.080309 0.169922 0.0759766 0.171864 0.072369 0.175601 0.067231 0.178216 0.064895 0.180085 0.057422 0.182327 0.052284 0.186063 0.048547 0.189297 0.0461914 0.193537 0.049015 0.202131 0.055087 0.211473 0.064428 0.218199 0.073303 0.220814 0.08171 0.221188 0.08825 0.221562 0.093388 0.220067 0.096657 0.215957 0.09946 0.214088 0.09946
1 6 0.162961 0.060248 0.164046 0.05256 0.166579 0.047133 0.172368 0.04261 0.179242 0.041705 0.18467 0.043062 0.189219 0.0463867 0.186063 0.048547 0.182327 0.052284 0.180085 0.057422 0.178216 0.064895 0.175601 0.067231 0.171864 0.072369 0.169844 0.0761719 0.167303 0.073364 0.163323 0.066128
0 6 0.167047 0.062809 0.167771 0.058739 0.170665 0.057382 0.172474 0.058286 0.17356 0.060095 0.17356 0.063261 0.172112 0.065523 0.169218 0.065975
4 16 0.885155 0.75497 0.888344 0.761209 0.898884 0.760007 0.896238 0.753431 0.894195 0.75037 0.886387 0.751122 0.882524 0.751847 0.885155 0.75497 0.885155 0.75497 0.878998 0.747273 0.874072 0.742655 0.86853 0.738807 0.859294 0.734189 0.853137 0.73188 0.842669 0.73188 0.837744 0.73188 0.834665 0.729571 0.834665 0.726492 0.837128 0.722644 0.848211 0.721874 0.862373 0.723414 0.877151 0.729571 0.888234 0.741116 0.896238 0.753431 0.899933 0.762667 0.904243 0.768824 0.909169 0.771903 0.915942 0.770363 0.917173 0.764976 0.915326 0.760358 0.908553 0.758818 0.883924 0.761897 0.875919 0.761897 0.86209 0.758576 0.830072 0.750879 0.806674 0.746261 0.786197 0.737531 0.780813 0.730868 0.767267 0.719323 0.754952 0.708547 0.738327 0.686997 0.656952 0.586073 0.606162 0.524443 0.560904 0.460324 0.569607 0.454626 0.592413 0.487901 0.620122 0.520227 0.653987 0.557941 0.692142 0.605294 0.739079 0.663293 0.757379 0.687686 0.772384 0.705747 0.784055 0.716862 0.793532 0.727722 0.803425 0.733906 0.814001 0.737531 0.830428 0.740876 0.855521 0.747725 0.874598 0.753024 0.886387 0.751122 0.901164 0.749582 0.914095 0.750352 0.923946 0.753431 0.931951 0.761897 0.932567 0.765745 0.932567 0.771133 0.928257 0.775751 0.919636 0.77883 0.909169 0.77883 0.902396 0.774981 0.895007 0.768824 0.889465 0.763436 0.885155 0.75497
3 16 0.523668 0.401472 0.524334 0.4016 0.528076 0.399474 0.529777 0.394795 0.530591 0.390391 0.540599 0.407488 0.569607 0.454626 0.560904 0.460324 0.54316 0.431085
2 16 0.485888 0.369278 0.488516 0.367969 0.489375 0.366309 0.490991 0.365025 0.495414 0.365025 0.500858 0.361623 0.50358 0.356945 0.507663 0.35014 0.507031 0.344824 0.506328 0.341895 0.5075 0.33623 0.515488 0.348439 0.51855 0.353543 0.526035 0.369704 0.530118 0.37991 0.530798 0.389267 0.529777 0.394795 0.528076 0.399474 0.524334 0.4016 0.519911 0.400749 0.513106 0.396922 0.506581 0.393284 0.487249 0.372681
1 16 0.480145 0.349205 0.481506 0.341125 0.485248 0.33347 0.490692 0.330493 0.497156 0.329642 0.502578 0.331543 0.507422 0.335938 0.506328 0.341797 0.506797 0.344824 0.507663 0.35014 0.50358 0.356945 0.500858 0.361623 0.495414 0.365025 0.490991 0.365025 0.488672 0.367969 0.485888 0.369278 0.48605 0.369684 0.485929 0.369619 0.481846 0.362815 0.480145 0.35601
2 24 0.291879 0.86663 0.292309 0.86233 0.293984 0.857422 0.296797 0.852734 0.297969 0.847949 0.296406 0.841895 0.295391 0.840723 0.293828 0.837988 0.292656 0.833887 0.293281 0.828516 0.293672 0.822852 0.304375 0.826758 0.311737 0.831731 0.321359 0.83996 0.327435 0.848189 0.332499 0.856417 0.334018 0.866545 0.331993 0.874141 0.329967 0.876673 0.327474 0.87953 0.31811 0.87953 0.304779 0.87738 0.291879 0.869317
1 24 0.278175 0.834234 0.283091 0.826414 0.287559 0.823063 0.293815 0.822504 0.293125 0.829492 0.292891 0.833984 0.293672 0.838086 0.295391 0.840527 0.296484 0.842578 0.298047 0.847754 0.296875 0.852637 0.294063 0.857324 0.292309 0.86233 0.291879 0.86663 0.291879 0.869317 0.291885 0.869321 0.291581 0.869425 0.284878 0.864956 0.280856 0.857136 0.278622 0.850992 0.278175 0.842054
0 24 0.283603 0.845205 0.284655 0.843013 0.288162 0.841259 0.290967 0.841698 0.29272 0.844328 0.29272 0.848273 0.29237 0.851342 0.289915 0.853972 0.28746 0.85441 0.285005 0.853095 0.283603 0.84915
3 24 0.329981 0.876655 0.331993 0.874141 0.333643 0.867953 0.354552 0.883991 0.382593 0.906629 0.375628 0.916505 0.35842 0.903715
4 24 0.367395 0.917246 0.358503 0.911688 0.351278 0.90891 0.339052 0.90891 0.327382 0.915162 0.317379 0.925582 0.315712 0.934612 0.316823 0.943643 0.324603 0.954758 0.330161 0.957536 0.337941 0.956842 0.345721 0.951284 0.35628 0.941559 0.36406 0.92836 0.381511 0.900775 0.384951 0.89325 0.385811 0.885187 0.384951 0.874974 0.381081 0.866911 0.37678 0.860461 0.36947 0.855086 0.36431 0.854011 0.354849 0.857236 0.351409 0.863686 0.353559 0.867986 0.35743 0.867986 0.36345 0.865299 0.36818 0.865299 0.37334 0.869599 0.37635 0.874437 0.3785 0.884112 0.37893 0.889487 0.37678 0.89755 0.364404 0.917839 0.35653 0.931825 0.346805 0.941482 0.339064 0.94632 0.332184 0.947932 0.326594 0.946857 0.322294 0.940945 0.321434 0.935032 0.323154 0.928582 0.326594 0.923206 0.330464 0.918369 0.336484 0.915681 0.341214 0.915143 0.348095 0.915681 0.355405 0.917831 0.358845 0.920519 0.368372 0.927628 0.393953 0.962863 0.426668 1 0.436599 1 0.446531 1 0.451473 1 0.455524 0.997695 0.456537 0.992631 0.457043 0.984402 0.455524 0.973641 0.45046 0.964146 0.382593 0.906629 0.375628 0.916505 0.408741 0.942505 0.434491 0.963764 0.443383 0.9721 0.446718 0.979741 0.447829 0.986688 0.448385 0.994329 0.44505 0.997108 0.43727 0.997108 0.427823 0.990856 0.42171 0.981825 0.367395 0.917246 0.367395 0.917246 0.365553 0.916043 0.364404 0.917839 0.361678 0.922625 0.365827 0.925504 0.369601 0.919655 0.367395 0.917246
4 33 0.861616 0.48069 0.862306 0.469097 0.864928 0.457413 0.868893 0.446676 0.8755 0.437591 0.882108 0.432635 0.891689 0.429745 0.9016 0.429745 0.910752 0.431077 0.919868 0.435221 0.926913 0.441955 0.931886 0.452833 0.933543 0.465265 0.9323 0.476143 0.929876 0.495328 0.924437 0.511036 0.920838 0.517534 0.91564 0.524032 0.910841 0.527531 0.901644 0.53003 0.888848 0.53003 0.881651 0.53003 0.878852 0.528031 0.877652 0.523532 0.877652 0.520033 0.879252 0.519034 0.882451 0.519034 0.887249 0.520033 0.892047 0.521533 0.900845 0.520533 0.907642 0.516035 0.91364 0.510037 0.920038 0.50154 0.924437 0.490043 0.926036 0.479047 0.925636 0.466051 0.924037 0.455055 0.920038 0.448057 0.91484 0.444059 0.910041 0.44106 0.904443 0.44006 0.894047 0.44006 0.88565 0.442559 0.878052 0.448057 0.874453 0.455055 0.871654 0.465052 0.869397 0.48069 0.861616 0.48069 0.861616 0.48069 0.869397 0.48069 0.874546 0.507981 0.877584 0.529502 0.879143 0.54168 0.878595 0.541035 0.874154 0.538814 0.870486 0.538814 0.867304 0.521549 0.86488 0.505791 0.863425 0.49367 0.861616 0.48069
2 33 0.889375 0.57832 0.89 0.587695 0.886371 0.587331 0.883481 0.587331 0.878665 0.585725 0.871923 0.583317 0.862933 0.581712 0.85908 0.580909 0.857474 0.579705 0.856832 0.577297 0.860831 0.551027 0.862608 0.545846 0.865864 0.542145 0.870009 0.538814 0.874154 0.538814 0.878595 0.541035 0.883629 0.546956 0.886641 0.555762 0.888906 0.566992
1 33 0.855361 0.585735 0.856841 0.578333 0.857078 0.57822 0.857474 0.579705 0.85908 0.580909 0.862933 0.581712 0.871923 0.583317 0.878665 0.585725 0.883481 0.587331 0.886371 0.587331 0.890156 0.587891 0.889113 0.601648 0.88704 0.605719 0.883487 0.60905 0.878454 0.60942 0.871348 0.60905 0.864539 0.60609 0.859506 0.602759 0.856841 0.596837 0.855361 0.591286
0 33 0.867493 0.585584 0.868677 0.584844 0.871342 0.584104 0.87371 0.585954 0.874006 0.588545 0.87371 0.590395 0.871046 0.592245 0.868973 0.592245 0.867493 0.590025
4 40 0.464045 0.44053 0.469513 0.438252 0.474278 0.45215 0.482584 0.471018 0.489673 0.483677 0.508617 0.511509 0.545879 0.564953 0.600033 0.629495 0.61646 0.646055 0.628648 0.657978 0.651119 0.674434 0.684953 0.701669 0.765121 0.77429 0.840578 0.857998 0.84947 0.86425 0.858361 0.869112 0.864474 0.869807 0.869476 0.867723 0.87281 0.867723 0.876145 0.871891 0.873922 0.880227 0.867809 0.88509 0.860029 0.885784 0.850025 0.881616 0.840022 0.872586 0.805759 0.837285 0.747924 0.76953 0.711764 0.740575 0.659408 0.694423 0.643979 0.681565 0.622672 0.669626 0.605039 0.651258 0.545704 0.582167 0.529923 0.557438 0.508196 0.52763 0.491126 0.505229 0.481236 0.486416 0.471776 0.465452
3 40 0.454242 0.394851 0.457776 0.39422 0.459286 0.392961 0.46159 0.405718 0.465461 0.421306 0.470191 0.437969 0.46374 0.440657 0.46159 0.432594 0.457143 0.411429
2 40 0.437229 0.354815 0.439481 0.354112 0.444829 0.352705 0.449332 0.352001 0.454961 0.349538 0.457776 0.349538 0.46059 0.352001 0.463124 0.357278 0.465375 0.367129 0.465657 0.375925 0.464531 0.384369 0.461998 0.390701 0.457776 0.39422 0.451865 0.395275 0.448626 0.394608 0.441805 0.387506 0.43644 0.378118 0.435367 0.372083 0.435367 0.365042 0.435259 0.35763 0.437229 0.354815 0.437151 0.354717 0.435447 0.357152 0.43621 0.348564 0.438408 0.343757 0.441704 0.341697 0.445 0.341354 0.448571 0.341697 0.454339 0.344444 0.458185 0.348908 0.458124 0.349813 0.457698 0.34944 0.454883 0.34944 0.449254 0.351903 0.444751 0.352607 0.439403 0.354014 0.437151 0.354717
0 16 0.493047 0.352051 0.491016 0.354395 0.491094 0.358496 0.49375 0.361035 0.49875 0.35957 0.500469 0.356934 0.500234 0.350879 0.4975 0.349219 0.495078 0.349414
