4 7 0.176907 0.0684918 0.268177 0.104714 0.313826 0.126112 0.343499 0.158596 0.368004 0.205984 0.405124 0.290164 0.441435 0.365677 0.463312 0.404416 0.493657 0.444878 0.50256 0.456842 0.516805 0.466023 0.553308 0.49468 0.619402 0.534942 0.617358 0.540051 0.608646 0.536225 0.546019 0.497721 0.504062 0.46822 0.484132 0.449208 0.457909 0.415774 0.431162 0.371195 0.38321 0.27208 0.358927 0.210799 0.337871 0.166055 0.297848 0.130392 0.259047 0.1147 0.179161 0.080463
3 7 0.617172 0.540516 0.619693 0.534215 0.652962 0.554063 0.660019 0.556268 0.663973 0.558066 0.663792 0.558258 0.661656 0.56393 0.661047 0.567131 0.643636 0.557213
2 7 0.660322 0.570935 0.661656 0.56393 0.663792 0.558258 0.667261 0.554588 0.671798 0.552253 0.678471 0.552253 0.695703 0.556055 0.701797 0.55791 0.69986 0.559939 0.696777 0.562432 0.694921 0.5663 0.693373 0.572102 0.690078 0.581055 0.686406 0.585059 0.681094 0.585254 0.677344 0.586426 0.675156 0.588965 0.673878 0.592216 0.67326 0.598018 0.673528 0.601041 0.6734 0.600961 0.668862 0.595623 0.662991 0.58428 0.660322 0.576273
1 7 0.705132 0.558951 0.712559 0.563979 0.71751 0.573263 0.719985 0.58448 0.719676 0.596084 0.715963 0.604981 0.704204 0.611943 0.699872 0.61233 0.689351 0.610783 0.681305 0.608075 0.675426 0.603433 0.673569 0.601499 0.67326 0.598018 0.673878 0.592216 0.675234 0.58877 0.677109 0.586621 0.680781 0.585352 0.686484 0.585449 0.689922 0.581348 0.693373 0.572102 0.694921 0.5663 0.696777 0.562432 0.702038 0.558177
0 7 0.684075 0.588283 0.679004 0.590285 0.676602 0.593955 0.677136 0.597291 0.678471 0.600627 0.681406 0.602295 0.68541 0.601294 0.688346 0.597958 0.688612 0.594622 0.687278 0.590619
4 13 0.000824103 0.165826 0.025712 0.182514 0.057938 0.228181 0.0772665 0.272311 0.104651 0.3252 0.127704 0.372113 0.152172 0.413161 0.190171 0.466236 0.234995 0.514855 0.274884 0.544824 0.306093 0.56575 0.354421 0.593902 0.352593 0.599453 0.335447 0.591999 0.310319 0.578257 0.281526 0.560262 0.256803 0.542913 0.230675 0.522272 0.211268 0.501844 0.193896 0.483796 0.168753 0.449311 0.13237 0.393933 0.095658 0.326409 0.07806 0.29286 0.060813 0.256029 0.048595 0.229978 0.020568 0.186859 0.000329641 0.173037
3 13 0.352405 0.600024 0.354522 0.593595 0.398091 0.617651 0.397253 0.618419 0.394956 0.624573
2 13 0.391274 0.638348 0.392603 0.631705 0.394928 0.624647 0.397253 0.618419 0.402235 0.613852 0.416849 0.612607 0.431131 0.617174 0.434306 0.619047 0.427937 0.627399 0.422162 0.634586 0.418624 0.647496 0.416042 0.657536 0.412408 0.662795 0.410209 0.665425 0.409157 0.667099 0.403037 0.663035 0.399798 0.658638 0.392792 0.647447
1 13 0.4104 0.665186 0.412504 0.663154 0.416138 0.657536 0.418433 0.647496 0.422449 0.633869 0.427937 0.627399 0.434211 0.618928 0.440235 0.625502 0.442625 0.637933 0.442625 0.647376 0.441083 0.656003 0.438648 0.662697 0.435741 0.667577 0.430858 0.671217 0.421121 0.671217 0.41187 0.668783 0.409157 0.667696
4 19 0.521618 0.198769 0.536239 0.20406 0.590282 0.227187 0.637509 0.260659 0.668182 0.285611 0.686196 0.310563 0.712974 0.348904 0.73683 0.395766 0.763608 0.462102 0.773346 0.493749 0.785674 0.558241 0.793675 0.607069 0.795322 0.630012 0.798359 0.679482 0.801769 0.72566 0.8012 0.728502 0.79779 0.729923 0.796085 0.72637 0.792064 0.680346 0.786615 0.610893 0.779791 0.568536 0.766419 0.501529 0.76161 0.47448 0.746784 0.438416 0.730355 0.398345 0.710319 0.357773 0.683071 0.319205 0.667042 0.297166 0.64901 0.28264 0.625769 0.262103 0.596918 0.244572 0.552038 0.219027 0.521618 0.205549
3 19 0.468873 0.194129 0.46982 0.190578 0.469432 0.186222 0.508869 0.195007 0.521618 0.198304 0.521618 0.207096 0.515024 0.204898 0.480734 0.196106
1 19 0.411395 0.186317 0.414316 0.172928 0.420159 0.165017 0.428922 0.158931 0.438384 0.155806 0.438217 0.16133 0.438967 0.17269 0.438173 0.185709 0.436225 0.19362 0.436225 0.203966 0.43625 0.210352 0.437217 0.213962 0.432817 0.213704 0.420646 0.208227 0.41529 0.200315 0.411395 0.189969
2 19 0.436225 0.19362 0.438173 0.185709 0.438984 0.173145 0.438438 0.161328 0.438203 0.155566 0.446937 0.156497 0.457161 0.158322 0.464464 0.164408 0.468846 0.179623 0.46982 0.190578 0.466898 0.201532 0.462517 0.207009 0.452779 0.210661 0.443984 0.212988 0.437188 0.214062 0.436094 0.210449 0.436225 0.203966
4 25 0.298492 0.353343 0.30328 0.347358 0.324074 0.366337 0.357195 0.390544 0.400947 0.413654 0.465185 0.445773 0.486432 0.459979 0.509162 0.481597 0.520033 0.500745 0.567733 0.607049 0.668126 0.793551 0.664798 0.797017 0.662579 0.794244 0.563296 0.612596 0.527609 0.530963 0.51333 0.503325 0.49905 0.482597 0.489785 0.470049 0.473393 0.460883 0.446647 0.446324 0.401041 0.425775 0.357977 0.403302 0.326619 0.38083 0.299025 0.354176
3 25 0.257123 0.307317 0.263463 0.308902 0.266026 0.307072 0.281526 0.323305 0.303636 0.346912 0.298109 0.353821 0.272774 0.327911
2 25 0.229834 0.281877 0.23885 0.277494 0.249618 0.269162 0.257823 0.26788 0.263976 0.268521 0.267053 0.269162 0.271853 0.267162 0.273984 0.266992 0.272422 0.283301 0.269617 0.296724 0.267053 0.306338 0.263463 0.308902 0.255772 0.306979 0.243465 0.299929 0.232696 0.289032
1 25 0.222954 0.260829 0.226543 0.247368 0.233209 0.239036 0.245003 0.233908 0.251669 0.232626 0.25731 0.233267 0.266027 0.237113 0.271155 0.244804 0.274232 0.251855 0.274745 0.262111 0.274219 0.266699 0.267053 0.269162 0.263976 0.268521 0.257823 0.26788 0.249618 0.269162 0.23885 0.277494 0.22962 0.281981 0.225517 0.27493
0 19 0.431953 0.171582 0.431172 0.175293 0.432812 0.17793 0.435234 0.179395 0.4375 0.177637 0.43875 0.173828 0.438047 0.171387 0.435781 0.170801 0.43375 0.171191
0 13 0.424839 0.63363 0.424074 0.639248 0.423405 0.645105 0.424074 0.648452 0.427708 0.650484 0.431055 0.646539 0.432202 0.641997 0.432681 0.634825 0.430386 0.629327 0.427039 0.628968 0.425222 0.630881
