4 6 0.585366 0.061716 0.588342 0 0.594985 0 0.591641 0.0616211
3 6 0.573268 0.117666 0.582882 0.074103 0.585547 0.0615234 0.591797 0.0614258 0.591552 0.064813 0.589075 0.075651 0.579846 0.12087 0.57961 0.120426 0.574909 0.118076
2 6 0.541172 0.142578 0.543418 0.139815 0.547648 0.132177 0.557988 0.122189 0.567859 0.116313 0.574909 0.118076 0.57961 0.120426 0.58243 0.125714 0.58478 0.135115 0.58619 0.155678 0.584531 0.175 0.583637 0.17323 0.58149 0.169779 0.574909 0.165079 0.561749 0.158028 0.548588 0.149215 0.547648 0.148628
1 6 0.541172 0.142578 0.535897 0.153328 0.534844 0.159668 0.534487 0.166841 0.534609 0.176953 0.536837 0.186818 0.545298 0.196806 0.558458 0.200918 0.569739 0.197393 0.58055 0.190343 0.58478 0.180355 0.58478 0.175067 0.58149 0.169779 0.574909 0.165079 0.561749 0.158028 0.548588 0.149215 0.547648 0.148628
0 6 0.564844 0.167871 0.561875 0.166113 0.556484 0.165234 0.555781 0.168164 0.555166 0.171146 0.556106 0.172909 0.561277 0.174084 0.565507 0.174084 0.566917 0.171734
4 13 0.114171 0 0.120191 0 0.163642 0.060085 0.201072 0.107527 0.224891 0.135666 0.244522 0.153988 0.270174 0.173946 0.292161 0.188997 0.312138 0.20143 0.331005 0.212424 0.32937 0.216802 0.308908 0.207211 0.287594 0.19405 0.264995 0.178321 0.237774 0.158739 0.220055 0.140121 0.198227 0.116367 0.15736 0.064666
3 13 0.329224 0.217194 0.331169 0.211985 0.374094 0.238325 0.373034 0.240975 0.373034 0.243308 0.372284 0.242891 0.368395 0.240807 0.336169 0.221014
2 13 0.373034 0.240975 0.374514 0.237275 0.377473 0.233946 0.381913 0.232836 0.386352 0.232836 0.392567 0.233946 0.398487 0.235795 0.406182 0.239495 0.414469 0.243934 0.417344 0.245996 0.418828 0.247656 0.414841 0.256124 0.409603 0.261241 0.404397 0.268376 0.400312 0.275293 0.398014 0.279596 0.396641 0.283301 0.392567 0.27908 0.381617 0.266871 0.37333 0.254293 0.373034 0.246154
1 13 0.396406 0.283594 0.398014 0.279596 0.400469 0.275098 0.404397 0.268376 0.409603 0.261241 0.414841 0.256124 0.418906 0.247363 0.428395 0.254715 0.430141 0.258644 0.430141 0.263445 0.429094 0.269557 0.426649 0.277414 0.422109 0.283962 0.418268 0.287454 0.413379 0.289636 0.406395 0.2892
0 13 0.414194 0.273662 0.413245 0.276037 0.411028 0.278412 0.407861 0.278808 0.405645 0.27762 0.405011 0.273266 0.406797 0.27002 0.407861 0.268121 0.411328 0.268359 0.413125 0.27041 0.414194 0.273662 0.421094 0.269727 0.421634 0.266645 0.422584 0.26427 0.424922 0.264258 0.427017 0.265458 0.427017 0.265853 0.4267 0.268624 0.425433 0.270999 0.423534 0.271791 0.42195 0.271791 0.421094 0.269727
4 20 0.442517 0.752355 0.47592 0.707317 0.51649 0.665876 0.554496 0.634941 0.605875 0.603618 0.654357 0.582805 0.694513 0.572399 0.724726 0.567575 0.753909 0.570436 0.773365 0.584741 0.785953 0.603338 0.80312 0.637671 0.827393 0.682051 0.862489 0.725061 0.861801 0.729362 0.859048 0.731082 0.85079 0.728501 0.835651 0.711298 0.817759 0.682911 0.790233 0.63302 0.774405 0.600333 0.751008 0.579688 0.72417 0.576248 0.692515 0.582269 0.651914 0.592591 0.608561 0.612376 0.552132 0.646783 0.512908 0.682051 0.472307 0.729362 0.446689 0.75717
2 20 0.372741 0.798907 0.372882 0.798378 0.383754 0.790107 0.393207 0.786561 0.405497 0.790697 0.410696 0.800742 0.411169 0.811377 0.410696 0.816695 0.406442 0.832647 0.402031 0.844043 0.399258 0.842426 0.399258 0.841905 0.39212 0.837787 0.387727 0.832296 0.381138 0.825432 0.376745 0.815137 0.374549 0.800037
3 20 0.407079 0.793754 0.441527 0.751213 0.447091 0.757633 0.41095 0.80646 0.410696 0.800742
1 20 0.359174 0.828864 0.362469 0.811705 0.372734 0.798145 0.374549 0.800037 0.376745 0.815137 0.381138 0.825432 0.387727 0.832296 0.39212 0.837787 0.399258 0.841905 0.402109 0.844434 0.398359 0.851367 0.395414 0.853573 0.39212 0.856319 0.382785 0.858378 0.374549 0.856319 0.366313 0.850142 0.360273 0.838473
0 20 0.380453 0.846124 0.380926 0.842579 0.38518 0.841988 0.389766 0.845117 0.39125 0.847363 0.390937 0.850684 0.388015 0.852624 0.384235 0.852033 0.380926 0.849669
4 26 0.308969 0.759733 0.310279 0.767921 0.398405 0.755723 0.454412 0.737877 0.501085 0.722091 0.532271 0.704147 0.561745 0.67713 0.585324 0.659118 0.608248 0.65093 0.632482 0.654205 0.659336 0.673036 0.682261 0.690229 0.688155 0.695141 0.692085 0.69596 0.69929 0.69596 0.70584 0.69596 0.718939 0.68941 0.765443 0.663211 0.792297 0.649293 0.789677 0.643562 0.766753 0.655024 0.711735 0.683679 0.701255 0.686135 0.689465 0.683679 0.675056 0.67713 0.656062 0.659118 0.633137 0.645199 0.609558 0.643562 0.595149 0.644381 0.55847 0.665667 0.530306 0.695141 0.510002 0.70906 0.457604 0.730346 0.374422 0.748358
3 26 0.24424 0.777843 0.244593 0.777126 0.247232 0.770529 0.246246 0.763133 0.246746 0.763008 0.287355 0.763827 0.308969 0.759733 0.310279 0.767921 0.28146 0.772833
1 26 0.180957 0.788399 0.177939 0.78266 0.178511 0.774077 0.179503 0.767438 0.1808 0.762632 0.185804 0.754716 0.199683 0.746181 0.213416 0.744751 0.216277 0.744751 0.216277 0.745466 0.212272 0.757626 0.209983 0.7705 0.211296 0.783431 0.213816 0.792397 0.218566 0.800542 0.214561 0.802688 0.208266 0.804118 0.201972 0.803403 0.193267 0.799545 0.188811 0.79625
2 26 0.209983 0.7705 0.212272 0.757626 0.216277 0.745466 0.216277 0.745346 0.218205 0.744141 0.225066 0.74678 0.240899 0.755356 0.246176 0.762613 0.247232 0.770529 0.244593 0.777126 0.240371 0.785702 0.235093 0.793619 0.219788 0.800876 0.218588 0.800183 0.213622 0.792033 0.211199 0.783916
