4 6 0.370174 0.977342 0.37527 0.948138 0.383826 0.909019 0.403638 0.849638 0.422325 0.79898 0.445004 0.754327 0.469232 0.717713 0.47313 0.720555 0.453851 0.753405 0.426828 0.809956 0.409042 0.859769 0.389004 0.917744 0.381799 0.95433 0.381124 0.977125 0.376441 1 0.372017 1
3 6 0.468695 0.717321 0.503839 0.676037 0.506877 0.671734 0.507227 0.67392 0.509344 0.676567 0.511689 0.676567 0.473776 0.721026
2 6 0.506803 0.665981 0.509767 0.655925 0.522047 0.631049 0.528821 0.624697 0.532266 0.622363 0.534687 0.622559 0.535156 0.626758 0.535391 0.629395 0.535703 0.63252 0.537794 0.639184 0.540915 0.643735 0.548047 0.645117 0.553203 0.643848 0.556094 0.642871 0.559141 0.643555 0.553359 0.656543 0.550859 0.659766 0.547875 0.662805 0.541524 0.668628 0.527551 0.674979 0.514425 0.676567 0.509344 0.676567 0.507227 0.67392 0.506803 0.671274
1 6 0.534687 0.622461 0.544035 0.617731 0.554957 0.616431 0.558597 0.619031 0.560678 0.626833 0.560158 0.637234 0.559297 0.643457 0.556172 0.642969 0.553594 0.643652 0.548359 0.644922 0.540915 0.643735 0.537794 0.639184 0.535859 0.631934 0.535078 0.627637
0 6 0.546605 0.628402 0.542371 0.631578 0.540677 0.635812 0.541524 0.639517 0.546182 0.641105 0.549569 0.641105 0.553803 0.637929 0.55465 0.632107 0.552957 0.629461 0.551263 0.628402
4 12 0.667952 0.314429 0.668859 0.312971 0.743206 0.251611 0.808627 0.20901 0.845447 0.183047 0.859971 0.171581 0.878623 0.15075 0.899875 0.120746 0.918581 0.088388 0.939073 0.031796 0.945268 0 0.95337 0 0.947175 0.025244 0.924776 0.09375 0.901901 0.129492 0.879999 0.161261 0.866159 0.176552 0.854773 0.187252 0.844237 0.192636 0.808343 0.21645 0.742372 0.260841 0.670928 0.320037 0.668691 0.320436
3 12 0.616415 0.348739 0.641107 0.332808 0.667794 0.31315 0.668747 0.320894 0.651591 0.334595 0.621568 0.353658 0.619051 0.355694 0.619661 0.353658 0.619661 0.351275
2 12 0.572882 0.353103 0.585449 0.343898 0.598216 0.34234 0.604411 0.342935 0.610607 0.345318 0.615849 0.348297 0.619661 0.351275 0.619661 0.353658 0.616802 0.363189 0.607747 0.380465 0.601075 0.388209 0.59631 0.392379 0.59266 0.393519 0.593242 0.3917 0.59038 0.385261 0.586374 0.378823 0.58294 0.368807 0.577605 0.362809
1 12 0.560619 0.369522 0.565198 0.360937 0.572638 0.353068 0.574243 0.356005 0.577685 0.362909 0.58294 0.368807 0.586374 0.378823 0.59038 0.385261 0.593242 0.3917 0.592097 0.395277 0.586374 0.396708 0.578361 0.396708 0.573783 0.395277 0.569204 0.390269 0.562336 0.379538
0 12 0.571493 0.367376 0.573762 0.36391 0.577789 0.365945 0.581223 0.372384 0.583512 0.378823 0.583512 0.381684 0.580078 0.383115 0.5755 0.380969 0.572066 0.375246
4 19 0.767659 0.367238 0.767429 0.367084 0.761466 0.368306 0.758163 0.36225 0.754687 0.356135 0.751928 0.341355 0.755475 0.320664 0.77124 0.285685 0.794493 0.241346 0.815086 0.213976 0.819235 0.208049 0.837857 0.196569 0.845079 0.196569 0.857219 0.193891 0.883285 0.193445 0.901853 0.189874 0.912565 0.188089 0.921491 0.184518 0.930061 0.179609 0.940416 0.171575 0.971124 0.144795 1 0.125602 1 0.135868 0.976123 0.150597 0.938988 0.182733 0.927561 0.190767 0.917921 0.195677 0.90828 0.197908 0.880072 0.201033 0.856505 0.202372 0.844008 0.204157 0.836867 0.205942 0.829725 0.209513 0.825441 0.213084 0.820442 0.21844 0.816514 0.225135 0.796518 0.252807 0.774023 0.295209 0.767239 0.31083 0.762597 0.32422 0.760812 0.328237 0.760812 0.336271 0.761526 0.348769 0.767659 0.367238 0.775129 0.385343 0.783101 0.394925 0.793387 0.400163 0.800244 0.400163 0.807101 0.39683 0.812053 0.393973 0.816243 0.390163 0.819291 0.38683 0.821958 0.381116 0.823862 0.374449 0.824115 0.372553 0.824159 0.372581 0.829366 0.367003 0.830338 0.367307 0.831481 0.378735 0.830338 0.386354 0.827291 0.393497 0.819672 0.400639 0.812434 0.404925 0.805958 0.408258 0.799101 0.411115 0.794149 0.411115 0.787291 0.409687 0.781196 0.404449 0.775101 0.398735 0.771421 0.393892 0.774026 0.390171 0.775129 0.385343
3 19 0.771741 0.369986 0.781941 0.363236 0.80279 0.357371 0.817243 0.359167 0.830316 0.365984 0.824159 0.372581 0.818882 0.369282 0.812286 0.365984 0.807008 0.364885 0.802611 0.364885 0.796014 0.365984 0.792056 0.367633 0.78458 0.372031 0.775785 0.378078 0.775785 0.37478 0.773146 0.370932
2 19 0.716875 0.382812 0.719934 0.380277 0.740603 0.372581 0.767429 0.367084 0.773146 0.370932 0.775785 0.37478 0.775785 0.382476 0.774026 0.390171 0.770947 0.394569 0.753356 0.411061 0.745001 0.417657 0.732812 0.424609 0.730859 0.42002 0.728594 0.413867 0.725703 0.405859 0.718359 0.389062
1 19 0.703821 0.409745 0.704816 0.398554 0.707303 0.38985 0.716753 0.38239 0.71814 0.388582 0.725658 0.40588 0.728491 0.413915 0.730888 0.419908 0.732669 0.424666 0.723716 0.426531 0.715758 0.42591 0.710784 0.423423 0.706805 0.419071
0 19 0.712898 0.406113 0.713337 0.397867 0.715852 0.393758 0.718175 0.39347 0.721253 0.399517 0.723012 0.404464 0.723012 0.408862 0.719494 0.411061 0.715416 0.410102
4 25 0.68047 1 0.681854 0.954671 0.687048 0.930003 0.696396 0.904037 0.711283 0.873311 0.728247 0.853403 0.75906 0.82787 0.789181 0.809694 0.81584 0.788921 0.828303 0.765118 0.834189 0.753001 0.835228 0.745644 0.834535 0.743047 0.834535 0.740801 0.841148 0.740801 0.842152 0.742614 0.840421 0.761656 0.830034 0.78416 0.818609 0.797143 0.798183 0.814887 0.769101 0.831332 0.742096 0.851672 0.723746 0.867685 0.706436 0.897113 0.696049 0.923512 0.686702 0.960297 0.688086 1
3 25 0.83177 0.70533 0.836824 0.68152 0.836894 0.681682 0.841229 0.684638 0.842506 0.685117 0.841229 0.695969 0.839653 0.70533 0.838076 0.718632 0.841229 0.740801 0.833347 0.740801 0.83177 0.724544
2 25 0.846776 0.630104 0.848148 0.634106 0.850435 0.638109 0.855009 0.642111 0.864158 0.65126 0.86625 0.652441 0.865938 0.657324 0.864375 0.661816 0.862118 0.668381 0.858571 0.676263 0.853841 0.682175 0.849506 0.685131 0.84517 0.686116 0.841229 0.684638 0.836894 0.681682 0.834135 0.675278 0.832558 0.669366 0.832164 0.655572 0.835317 0.643748 0.843988 0.628475 0.844879 0.627733 0.846776 0.630104 0.846776 0.630104 0.844488 0.627245 0.848605 0.621527 0.854094 0.618096 0.857754 0.618096 0.862785 0.621527 0.864615 0.623814 0.866445 0.630104 0.866902 0.636393 0.866902 0.646686 0.866406 0.652344 0.864158 0.65126 0.855009 0.642111 0.850435 0.638109 0.848148 0.634106 0.846776 0.630104
0 25 0.853841 0.635865 0.854629 0.631431 0.856994 0.628968 0.859609 0.63125 0.859753 0.633895 0.859753 0.637836 0.857388 0.639314 0.855024 0.638821
4 31 0.625687 0.668967 0.631175 0.669701 0.632203 0.659391 0.630845 0.647508 0.62677 0.637322 0.616324 0.628665 0.605126 0.624728 0.594277 0.625603 0.587278 0.633477 0.580279 0.64485 0.57713 0.656661 0.57713 0.667597 0.582379 0.685094 0.588328 0.696468 0.601976 0.714402 0.617024 0.725776 0.634522 0.754209 0.665667 0.787454 0.671616 0.795328 0.677565 0.807577 0.680715 0.820262 0.680715 0.829011 0.679665 0.832948 0.674766 0.843884 0.657618 0.866193 0.650269 0.878879 0.649219 0.89069 0.652019 0.903813 0.657968 0.909937 0.668817 0.912562 0.678265 0.909937 0.686664 0.903375 0.698212 0.889377 0.718859 0.856132 0.725159 0.839072 0.725159 0.816325 0.725159 0.808014 0.726208 0.801452 0.727958 0.795766 0.728658 0.789642 0.729708 0.78133 0.729708 0.769957 0.726208 0.76427 0.718859 0.753334 0.689464 0.726213 0.681415 0.725338 0.681065 0.727088 0.683165 0.730588 0.71606 0.759021 0.719209 0.76427 0.720959 0.773456 0.720959 0.785267 0.720959 0.788329 0.718509 0.812388 0.71781 0.833823 0.706261 0.857882 0.692963 0.879754 0.681765 0.897689 0.675816 0.902938 0.667767 0.903375 0.659718 0.897251 0.656918 0.894189 0.655518 0.891127 0.655518 0.886315 0.657968 0.881503 0.663567 0.872755 0.670916 0.861381 0.683864 0.842572 0.685964 0.835573 0.687364 0.827699 0.687364 0.819387 0.686664 0.804952 0.684914 0.802765 0.667067 0.776081 0.638721 0.742398 0.612125 0.710028 0.598827 0.695593 0.589028 0.679407 0.586578 0.670659 0.585529 0.662785 0.585529 0.654474 0.586928 0.648787 0.590778 0.640913 0.593927 0.635664 0.597777 0.633914 0.603376 0.633477 0.611075 0.633914 0.616674 0.639163 0.621223 0.648349 0.624723 0.660598
3 31 0.613103 0.727122 0.615371 0.717403 0.617684 0.711621 0.61884 0.706802 0.621153 0.698611 0.622603 0.688183 0.625687 0.668967 0.631175 0.669701 0.623466 0.71933 0.620825 0.733633 0.620382 0.73234 0.617684 0.728967 0.613829 0.72704
2 31 0.584918 0.770406 0.586075 0.762696 0.589159 0.753541 0.592242 0.743904 0.597253 0.734267 0.605348 0.728485 0.609589 0.727522 0.613829 0.72704 0.617684 0.728967 0.620382 0.73234 0.621538 0.735713 0.621538 0.742941 0.620767 0.753059 0.615781 0.780566 0.61125 0.778906 0.608828 0.778223 0.604766 0.77793 0.593438 0.775684 0.588984 0.774512 0.583984 0.774219
1 31 0.583414 0.779921 0.583984 0.774316 0.589219 0.774707 0.592734 0.775293 0.604688 0.77793 0.609297 0.778418 0.611875 0.779199 0.613984 0.77959 0.615512 0.780478 0.614621 0.783822 0.608825 0.789952 0.604367 0.793296 0.599463 0.795525 0.594113 0.795525 0.589655 0.793853 0.586534 0.792181 0.583414 0.788837
0 31 0.590638 0.783038 0.592951 0.780147 0.598672 0.779102 0.604515 0.782074 0.604901 0.782074 0.605286 0.783519 0.603744 0.785447 0.601817 0.786892 0.59642 0.787374 0.591409 0.785929
