1 7 0.765164 0.780847 0.755259 0.782275 0.745735 0.786085 0.742307 0.790847 0.740783 0.796085 0.740021 0.803704 0.740547 0.813477 0.742344 0.817871 0.745078 0.820898 0.748783 0.821322 0.751484 0.820703 0.754297 0.820215 0.758516 0.819336 0.761016 0.816699 0.760469 0.811426 0.759219 0.805078 0.759687 0.79873 0.76 0.795605 0.760625 0.791504 0.762891 0.787012 0.763828 0.783398
2 7 0.748203 0.82373 0.745078 0.821191 0.750703 0.820996 0.75625 0.819824 0.758906 0.819238 0.761172 0.81709 0.760391 0.811426 0.759062 0.805078 0.759844 0.798047 0.760938 0.791406 0.763281 0.786328 0.763906 0.783008 0.765469 0.780859 0.769531 0.781543 0.7725 0.782227 0.780368 0.784197 0.784174 0.785896 0.786077 0.788274 0.789339 0.794051 0.791514 0.79643 0.795592 0.801527 0.805379 0.812402 0.806195 0.81546 0.806195 0.817499 0.803748 0.821577 0.800757 0.823616 0.796136 0.825315 0.781184 0.825315 0.77765 0.825655 0.772484 0.827354 0.764872 0.828373 0.760251 0.827694 0.754814 0.826334
3 7 0.80417 0.820873 0.806195 0.817499 0.806195 0.81546 0.806104 0.81512 0.806466 0.81512 0.846973 0.83483 0.843983 0.841966
4 7 0.844265 0.841292 0.84666 0.835576 0.848446 0.835576 0.905918 0.861542 1 0.90655 1 0.916937 0.904335 0.869152
0 7 0.755102 0.806131 0.751328 0.806934 0.749726 0.809911 0.750062 0.814532 0.752734 0.816699 0.756782 0.815792 0.75779 0.813271 0.75779 0.808651
4 14 0.807647 0.283759 0.809019 0.276898 0.81348 0.278384 0.837 0.293924 0.85548 0.313665 0.882024 0.340545 0.912937 0.377505 0.946873 0.416566 0.966361 0.438406 1 0.495946 1 0.508967 0.961657 0.447646 0.947209 0.430846 0.913945 0.389685 0.882024 0.352305 0.858102 0.325523 0.837213 0.305941 0.817304 0.28799 0.807839 0.28391
3 14 0.763035 0.272746 0.763772 0.26906 0.763064 0.263304 0.768564 0.263991 0.794736 0.270442 0.809113 0.276432 0.807638 0.283805 0.804689 0.282422 0.794736 0.278275 0.77778 0.274128 0.770776 0.273207 0.764509 0.272746
2 14 0.712483 0.266999 0.714543 0.262169 0.719268 0.256398 0.724167 0.251806 0.726208 0.246192 0.725625 0.246046 0.730769 0.247038 0.735663 0.247897 0.740213 0.249936 0.743867 0.252933 0.755294 0.256619 0.761192 0.261227 0.763035 0.26307 0.763772 0.26906 0.762666 0.274589 0.75898 0.278275 0.753451 0.281501 0.740918 0.287952 0.735757 0.288873 0.730738 0.288481 0.729474 0.286507 0.724575 0.281914 0.717548 0.275155 0.713942 0.271291
1 14 0.694773 0.264563 0.695998 0.256909 0.698855 0.253847 0.709878 0.245682 0.720084 0.244661 0.726208 0.246192 0.724167 0.251806 0.719268 0.256398 0.714457 0.262491 0.712483 0.267106 0.713856 0.271291 0.724575 0.281914 0.729474 0.286507 0.731107 0.289058 0.723759 0.290079 0.717227 0.288038 0.711103 0.286507 0.703754 0.282424 0.696814 0.273749
4 21 0.20813 0.029456 0.209474 0.023575 0.215858 0.017275 0.22325 0.013915 0.226946 0.013915 0.23501 0.015595 0.242738 0.020215 0.24677 0.024835 0.249794 0.029876 0.253154 0.036176 0.255842 0.039536 0.282723 0.058436 0.311955 0.081116 0.33379 0.099111 0.35398 0.113872 0.365027 0.126729 0.374932 0.143872 0.384456 0.169586 0.400075 0.201014 0.419122 0.256727 0.432074 0.284822 0.45455 0.324345 0.467883 0.345298 0.491883 0.371011 0.537837 0.415699 0.537873 0.415804 0.537772 0.415731 0.534738 0.420213 0.517899 0.408231 0.502215 0.39456 0.485524 0.377723 0.468677 0.358674 0.451053 0.337051 0.434081 0.309309 0.416783 0.273408 0.405687 0.24485 0.396548 0.212212 0.388389 0.197933 0.377944 0.175086 0.368403 0.149577 0.360003 0.134457 0.350931 0.122696 0.333795 0.111356 0.314979 0.096236 0.303219 0.085316 0.285747 0.071036 0.27197 0.060116 0.259538 0.052136 0.252146 0.047096 0.248114 0.042476 0.24173 0.031556 0.24005 0.028616 0.238034 0.024415 0.235682 0.022735 0.231314 0.021055 0.223922 0.021055 0.216866 0.028616 0.213506 0.031976 0.21317 0.036176 0.215858 0.042056 0.219218 0.047516 0.222578 0.052136 0.242066 0.060116 0.255506 0.064316 0.259202 0.065996 0.259538 0.068096 0.256178 0.068096 0.25013 0.068516 0.243074 0.068096 0.235682 0.065996 0.224258 0.059696 0.21653 0.054656 0.21149 0.049616 0.209474 0.044996 0.208466 0.036176
3 21 0.534466 0.420615 0.537772 0.415731 0.554602 0.427753 0.574273 0.441511 0.572034 0.444659 0.570963 0.449346 0.566925 0.444659 0.543181 0.427753
2 21 0.570832 0.449919 0.572034 0.444659 0.574438 0.441278 0.577143 0.439399 0.583455 0.439399 0.590668 0.440902 0.596378 0.442781 0.59728 0.443156 0.605996 0.449543 0.610547 0.453418 0.616563 0.457031 0.611875 0.462305 0.605781 0.471289 0.598359 0.48125 0.592344 0.489844 0.586484 0.486914 0.58105 0.479973 0.574739 0.470205 0.570832 0.458559
1 21 0.594297 0.487305 0.595781 0.485449 0.598359 0.481641 0.603594 0.474316 0.609063 0.466602 0.611797 0.462305 0.616685 0.456941 0.618972 0.462087 0.621259 0.468377 0.622174 0.476953 0.622632 0.480956 0.619887 0.487817 0.614855 0.494107 0.607079 0.496966 0.597016 0.492392 0.5925 0.490039
0 21 0.613076 0.480324 0.616993 0.48318 0.616993 0.486444 0.614708 0.488891 0.611118 0.490931 0.607528 0.490115 0.606549 0.487667 0.606549 0.484404 0.60916 0.481956 0.613076 0.480324 0.614922 0.476074 0.616641 0.476074 0.617344 0.472656 0.615938 0.468262 0.613906 0.466309 0.612578 0.466309 0.611797 0.467285 0.611953 0.471973 0.612969 0.475488 0.614922 0.476074
4 27 0.372908 0.637824 0.370729 0.636505 0.368149 0.636505 0.3652 0.635583 0.366306 0.632819 0.371389 0.628543 0.406149 0.600491 0.428971 0.579829 0.431183 0.576604 0.44003 0.578908 0.444085 0.582594 0.446665 0.590427 0.446665 0.599182 0.445559 0.608858 0.435238 0.632819 0.420124 0.654475 0.409803 0.661847 0.400956 0.665994 0.391003 0.665994 0.374784 0.660465 0.353404 0.640652 0.337401 0.622034 0.34212 0.617118 0.342714 0.617613 0.358934 0.632819 0.368886 0.646642 0.380314 0.652171 0.391003 0.656318 0.396164 0.656318 0.406854 0.652632 0.412752 0.647103 0.41796 0.642253 0.429941 0.622849 0.438187 0.604251 0.439293 0.595957 0.438555 0.591349 0.436712 0.588584 0.433763 0.58628 0.430814 0.587202 0.417913 0.597339 0.405136 0.611459 0.372908 0.637824 0.373076 0.638457 0.367508 0.651534 0.371895 0.658283 0.380332 0.657861 0.390962 0.648581 0.399568 0.637402 0.41003 0.623481 0.416104 0.613779 0.422685 0.604499 0.425722 0.590156 0.429941 0.563369 0.429097 0.552401 0.423191 0.547128 0.41661 0.5408 0.407161 0.538269 0.399399 0.539957 0.390962 0.548183 0.380838 0.56822 0.372908 0.591632 0.369364 0.617787 0.367508 0.636137 0.361434 0.633395 0.361771 0.612303 0.368183 0.578133 0.384382 0.54523 0.396868 0.530465 0.410536 0.529833 0.426566 0.540379 0.435678 0.551768 0.434496 0.571173 0.430784 0.593531 0.42201 0.620318 0.404124 0.644152 0.395518 0.657018 0.38725 0.666087 0.377632 0.66904 0.366327 0.665455 0.358903 0.658072 0.360252 0.642675 0.364808 0.634871 0.373076 0.638457
3 27 0.30362 0.58221 0.305564 0.58221 0.309491 0.580425 0.310205 0.578193 0.31022 0.577935 0.342695 0.616519 0.33682 0.622639 0.332904 0.618559 0.318543 0.601832 0.305162 0.583473
2 27 0.274869 0.550476 0.279599 0.546535 0.287481 0.542101 0.296152 0.535696 0.296059 0.535465 0.296994 0.535792 0.305206 0.547396 0.308063 0.555877 0.310205 0.563911 0.310562 0.571945 0.310205 0.578193 0.309491 0.580425 0.305564 0.58221 0.29628 0.58221 0.293066 0.580871 0.287353 0.577301 0.282354 0.573284 0.276641 0.56525 0.269143 0.553199
1 27 0.261075 0.531755 0.263439 0.52535 0.269745 0.520916 0.276051 0.519931 0.28551 0.520424 0.290469 0.525098 0.294575 0.531755 0.296484 0.535449 0.287481 0.542101 0.279599 0.546535 0.274869 0.550476 0.269219 0.55332 0.267381 0.550476 0.262651 0.544564 0.261075 0.539637
0 27 0.274003 0.535888 0.275579 0.533424 0.28 0.532324 0.284644 0.533424 0.285827 0.53441 0.285827 0.537858 0.281885 0.540321 0.278338 0.540321 0.275973 0.539829
4 35 0.109548 0.566468 0.114395 0.561275 0.102278 0.555216 0.091199 0.546128 0.08012 0.53704 0.073888 0.529683 0.073542 0.528385 0.068349 0.522759 0.064886 0.515834 0.056924 0.501553 0.053115 0.485973 0.048961 0.456545 0.045152 0.434041 0.046537 0.412835 0.052769 0.397689 0.060732 0.344458 0.081505 0.272618 0.092958 0.203525 0.093434 0.160634 0.093434 0.145146 0.089622 0.124892 0.082473 0.108808 0.074848 0.095702 0.073895 0.102851 0.080567 0.118935 0.086762 0.137997 0.088192 0.156464 0.086286 0.186249 0.082473 0.227948 0.072942 0.272626 0.05102 0.336366 0.045301 0.383427 0.039583 0.401894 0.036723 0.417978 0.036247 0.430488 0.038153 0.440615 0.043872 0.482314 0.05245 0.512099 0.063887 0.537714 0.081044 0.553798 0.096294 0.562138 0.109548 0.566468 0.109548 0.566468 0.114395 0.561275 0.12132 0.566468 0.127205 0.57772 0.128244 0.583346 0.12859 0.588539 0.127551 0.595031 0.124435 0.601955 0.120627 0.607149 0.116126 0.611043 0.10574 0.610178 0.097777 0.604119 0.089814 0.589405 0.084621 0.567767 0.082543 0.544397 0.084908 0.529323 0.091384 0.533132 0.089468 0.546561 0.089468 0.558678 0.091545 0.56993 0.1002 0.595897 0.101585 0.597628 0.104355 0.600224 0.109894 0.601523 0.113703 0.601523 0.118204 0.599791 0.120627 0.59806 0.122012 0.595031 0.122012 0.590703 0.120973 0.583346 0.117165 0.575124 0.109548 0.566468
3 35 0.084908 0.529323 0.089098 0.514085 0.09367 0.505513 0.101669 0.494561 0.11386 0.481704 0.114458 0.480208 0.115764 0.482657 0.118431 0.485038 0.118533 0.485085 0.115003 0.491704 0.106241 0.504085 0.099003 0.510275 0.091384 0.533132
2 35 0.110812 0.468847 0.112336 0.455514 0.11805 0.440276 0.119375 0.436523 0.126406 0.438281 0.131562 0.441406 0.138594 0.443164 0.146719 0.445215 0.153516 0.448926 0.155625 0.447949 0.149375 0.460547 0.140145 0.476942 0.13405 0.481704 0.129098 0.485514 0.121479 0.486466 0.118431 0.485038 0.115764 0.482657 0.112717 0.476942
1 35 0.119531 0.436328 0.126843 0.423573 0.135416 0.416938 0.141948 0.414897 0.148889 0.414897 0.155829 0.417959 0.159095 0.423573 0.160728 0.433779 0.155829 0.447557 0.153828 0.448437 0.150703 0.446875 0.146719 0.44541 0.138359 0.443359 0.131797 0.441016 0.126641 0.438574
0 35 0.13405 0.437895 0.135193 0.432657 0.137859 0.430753 0.140907 0.431229 0.143193 0.435991 0.143193 0.436943 0.141288 0.440276 0.139002 0.440752 0.135955 0.440276
0 14 0.71 0.27373 0.714629 0.273545 0.719008 0.276657 0.722098 0.280842 0.720703 0.28291 0.719093 0.284169 0.716562 0.284473 0.713084 0.284169 0.70965 0.280842 0.707847 0.278589 0.707847 0.276979 0.707503 0.275262 0.71 0.27373 0.707109 0.261914 0.712734 0.258105 0.716797 0.255078 0.717031 0.250293 0.713359 0.249609 0.707969 0.251953 0.705469 0.254688 0.702734 0.258398 0.703203 0.261523 0.707109 0.261914
