3 5 0.968426 0.300332 1 0.279402 1 0.287071 0.970738 0.309173 0.970807 0.30831 0.970807 0.303 0.968919 0.30064
2 5 0.925469 0.305176 0.929178 0.303193 0.929274 0.303 0.947209 0.29946 0.956648 0.29651 0.961368 0.29651 0.964199 0.29769 0.968919 0.30064 0.970807 0.303 0.970807 0.30831 0.970335 0.314209 0.965615 0.327188 0.95948 0.333678 0.9524 0.338987 0.947209 0.341347 0.936641 0.344238 0.933281 0.344531 0.930547 0.332422 0.927969 0.31582 0.92625 0.30918
1 5 0.925498 0.30477 0.918891 0.310079 0.916059 0.317159 0.915115 0.325418 0.915587 0.331318 0.919363 0.338397 0.926442 0.344887 0.93305 0.344887 0.931641 0.339453 0.930156 0.329492 0.928047 0.315039 0.925938 0.309082
0 5 0.923064 0.317354 0.919288 0.319714 0.918816 0.323253 0.924007 0.326793 0.927783 0.325613 0.928255 0.323843 0.928255 0.320304 0.926172 0.317383
4 11 0.449297 0 0.455905 0 0.459209 0.039424 0.459681 0.056533 0.462984 0.069512 0.466288 0.08485 0.478087 0.117298 0.489886 0.146796 0.509237 0.198122 0.521618 0.226407 0.516592 0.231433 0.500431 0.198422 0.480342 0.14217 0.461096 0.09488 0.453073 0.062432 0.452601 0.035294
3 11 0.516301 0.231723 0.522812 0.225213 0.531059 0.244203 0.540609 0.25831 0.555465 0.275951 0.550263 0.279953 0.549949 0.284658 0.540175 0.273502 0.52368 0.245288
2 11 0.588964 0.30886 0.587076 0.3124 0.5833 0.31948 0.577165 0.327149 0.574609 0.330273 0.571973 0.328919 0.566782 0.326559 0.56395 0.323019 0.56159 0.31948 0.552623 0.299421 0.549791 0.287032 0.550263 0.279953 0.556398 0.275233 0.563478 0.271693 0.56867 0.272873 0.577165 0.277593 0.586132 0.287032 0.589908 0.295291 0.593359 0.30166 0.591324 0.304141 0.588964 0.30886 0.588964 0.30886 0.591562 0.304395 0.593594 0.301758 0.594609 0.307227 0.594628 0.31417 0.593684 0.322429 0.590852 0.328329 0.587548 0.329509 0.58179 0.330392 0.576221 0.330099 0.575 0.330371 0.577165 0.327149 0.5833 0.31948 0.587076 0.3124 0.588964 0.30886
4 17 0.433389 0.935277 0.434136 0.929203 0.435258 0.923128 0.456564 0.899299 0.470021 0.876403 0.476002 0.859582 0.499551 0.782954 0.515089 0.720065 0.516444 0.703979 0.518476 0.678155 0.521863 0.653178 0.535748 0.592641 0.535796 0.592551 0.535748 0.593065 0.541738 0.594174 0.529829 0.659132 0.520858 0.722211 0.505906 0.78529 0.486468 0.849303 0.477871 0.876871 0.46404 0.900233 0.446472 0.923596 0.441238 0.929203 0.440117 0.933875 0.440117 0.940417 0.440491 0.949762 0.449462 1 0.440117 0.997888 0.433389 0.946491
3 17 0.535748 0.593065 0.540828 0.538878 0.541675 0.527491 0.545963 0.528777 0.54994 0.527712 0.544892 0.594758
2 17 0.522039 0.496537 0.522413 0.490463 0.522974 0.489361 0.524879 0.489361 0.529526 0.487909 0.535333 0.484521 0.548498 0.484521 0.560858 0.486862 0.562734 0.487598 0.562036 0.493734 0.561288 0.508218 0.558672 0.518031 0.554934 0.523638 0.551196 0.527376 0.545963 0.528777 0.536618 0.525974 0.529515 0.518031 0.525404 0.511022 0.523535 0.504013
1 17 0.522943 0.489361 0.524844 0.472363 0.526563 0.46377 0.53 0.458789 0.534559 0.45403 0.539592 0.451126 0.543852 0.45161 0.549063 0.45332 0.554375 0.457227 0.558565 0.463226 0.561662 0.469518 0.562891 0.477148 0.562891 0.4875 0.561275 0.486941 0.548498 0.484521 0.535333 0.484521 0.529526 0.487909 0.524879 0.489361
4 25 0.325666 0.276703 0.327681 0.267255 0.331712 0.261587 0.33927 0.257808 0.344309 0.256548 0.352371 0.258438 0.355898 0.260957 0.359929 0.266625 0.360937 0.282371 0.360937 0.293708 0.358417 0.308824 0.355394 0.315752 0.353882 0.315752 0.352875 0.308824 0.352875 0.280482 0.351867 0.273554 0.349851 0.268515 0.346828 0.265996 0.341286 0.266625 0.334735 0.269775 0.331208 0.277333 0.331208 0.292449 0.334735 0.302526 0.340278 0.313863 0.347836 0.32394 0.354386 0.331498 0.359929 0.336537 0.363456 0.343465 0.366479 0.354172 0.369502 0.371178 0.373533 0.425973 0.37051 0.555719 0.370006 0.66342 0.362952 0.744669 0.353379 0.818989 0.351935 0.823648 0.347908 0.824832 0.347802 0.824437 0.347802 0.819186 0.349741 0.80828 0.352326 0.790508 0.353942 0.747289 0.357173 0.731132 0.36316 0.661688 0.363029 0.547241 0.367449 0.431754 0.36396 0.368658 0.361944 0.355432 0.356402 0.343465 0.34834 0.334647 0.33927 0.32331 0.327177 0.305045 0.325666 0.289299
3 25 0.346534 0.835774 0.347221 0.825034 0.353064 0.823316 0.352377 0.835345 0.354095 0.841359 0.362709 0.885623 0.362687 0.885608 0.359594 0.884748 0.357188 0.885178 0.356598 0.887638 0.356157 0.886896 0.353408 0.876156 0.351002 0.863698 0.346534 0.848233
2 25 0.354439 0.916538 0.355126 0.89377 0.357188 0.885178 0.359594 0.884748 0.362687 0.885608 0.367498 0.889044 0.373341 0.895059 0.385713 0.916968 0.388359 0.924316 0.390781 0.929785 0.385469 0.937793 0.382422 0.941797 0.379531 0.944727 0.374453 0.944043 0.366016 0.941113 0.361641 0.940625 0.357578 0.941309 0.356844 0.93673
1 25 0.357642 0.94136 0.361328 0.941113 0.366797 0.941113 0.374766 0.944238 0.379531 0.944727 0.382188 0.942285 0.385469 0.938379 0.388437 0.933789 0.390937 0.929688 0.394711 0.937231 0.396179 0.945489 0.395078 0.954205 0.393609 0.961545 0.391407 0.965674 0.386636 0.969803 0.381131 0.97118 0.37636 0.970262 0.368286 0.963839 0.361679 0.954205
0 25 0.381193 0.954747 0.382835 0.956411 0.381804 0.960277 0.378024 0.961996 0.374587 0.961136 0.374243 0.95684 0.378024 0.953404 0.381193 0.954747 0.382492 0.951493 0.385928 0.954071 0.388334 0.954071 0.389365 0.951063 0.389021 0.946767 0.388334 0.945049 0.38421 0.94419 0.381804 0.948056 0.373264 0.948455 0.371546 0.951033 0.368453 0.951462 0.364672 0.949314 0.362954 0.946737 0.363641 0.9433 0.371546 0.944589 0.372921 0.945877 0.373264 0.948455 0.381804 0.948056 0.382492 0.951493
1 37 0.217595 0.497929 0.222741 0.487538 0.233428 0.481106 0.240949 0.481106 0.246491 0.48358 0.248866 0.486548 0.252032 0.494465 0.253516 0.50293 0.251241 0.501887 0.227491 0.498423
2 37 0.214428 0.505845 0.214824 0.501887 0.216408 0.498423 0.217595 0.497929 0.227491 0.498423 0.251241 0.501887 0.251366 0.501627 0.253359 0.502832 0.254803 0.515246 0.254803 0.523658 0.253616 0.531079 0.251637 0.538007 0.247282 0.54246 0.242532 0.543944 0.236199 0.543449 0.227491 0.536522 0.21997 0.523163 0.215616 0.513267
3 37 0.218783 0.592433 0.223928 0.58897 0.230262 0.577095 0.235803 0.556809 0.235803 0.543134 0.236199 0.543449 0.242532 0.543944 0.245975 0.542868 0.246095 0.546913 0.242137 0.573137 0.235012 0.589465 0.225512 0.598866
4 37 0 0.587736 0.065525 0.593899 0.107158 0.602329 0.147137 0.61272 0.173262 0.617173 0.18672 0.613214 0.202554 0.603319 0.219544 0.593161 0.224768 0.598155 0.206456 0.613415 0.18509 0.623687 0.160438 0.625742 0.146057 0.622147 0.107846 0.612388 0.065936 0.60263 0 0.598521
1 31 0.276052 0.789645 0.283428 0.774431 0.28896 0.771204 0.296337 0.770282 0.3015 0.773048 0.304082 0.777658 0.304451 0.786879 0.303344 0.793333 0.302109 0.798047 0.297812 0.794255 0.290436 0.791028 0.279002 0.791028
2 31 0.260561 0.830676 0.263143 0.822378 0.2672 0.811774 0.269044 0.803015 0.275683 0.791028 0.276763 0.789978 0.279002 0.791028 0.290436 0.791028 0.297812 0.794255 0.299656 0.796272 0.302344 0.797559 0.299453 0.803906 0.296706 0.813157 0.287854 0.835748 0.276789 0.849579 0.272363 0.851884 0.268306 0.851884 0.264618 0.849579 0.262405 0.843585 0.260561 0.835287
3 31 0.23917 0.912278 0.243595 0.901214 0.264026 0.847974 0.264618 0.849579 0.268306 0.851884 0.271676 0.851884 0.243964 0.915966
4 31 0.190116 1 0.239427 0.912476 0.243346 0.91549 0.196017 1
0 17 0.549922 0.469727 0.548516 0.471973 0.549141 0.47666 0.551328 0.47998 0.554063 0.479102 0.555547 0.476465 0.554219 0.472168 0.552422 0.470215
0 37 0.239141 0.493262 0.237656 0.496094 0.238672 0.498926 0.239844 0.499609 0.242031 0.499512 0.243594 0.499219 0.244062 0.496875 0.243672 0.494336 0.242656 0.493359 0.241328 0.492969 0.239922 0.492773
