4 7 0.838397 0.371907 0.835436 0.358335 0.858138 0.352166 0.897239 0.328104 0.918045 0.305886 0.930684 0.288627 0.94845 0.255315 0.965719 0.233376 0.999219 0.201513 1 0.213951 0.972332 0.238888 0.961998 0.253355 0.952905 0.267306 0.933078 0.301525 0.907553 0.330717 0.878225 0.35312 0.859217 0.363982
3 7 0.785098 0.39905 0.780657 0.386712 0.792501 0.375608 0.81915 0.363887 0.835436 0.358335 0.838397 0.371907 0.813228 0.380543
2 7 0.7358 0.395935 0.74788 0.428197 0.750921 0.434823 0.7577 0.430587 0.77128 0.421258 0.782137 0.407686 0.785098 0.39905 0.780657 0.386712 0.769306 0.379309 0.752033 0.378076 0.737886 0.382356 0.731629 0.384637
1 7 0.731803 0.384529 0.726487 0.387656 0.716123 0.395058 0.711681 0.404929 0.711188 0.413565 0.711681 0.424052 0.71711 0.435156 0.721323 0.438422 0.729205 0.44016 0.737837 0.440091 0.750669 0.434539 0.747793 0.428306 0.7358 0.395935
4 13 0.909024 0.170797 0.910653 0.157219 0.922316 0.163622 0.954101 0.172154 1 0.172154 0.999219 0.181706 0.961704 0.182337 0.933463 0.176906
3 13 0.857356 0.153367 0.859602 0.151788 0.86992 0.146357 0.884149 0.150532 0.910653 0.157219 0.908675 0.170511 0.888386 0.165366 0.872636 0.159935 0.861872 0.168905 0.861231 0.161292
2 13 0.831908 0.197018 0.849826 0.18709 0.862317 0.174191 0.861231 0.161292 0.855257 0.149073 0.844938 0.146357 0.833533 0.146357 0.81145 0.161067
1 13 0.805715 0.164731 0.800076 0.171552 0.796971 0.17852 0.796971 0.187569 0.799557 0.199204 0.804922 0.204004 0.812969 0.206055 0.826447 0.201144 0.831727 0.196904 0.81145 0.161067
4 21 0.454994 0.363596 0.465856 0.357486 0.489209 0.40365 0.533743 0.48172 0.572303 0.530599 0.600544 0.5659 0.654311 0.610027 0.707534 0.639218 0.758748 0.653533 0.803062 0.655573 0.837563 0.645593 0.861513 0.645415 0.879334 0.653791 0.888743 0.660741 0.892592 0.664839 0.895446 0.678593 0.88567 0.684703 0.865505 0.68658 0.851455 0.693528 0.844395 0.685381 0.857429 0.678593 0.877481 0.675354 0.883183 0.67375 0.882328 0.667513 0.867205 0.658905 0.851998 0.654153 0.839416 0.656286 0.827242 0.660941 0.799677 0.667223 0.758586 0.663658 0.697215 0.648722 0.643992 0.618173 0.575102 0.558932 0.536218 0.507467 0.495082 0.443976 0.466455 0.390958
3 21 0.427998 0.312331 0.431641 0.312681 0.439244 0.303177 0.43935 0.302473 0.465856 0.357486 0.454994 0.363596
2 21 0.396793 0.288916 0.431427 0.254124 0.437615 0.267196 0.44033 0.280095 0.440873 0.292315 0.439244 0.303177 0.431641 0.312681 0.41752 0.311323 0.408288 0.302498
1 21 0.407201 0.230537 0.397426 0.229858 0.390365 0.232574 0.385478 0.239363 0.382762 0.251582 0.383305 0.265839 0.389279 0.278058 0.392602 0.283381 0.396951 0.288916 0.431269 0.254321 0.426753 0.246151 0.41752 0.235968 0.413175 0.232574
4 28 0.144918 0.469641 0.158862 0.470073 0.153877 0.447834 0.14705 0.42768 0.132886 0.413259 0.114194 0.40395 0.0879089 0.401577 0.0602022 0.407093 0.000995223 0.431367 0 0.444736 0.064014 0.417566 0.100844 0.414548 0.123183 0.422095 0.134051 0.433415 0.140088 0.443226
3 28 0.143512 0.560856 0.130428 0.554922 0.137673 0.533036 0.144315 0.495301 0.144918 0.469641 0.159205 0.46993 0.155769 0.51031 0.149812 0.544246
2 28 0.110025 0.594418 0.131055 0.60445 0.152694 0.61334 0.15639 0.594167 0.152767 0.574545 0.143626 0.559854 0.130428 0.554922 0.118957 0.56096 0.106774 0.57321 0.0998659 0.584386
1 28 0.100209 0.584421 0.096055 0.595556 0.095752 0.613018 0.098342 0.621086 0.0996627 0.624515 0.108666 0.636247 0.124298 0.639645 0.13714 0.635772 0.147408 0.626051 0.152796 0.614102 0.131563 0.604958 0.11033 0.594545
3 36 0.501235 0.795685 0.494423 0.784769 0.470789 0.803005 0.447898 0.821796 0.455863 0.831611 0.485037 0.805562
2 36 0.502617 0.752104 0.507259 0.744573 0.514864 0.752104 0.521087 0.759141 0.529877 0.768277 0.541235 0.782722 0.54726 0.797043 0.537186 0.801858 0.530811 0.805135 0.51669 0.805135 0.501333 0.795808 0.494423 0.784769 0.494966 0.768476 0.499311 0.756936
1 36 0.536785 0.727744 0.526466 0.73046 0.51669 0.734533 0.506914 0.744037 0.514568 0.751486 0.520791 0.758647 0.529482 0.76803 0.541532 0.782845 0.547647 0.796989 0.556248 0.786919 0.561186 0.776549 0.562964 0.770252 0.563656 0.759758 0.562964 0.749511 0.557927 0.74161 0.552534 0.735212 0.544931 0.729781
0 36 0.528342 0.759281 0.531601 0.75385 0.527799 0.745703 0.522368 0.738915 0.51748 0.738915 0.515308 0.745703 0.518566 0.75385 0.52454 0.75996 0.528342 0.759281 0.548072 0.776626 0.545569 0.780978 0.545896 0.783698 0.54916 0.782882 0.551562 0.781152 0.552642 0.77921 0.551562 0.776563 0.54916 0.77649 0.548072 0.776626
4 36 0.455863 0.831611 0.448125 0.822223 0.427833 0.839471 0.399805 0.858935 0.366091 0.876198 0.351603 0.883984 0.319003 0.896783 0.28248 0.915753 0.254917 0.936158 0.236965 0.960698 0.227762 0.976211 0.218157 0.982938 0.185554 0.989731 0.157177 1 0.193403 1 0.232043 0.993504 0.246848 0.96759 0.259816 0.948977 0.286382 0.927845 0.357626 0.893883 0.408342 0.862941
0 7 0.730065 0.432868 0.728674 0.435801 0.729804 0.437865 0.731194 0.438408 0.73328 0.43743 0.73328 0.434498 0.731629 0.432651
