4 7 0.304708 0.107502 0.305068 0.094871 0.306512 0.070512 0.306873 0.050663 0.309399 0.028107 0.312286 0.003748 0.313008 0 0.320947 0 0.316978 0.025852 0.315173 0.042543 0.31373 0.059234 0.313369 0.085398 0.313071 0.108837 0.305155 0.107894
3 7 0.304318 0.1164 0.304721 0.107843 0.313177 0.108849 0.31358 0.126467 0.31358 0.144587 0.315191 0.163211 0.317607 0.179822 0.31773 0.180591 0.315518 0.179275 0.312266 0.179275 0.311754 0.179434 0.308748 0.167741 0.305124 0.146097
2 7 0.286034 0.241327 0.288107 0.231251 0.291823 0.219927 0.295076 0.210054 0.300419 0.193503 0.304368 0.186243 0.308549 0.180436 0.312266 0.179275 0.315518 0.179275 0.320396 0.182178 0.322255 0.185953 0.322255 0.193793 0.322487 0.206279 0.322487 0.228057 0.321093 0.237349 0.319699 0.244318 0.318516 0.248828 0.317422 0.252148 0.314454 0.249397 0.31072 0.245351 0.306239 0.240995 0.301012 0.238195 0.290806 0.238195 0.287819 0.238817
1 7 0.283338 0.254686 0.284334 0.24753 0.285827 0.241618 0.287819 0.238817 0.290806 0.238195 0.301012 0.238195 0.306239 0.240995 0.31072 0.245351 0.314454 0.249397 0.317344 0.252344 0.315101 0.260598 0.313458 0.266199 0.311716 0.269933 0.308231 0.273667 0.30375 0.276156 0.299269 0.276468 0.29454 0.276156 0.289312 0.272423 0.285329 0.26651 0.283587 0.260287
0 7 0.301768 0.256976 0.304181 0.257311 0.306594 0.259657 0.307935 0.261333 0.307667 0.264014 0.305522 0.267366 0.303109 0.267701 0.300695 0.26703 0.298819 0.26502 0.298819 0.261333 0.299891 0.258316 0.301768 0.256976 0.300406 0.249965 0.302797 0.249591 0.30459 0.247723 0.305487 0.245856 0.305487 0.243241 0.303395 0.240252 0.299809 0.239131 0.297717 0.240999 0.296222 0.243241 0.295924 0.246603 0.297119 0.248844 0.300406 0.249965
1 14 0.169844 0.314453 0.174516 0.304403 0.177832 0.296752 0.181657 0.293883 0.189052 0.291971 0.191857 0.291971 0.197213 0.294202 0.197978 0.294202 0.200018 0.296433 0.202313 0.304403 0.202313 0.316835 0.201803 0.321297 0.200391 0.328125 0.198488 0.326716 0.194918 0.327035 0.189562 0.327035 0.184717 0.326079 0.179872 0.324166 0.176301 0.321297 0.173241 0.317472
2 14 0.158304 0.347664 0.159798 0.338951 0.16403 0.328994 0.167813 0.318457 0.169766 0.314551 0.173241 0.317472 0.176301 0.321297 0.179872 0.324166 0.184717 0.326079 0.189562 0.327035 0.194918 0.327035 0.198488 0.326716 0.200391 0.328223 0.199687 0.331445 0.198382 0.335217 0.197137 0.339574 0.194648 0.345797 0.192408 0.35202 0.188923 0.358243 0.182699 0.363844 0.175729 0.369134 0.168759 0.368201 0.162536 0.364155 0.1593 0.357932
3 14 0.155555 0.432937 0.156393 0.419493 0.157785 0.407919 0.160807 0.388079 0.16332 0.372896 0.163738 0.365043 0.163717 0.364923 0.168759 0.368201 0.175729 0.369134 0.176345 0.368667 0.175885 0.37499 0.172251 0.38965 0.167598 0.41321 0.164157 0.434676
4 14 0.07138 0.606113 0.071856 0.590041 0.076142 0.569802 0.082333 0.548372 0.091381 0.524561 0.102334 0.506108 0.123396 0.480618 0.137 0.461433 0.150255 0.443557 0.155487 0.43222 0.155617 0.43195 0.155555 0.432937 0.163975 0.43464 0.163258 0.438225 0.161076 0.445316 0.158022 0.451861 0.153222 0.458952 0.145367 0.46877 0.12504 0.495225 0.100357 0.531478 0.08925 0.554618 0.080611 0.583157 0.079377 0.609382 0.083079 0.629437 0.091718 0.659519 0.104059 0.688058 0.117406 0.71078 0.137737 0.726357 0.156757 0.738654 0.185615 0.751771 0.202668 0.760789 0.206603 0.767348 0.205947 0.770627 0.195453 0.768988 0.172498 0.761609 0.134458 0.737834 0.111503 0.720618 0.095762 0.700122 0.086619 0.674569 0.077094 0.649567 0.07138 0.623376
0 14 0.177881 0.348471 0.179411 0.351659 0.179156 0.353571 0.177626 0.356759 0.175585 0.358034 0.1738 0.357078 0.173035 0.354209 0.175585 0.34879 0.177881 0.348471 0.186259 0.324148 0.184167 0.322841 0.184167 0.318593 0.185736 0.314345 0.18835 0.310751 0.190703 0.310751 0.191487 0.313692 0.191225 0.31794 0.190441 0.32088 0.188611 0.323168 0.186259 0.324148
4 20 0.351023 1 0.405324 0.940833 0.457775 0.880669 0.509693 0.814475 0.54511 0.771024 0.585236 0.707049 0.598221 0.678253 0.612462 0.647887 0.624189 0.613332 0.634661 0.580347 0.643038 0.54841 0.650711 0.523123 0.655516 0.501571 0.660038 0.484611 0.663148 0.467652 0.665409 0.44398 0.666255 0.442394 0.666223 0.442684 0.673362 0.443041 0.669429 0.468072 0.664376 0.496041 0.652285 0.542495 0.644061 0.572868 0.632472 0.607914 0.619389 0.646697 0.608406 0.676573 0.592122 0.710013 0.574288 0.742 0.556453 0.767686 0.534741 0.797249 0.507757 0.833617 0.466414 0.886068 0.410878 0.945461 0.364598 1
3 20 0.666223 0.442684 0.667086 0.434848 0.671326 0.407289 0.6738 0.390111 0.677195 0.392344 0.682635 0.393042 0.679671 0.410558 0.676384 0.425874 0.673694 0.443058
2 20 0.665605 0.368484 0.666514 0.361667 0.667878 0.356554 0.671968 0.345476 0.676286 0.336671 0.680603 0.329285 0.68119 0.32843 0.681604 0.331792 0.683605 0.334016 0.687608 0.337352 0.693391 0.341244 0.698283 0.343746 0.702064 0.344024 0.706067 0.34319 0.708291 0.340688 0.709156 0.335553 0.709462 0.335818 0.710144 0.339511 0.710599 0.346896 0.708553 0.359678 0.706736 0.369052 0.703781 0.376153 0.701055 0.38155 0.696737 0.385811 0.693101 0.389503 0.686057 0.39348 0.677195 0.392344 0.672877 0.389503 0.669241 0.384675 0.666969 0.378142
1 20 0.681159 0.328178 0.682493 0.325676 0.684717 0.322062 0.688498 0.319004 0.694502 0.315947 0.699618 0.315391 0.702064 0.317336 0.70451 0.321228 0.706734 0.325398 0.708513 0.32929 0.70918 0.335406 0.708291 0.340688 0.706067 0.34319 0.702064 0.344024 0.698283 0.343746 0.693391 0.341244 0.687608 0.337352 0.683605 0.334016 0.681604 0.331792
0 20 0.691291 0.335733 0.691755 0.331958 0.692685 0.330216 0.695008 0.329635 0.698027 0.329925 0.699654 0.331958 0.699654 0.335152 0.698492 0.338346 0.69524 0.338927 0.693149 0.338636
1 26 0.793712 0.855063 0.794685 0.847463 0.797604 0.839559 0.800765 0.835 0.805872 0.830744 0.810979 0.828312 0.81625 0.825781 0.81625 0.830078 0.815703 0.833008 0.815234 0.835645 0.814609 0.839063 0.814531 0.843945 0.815078 0.849219 0.81625 0.855078 0.817656 0.861035 0.819922 0.866309 0.821484 0.872852 0.817545 0.874214 0.812438 0.876038 0.808547 0.876038 0.801251 0.873302 0.797117 0.869046 0.794199 0.861751
2 26 0.815156 0.836133 0.815703 0.83418 0.81625 0.830176 0.816328 0.825781 0.818115 0.825434 0.828677 0.822377 0.841178 0.822377 0.845042 0.822945 0.851179 0.82465 0.855952 0.82806 0.858452 0.831469 0.859816 0.835162 0.860043 0.839992 0.858907 0.846811 0.856179 0.853346 0.849815 0.860165 0.843224 0.863858 0.837087 0.866984 0.830547 0.869922 0.821562 0.872559 0.820391 0.868066 0.820156 0.866406 0.817734 0.860547 0.816328 0.855469 0.814844 0.849609 0.814609 0.844531 0.814609 0.839551
3 26 0.858982 0.832904 0.863453 0.831185 0.871863 0.826923 0.888001 0.820672 0.890046 0.819252 0.89141 0.825218 0.880954 0.831469 0.859909 0.840796 0.860043 0.839992 0.859816 0.835162
0 26 0.802519 0.84995 0.803515 0.847148 0.805756 0.84497 0.807748 0.84497 0.809688 0.84707 0.810312 0.850195 0.810736 0.852751 0.807748 0.855863 0.805009 0.855863 0.803281 0.853516
4 26 0.890093 0.819455 0.890292 0.819262 0.907509 0.811063 0.926366 0.801583 0.942558 0.794154 0.964004 0.781971 0.980164 0.770386 0.99062 0.761771 1 0.753453 1 0.76088 0.988482 0.770386 0.978025 0.779001 0.968757 0.78613 0.955923 0.793854 0.94214 0.801577 0.930732 0.80633 0.916949 0.814054 0.898412 0.821778 0.891365 0.825023
