4 8 0.43377 0.136078 0.443449 0.143316 0.473912 0.11254 0.506462 0.085415 0.534421 0.067158 0.560712 0.055682 0.584498 0.05203 0.600356 0.064549 0.624142 0.088544 0.663533 0.152511 0.684754 0.177804 0.716339 0.217901 0.751872 0.258616 0.780989 0.28946 0.790365 0.293779 0.801716 0.293162 0.800729 0.28761 0.781976 0.277123 0.757794 0.250596 0.717326 0.198778 0.671429 0.140174 0.644053 0.097639 0.61511 0.063722 0.586621 0.041111 0.579385 0.03885 0.561748 0.040546 0.538685 0.051286 0.5111 0.068244 0.480349 0.093117 0.43377 0.136078 0.423474 0.155191 0.408291 0.155642 0.389855 0.182302 0.371044 0.21492 0.377969 0.220941 0.405761 0.178235 0.423474 0.155191
3 8 0.323046 0.280076 0.335517 0.261587 0.355689 0.234114 0.371044 0.21492 0.377969 0.220941 0.371044 0.235243 0.348463 0.264975 0.331672 0.288259 0.328582 0.282291
2 8 0.285708 0.297793 0.296055 0.286103 0.306559 0.280597 0.320112 0.278903 0.328582 0.282291 0.33231 0.289491 0.334681 0.299656 0.331632 0.321256 0.326888 0.335656 0.3235 0.335656 0.316723 0.329303 0.307914 0.317868 0.298766 0.306009 0.291311 0.300079
1 8 0.285708 0.297793 0.291311 0.300079 0.298766 0.306009 0.307914 0.317868 0.316723 0.329303 0.3235 0.335656 0.326888 0.335656 0.320665 0.347807 0.31374 0.353452 0.300492 0.357216 0.292965 0.35571 0.286342 0.351194 0.280621 0.343291 0.276105 0.332 0.275202 0.323344 0.276105 0.316194 0.280019 0.305656
4 15 0.468869 0.201197 0.473691 0.192157 0.500253 0.241295 0.516045 0.298048 0.517033 0.345549 0.512097 0.407238 0.503394 0.485075 0.503394 0.547261 0.507969 0.594437 0.512832 0.643228 0.532543 0.688257 0.559051 0.734985 0.565848 0.765571 0.566527 0.78936 0.562449 0.797007 0.554293 0.797856 0.544098 0.792759 0.535941 0.780864 0.523707 0.766421 0.529145 0.76897 0.540699 0.780015 0.546816 0.783413 0.552934 0.783413 0.557012 0.776616 0.557012 0.766421 0.550894 0.751128 0.535262 0.714595 0.513512 0.672115 0.501957 0.633882 0.49584 0.592252 0.493121 0.532779 0.49652 0.454615 0.503996 0.385797 0.504676 0.343317 0.500598 0.292341 0.499238 0.268552 0.489043 0.235417 0.477489 0.211628
3 15 0.426756 0.149677 0.429032 0.145854 0.431924 0.136365 0.440341 0.14595 0.454404 0.164031 0.473691 0.192157 0.468869 0.201197 0.451592 0.175583 0.43552 0.157502
1 15 0.388882 0.144887 0.389991 0.142239 0.398305 0.128683 0.409873 0.115127 0.416018 0.104735 0.421802 0.101571 0.418909 0.0948041 0.415622 0.088722 0.403166 0.0837 0.393121 0.084704 0.382273 0.091736 0.376246 0.104292 0.374237 0.116848 0.37705 0.128399 0.38388 0.138444
2 15 0.388791 0.144887 0.403005 0.152632 0.408291 0.155642 0.423474 0.155191 0.429032 0.145854 0.431924 0.136365 0.431924 0.124616 0.427947 0.111964 0.421802 0.101571 0.416018 0.104735 0.409873 0.115127 0.398305 0.128683 0.389991 0.142239
4 23 0.522845 0.614556 0.531971 0.615269 0.5291 0.643285 0.530457 0.667027 0.546285 0.68342 0.5698 0.697552 0.613666 0.71451 0.714578 0.742233 0.774786 0.757039 0.832033 0.763824 0.919604 0.767686 0.954485 0.766256 0.9562 0.770545 0.926465 0.775548 0.873857 0.777692 0.818962 0.771974 0.758349 0.764826 0.710887 0.755534 0.653705 0.739809 0.604929 0.726029 0.572821 0.712463 0.550662 0.700027 0.532543 0.688257 0.523077 0.66498 0.519911 0.652544 0.519911 0.638412
3 23 0.531687 0.515496 0.532256 0.535059 0.53026 0.564291 0.522845 0.614556 0.531971 0.615269 0.536819 0.584968 0.540242 0.554309 0.543429 0.520389 0.536701 0.517398
1 23 0.524461 0.479367 0.530483 0.475979 0.545838 0.474098 0.556376 0.475979 0.56601 0.485012 0.574643 0.496386 0.577365 0.488481 0.580006 0.481778 0.580763 0.471087 0.578054 0.451893 0.57143 0.440602 0.558483 0.434581 0.548548 0.434581 0.540117 0.43985 0.533494 0.450388 0.527472 0.468452
2 23 0.524461 0.479367 0.524762 0.491786 0.527171 0.505711 0.531687 0.515496 0.536541 0.517498 0.543429 0.520389 0.556376 0.520389 0.565107 0.51512 0.572001 0.505691 0.574803 0.496686 0.56601 0.485012 0.556376 0.475979 0.545838 0.474098 0.530483 0.475979
4 29 0.558819 0.602599 0.559405 0.591248 0.58516 0.592239 0.633961 0.600372 0.664688 0.604439 0.693246 0.605794 0.723972 0.606246 0.745661 0.603083 0.763374 0.596757 0.77205 0.58772 0.785787 0.570097 0.791932 0.556542 0.790486 0.541178 0.787955 0.528978 0.781087 0.525815 0.770243 0.528978 0.763736 0.539823 0.764459 0.552475 0.771689 0.559705 0.778195 0.563771 0.78181 0.566934 0.777472 0.571001 0.768074 0.569646 0.757229 0.557897 0.753976 0.538015 0.758313 0.524008 0.768074 0.516778 0.780003 0.514519 0.788678 0.517682 0.799523 0.532141 0.802415 0.544793 0.801692 0.559705 0.793378 0.57552 0.777472 0.595402 0.763736 0.605794 0.744938 0.613928 0.722165 0.617995 0.697222 0.617995 0.663603 0.614832 0.627816 0.607602 0.594559 0.601728
3 29 0.489382 0.586062 0.491232 0.592669 0.490704 0.599606 0.509608 0.600035 0.533628 0.602232 0.558819 0.602599 0.559405 0.591248 0.539779 0.589417 0.509608 0.58722 0.493791 0.585023
0 29 0.458828 0.618555 0.45625 0.620996 0.45 0.620313 0.444609 0.616699 0.44375 0.611914 0.443594 0.606152 0.446619 0.601163 0.451953 0.60459 0.457734 0.609668 0.459893 0.615047
1 29 0.435391 0.591211 0.439434 0.592999 0.452648 0.598615 0.463359 0.609961 0.46824 0.614472 0.471797 0.621777 0.461296 0.627876 0.450197 0.629528 0.443061 0.628867 0.433019 0.62193 0.429583 0.61301 0.43064 0.602439 0.433811 0.594511
2 29 0.440755 0.587713 0.457933 0.576151 0.467183 0.574169 0.478811 0.575821 0.484097 0.579785 0.489382 0.586062 0.491232 0.592669 0.490704 0.599606 0.487797 0.607204 0.477754 0.617445 0.471719 0.62168 0.46824 0.614472 0.462969 0.608984 0.452648 0.598615 0.439687 0.592676 0.435391 0.590918
4 35 0.366347 0.682247 0.365095 0.67025 0.395398 0.670975 0.435733 0.661925 0.475551 0.655461 0.510198 0.654815 0.536054 0.660632 0.581043 0.672267 0.611036 0.676792 0.660679 0.674207 0.69636 0.680024 0.724802 0.691013 0.751175 0.696184 0.782202 0.698123 0.82926 0.703294 0.884857 0.70545 0.915045 0.704696 0.930139 0.704696 0.944629 0.712243 0.956101 0.71979 0.965157 0.734129 0.962742 0.736393 0.954289 0.731865 0.937384 0.712997 0.916252 0.711488 0.89029 0.712997 0.860706 0.714507 0.827499 0.714507 0.781009 0.710733 0.745991 0.707714 0.711577 0.697903 0.68803 0.691111 0.643955 0.687337 0.609541 0.687337 0.572108 0.682809 0.535278 0.671489 0.515958 0.666206 0.499052 0.666206 0.470675 0.669979 0.421771 0.677526 0.405469 0.680545 0.384337 0.682054
3 35 0.287879 0.675887 0.288253 0.668407 0.282643 0.662797 0.303751 0.665555 0.334632 0.67025 0.365095 0.67025 0.366347 0.682247 0.35508 0.684334 0.337136 0.684856 0.315019 0.679639
1 35 0.245992 0.700664 0.239634 0.689444 0.234772 0.675887 0.229536 0.668874 0.22875 0.658398 0.224042 0.662987 0.218982 0.669313 0.21862 0.675639 0.222235 0.684225 0.226934 0.690551 0.23561 0.695521
2 35 0.245992 0.700664 0.259456 0.699261 0.270302 0.695054 0.280025 0.687106 0.287879 0.675887 0.288253 0.668407 0.282643 0.662797 0.26875 0.658691 0.247031 0.653906 0.23875 0.654492 0.228828 0.658301 0.229536 0.668874 0.234772 0.675887 0.239634 0.689444
0 23 0.562876 0.45156 0.567599 0.455162 0.56888 0.458764 0.57008 0.464668 0.570481 0.470971 0.571521 0.478275 0.570961 0.485079 0.56992 0.490182 0.567599 0.487881 0.566798 0.483078 0.567119 0.479776 0.567359 0.473373 0.568159 0.464968 0.565838 0.458564 0.564477 0.456363 0.562316 0.454662 0.562316 0.453061
0 8 0.294643 0.311963 0.292153 0.313144 0.292582 0.317329 0.293698 0.320227 0.296875 0.3213 0.298935 0.320978 0.299794 0.319368 0.300309 0.316363 0.298249 0.312607 0.296102 0.3125
