4 7 0 0.368518 0.046713 0.356604 0.072406 0.350906 0.106381 0.347561 0.131492 0.347078 0.161239 0.346595 0.184032 0.34901 0.185056 0.349437 0.185392 0.356983 0.18563 0.357011 0.184707 0.35764 0.14824 0.355568 0.124619 0.355568 0.102242 0.357122 0.075306 0.359712 0.047542 0.36541 0 0.378878
3 7 0.185041 0.349093 0.198016 0.350408 0.217304 0.351723 0.240463 0.352982 0.240058 0.356522 0.240844 0.361763 0.242545 0.365749 0.223617 0.361805 0.204329 0.359175 0.185392 0.356983
2 7 0.262517 0.382946 0.250278 0.374866 0.242941 0.366677 0.240844 0.361763 0.240058 0.356522 0.240582 0.351936 0.243727 0.34735 0.248182 0.34473 0.256568 0.342437 0.267836 0.342109 0.282813 0.344824 0.284084 0.34866 0.285132 0.352591 0.285132 0.356522 0.28487 0.360453 0.282774 0.367005 0.281463 0.372901 0.280415 0.377814 0.279367 0.382728 0.27875 0.385449 0.27375 0.385547
1 7 0.278906 0.385937 0.279367 0.382728 0.280415 0.377814 0.281463 0.372901 0.282774 0.367005 0.28487 0.360453 0.285132 0.356522 0.285132 0.352591 0.284084 0.34866 0.282891 0.344727 0.294476 0.348541 0.300423 0.352671 0.303727 0.359691 0.304057 0.36919 0.302405 0.377449 0.299432 0.38323 0.295137 0.38736 0.290181 0.388186
0 7 0.283058 0.375668 0.284664 0.372056 0.287553 0.37005 0.28948 0.37005 0.290122 0.370852 0.291406 0.374464 0.291406 0.377675 0.288838 0.380083 0.286269 0.380083 0.283379 0.378478
4 16 0.348576 0.310839 0.318631 0.302341 0.294618 0.295006 0.281734 0.292529 0.26951 0.291703 0.257617 0.291703 0.244402 0.292942 0.237794 0.295006 0.211848 0.303703 0.197218 0.310508 0.177825 0.320715 0.168639 0.32922 0.159793 0.337301 0.155542 0.34474 0.15316 0.353246 0.151799 0.361751 0.151799 0.372383 0.152503 0.385787 0.155083 0.404601 0.159813 0.423952 0.164113 0.435777 0.172588 0.448866 0.181638 0.45836 0.190366 0.465633 0.205375 0.475277 0.224273 0.482649 0.240361 0.486001 0.263598 0.489352 0.287562 0.488028 0.312468 0.485378 0.330485 0.476767 0.343733 0.468156 0.359815 0.456544 0.385028 0.441392 0.393271 0.436543 0.400544 0.434725 0.406362 0.437756 0.410241 0.443816 0.41218 0.455938 0.411695 0.471696 0.408301 0.481393 0.403938 0.488666 0.362423 0.523535 0.359385 0.527333 0.362423 0.529865 0.365462 0.531131 0.369513 0.5267 0.402945 0.496936 0.408956 0.489554 0.413686 0.482566 0.416696 0.472891 0.417126 0.463753 0.417126 0.454615 0.416266 0.440639 0.412396 0.433114 0.407236 0.427201 0.402936 0.426663 0.396486 0.427201 0.389605 0.429889 0.378425 0.435801 0.362084 0.447089 0.332939 0.466998 0.317571 0.473622 0.304323 0.476934 0.290016 0.479583 0.275178 0.479583 0.253982 0.478921 0.240204 0.476271 0.221657 0.47031 0.208939 0.464348 0.193042 0.455737 0.178734 0.443152 0.169725 0.431229 0.164426 0.418643 0.161777 0.404071 0.159461 0.391742 0.156845 0.371657 0.156845 0.358112 0.161329 0.344099 0.170671 0.333823 0.182254 0.324949 0.197201 0.317475 0.226721 0.306732 0.245778 0.30066 0.260725 0.298792 0.27754 0.298792 0.296597 0.302529 0.346621 0.316984
3 16 0.352623 0.318537 0.346621 0.316984 0.348576 0.310839 0.355156 0.311301 0.37899 0.315666 0.402777 0.319796 0.402821 0.319855 0.401906 0.321189 0.401245 0.325319 0.401245 0.329449 0.401543 0.330256 0.377227 0.324869
2 16 0.401245 0.325319 0.401906 0.321189 0.40587 0.315408 0.411156 0.312517 0.418425 0.310452 0.441543 0.308981 0.443542 0.30948 0.445941 0.312479 0.446341 0.317478 0.446341 0.323476 0.444742 0.330474 0.443142 0.337971 0.442212 0.344403 0.441464 0.350008 0.439222 0.352344 0.436233 0.352344 0.428524 0.349054 0.411487 0.341425 0.40554 0.337295 0.403227 0.334817 0.401245 0.329449
1 16 0.438621 0.352344 0.439222 0.352344 0.441464 0.350008 0.442212 0.344403 0.443142 0.337971 0.444742 0.330474 0.446341 0.323476 0.446341 0.317478 0.445941 0.312479 0.443675 0.309646 0.452014 0.309646 0.458811 0.313645 0.46401 0.322142 0.46441 0.331639 0.46281 0.341635 0.460011 0.348133 0.456412 0.353132 0.450414 0.355631 0.444416 0.355631 0.438818 0.352632
2 34 0.670804 0.804082 0.662125 0.81562 0.654975 0.818972 0.645591 0.818413 0.643356 0.816179 0.641569 0.810034 0.641983 0.80008 0.647308 0.782283 0.655908 0.764007 0.666659 0.750569 0.670781 0.745801 0.674399 0.746806 0.675259 0.750031 0.678269 0.755944 0.682569 0.760782 0.68558 0.765082 0.68773 0.770457 0.690234 0.774902 0.685703 0.78125
3 34 0.600915 0.869283 0.606196 0.854521 0.610404 0.846193 0.620925 0.831288 0.632848 0.816822 0.641575 0.80988 0.641569 0.810034 0.643356 0.816179 0.644633 0.817455 0.634066 0.825771 0.624535 0.836649 0.617076 0.848045 0.607131 0.871354
4 34 0.589299 0.943959 0.591159 0.916054 0.59488 0.892218 0.600461 0.869545 0.600982 0.869094 0.600915 0.869283 0.606666 0.871199 0.603667 0.886728 0.598507 0.913604 0.596357 0.936718 0.595067 0.956606 0.595927 0.97972 0.596787 0.986708 0.598077 0.991545 0.600227 0.994233 0.603667 0.995308 0.607967 0.993158 0.691071 0.923549 0.735231 0.888335 0.781567 0.850469 0.785457 0.84908 0.78768 0.84908 0.78768 0.852553 0.785457 0.857416 0.780456 0.863668 0.717102 0.910905 0.661526 0.956289 0.610686 1 0.592139 1 0.589489 0.980674
1 34 0.671016 0.74541 0.674524 0.740683 0.678824 0.737995 0.685274 0.737995 0.692584 0.740683 0.698175 0.746058 0.700755 0.750896 0.701615 0.755734 0.698175 0.763797 0.690469 0.774609 0.68773 0.770457 0.68558 0.765082 0.682569 0.760782 0.678269 0.755944 0.675259 0.750031 0.674399 0.746806
0 34 0.683074 0.752902 0.682138 0.749779 0.68245 0.748218 0.684636 0.746266 0.688071 0.745876 0.690881 0.747047 0.692131 0.749779 0.691506 0.752902 0.688696 0.754463 0.685573 0.754463 0.683074 0.752902 0.676426 0.757337 0.677075 0.759771 0.676426 0.762746 0.674479 0.764369 0.672531 0.764099 0.671666 0.761665 0.672964 0.757878 0.675344 0.756526 0.676426 0.757337
4 31 0.742666 0.270736 0.726944 0.247073 0.718622 0.23034 0.700784 0.189183 0.698252 0.18222 0.6977 0.173881 0.695959 0.124616 0.694601 0.074722 0.692733 0.06865 0.687875 0.062578 0.683018 0.061177 0.676665 0.061177 0.672929 0.064913 0.670687 0.072387 0.670687 0.078459 0.672929 0.087334 0.676665 0.097142 0.691536 0.115833 0.694682 0.119923 0.695068 0.123304 0.694682 0.125718 0.691978 0.125718 0.686569 0.124269 0.680002 0.118958 0.673434 0.112197 0.667253 0.103505 0.663776 0.093846 0.661072 0.085637 0.659913 0.079359 0.659527 0.07453 0.661072 0.065355 0.666867 0.057146 0.671889 0.052317 0.67807 0.050385 0.688114 0.051351 0.698159 0.058594 0.702795 0.064872 0.70434 0.070667 0.705885 0.077428 0.705499 0.081774 0.703954 0.085637 0.702408 0.090949 0.702795 0.097227 0.705113 0.103505 0.706272 0.110265 0.705885 0.114611 0.704726 0.11944 0.70434 0.120889 0.702795 0.125718 0.702408 0.129581 0.702795 0.137791 0.704788 0.163739 0.704984 0.171697 0.705872 0.179099 0.70824 0.187611 0.711497 0.193903 0.719787 0.215738 0.727094 0.231573 0.733174 0.241832 0.746552 0.264664
3 31 0.742666 0.270736 0.746552 0.264664 0.756784 0.275129 0.769341 0.2885 0.781899 0.302453 0.781694 0.303221 0.779855 0.303848 0.776865 0.307117 0.776299 0.311717 0.762731 0.294757 0.745897 0.27503
2 31 0.776118 0.313189 0.776865 0.307117 0.779855 0.303848 0.788075 0.301045 0.798538 0.302446 0.814922 0.312402 0.826094 0.32373 0.823125 0.329297 0.820469 0.333105 0.818281 0.338574 0.816094 0.340918 0.814063 0.342969 0.813906 0.350391 0.813111 0.356161 0.811616 0.358496 0.809297 0.362012 0.803769 0.357095 0.795253 0.349062 0.786954 0.341214 0.782844 0.335609 0.77836 0.325333 0.776492 0.318794
1 31 0.811616 0.358496 0.813111 0.356161 0.813516 0.353906 0.813906 0.350098 0.814297 0.343555 0.81625 0.340527 0.818437 0.338672 0.820312 0.333496 0.823359 0.329297 0.826174 0.323516 0.830733 0.33053 0.832136 0.33842 0.831435 0.347626 0.827928 0.356393 0.824772 0.360338 0.820213 0.363845 0.814602 0.363845 0.80899 0.361653
0 31 0.81687 0.35224 0.819016 0.349893 0.821698 0.348887 0.823575 0.349222 0.82438 0.351904 0.824112 0.355257 0.82143 0.357269 0.819552 0.357604 0.81687 0.354922
0 16 0.449688 0.319824 0.453203 0.319824 0.456797 0.32207 0.458125 0.326465 0.457188 0.330371 0.456016 0.334668 0.453906 0.337207 0.449609 0.337402 0.448437 0.334473 0.451484 0.332422 0.451797 0.328516 0.450703 0.325781 0.449453 0.323242 0.450156 0.320703
