4 9 0.931171 0.908164 0.937041 0.900827 0.93544 0.899583 0.936132 0.899691 0.97011 0.927491 1 0.950801 1 0.963295 0.932043 0.909345
3 9 0.897382 0.851598 0.900696 0.853125 0.903422 0.852557 0.906602 0.849717 0.906613 0.84967 0.911599 0.86789 0.920231 0.887766 0.937041 0.900827 0.931135 0.90821 0.92432 0.902531 0.912962 0.892309 0.904785 0.879815 0.897516 0.851989
2 9 0.870469 0.816211 0.882079 0.81175 0.896723 0.809225 0.902782 0.810487 0.908337 0.810487 0.913039 0.810425 0.912054 0.820755 0.908873 0.840063 0.906602 0.849717 0.903422 0.852557 0.900696 0.853125 0.892064 0.849149 0.880252 0.83552 0.87162 0.819051
1 9 0.891168 0.763778 0.883089 0.763147 0.874504 0.768827 0.870465 0.774508 0.868445 0.792182 0.868445 0.802913 0.86996 0.81175 0.870547 0.815723 0.882079 0.81175 0.896723 0.809225 0.902782 0.810487 0.908337 0.810487 0.913238 0.810301 0.911872 0.800388 0.910852 0.791043 0.908842 0.781452 0.899753 0.768827 0.897733 0.767565
0 9 0.879554 0.788395 0.882079 0.78587 0.883089 0.782083 0.883594 0.777664 0.881574 0.774508 0.879554 0.77514 0.877534 0.777033 0.876524 0.782714 0.877029 0.78587 0.878544 0.787764 0.879554 0.788395 0.884604 0.800388 0.884099 0.803544 0.885614 0.8067 0.888643 0.807962 0.893188 0.806069 0.895208 0.80165 0.894703 0.799126 0.900962 0.793619 0.904689 0.793155 0.906011 0.7892 0.904292 0.784085 0.901467 0.781626 0.899447 0.782257 0.898942 0.788569 0.900962 0.793619 0.894703 0.799126 0.889148 0.796601 0.884604 0.800388
4 15 0.782163 0.71784 0.782581 0.717253 0.957431 0.731354 0.957901 0.738992 0.782656 0.725684 0.782581 0.71784
3 15 0.740987 0.726188 0.741219 0.724303 0.741219 0.71784 0.782656 0.71748 0.782734 0.725879 0.75814 0.727241 0.751089 0.727241
2 15 0.692336 0.712552 0.701266 0.70844 0.716307 0.707265 0.728998 0.707852 0.739339 0.711377 0.741219 0.71784 0.741219 0.724303 0.740279 0.731941 0.736518 0.736641 0.726648 0.743104 0.712077 0.748392 0.695547 0.750684 0.697969 0.745313 0.698672 0.742188 0.700391 0.738379 0.698594 0.729395 0.695625 0.72373 0.690937 0.719336 0.688203 0.715918 0.690469 0.71377
1 15 0.679134 0.7361 0.682407 0.72178 0.688408 0.715643 0.690625 0.719043 0.695625 0.723633 0.69875 0.729395 0.700234 0.737891 0.698672 0.742383 0.697969 0.744922 0.697109 0.747656 0.695499 0.750419 0.691681 0.750419 0.686225 0.748374 0.681316 0.7436
0 15 0.686225 0.727241 0.689516 0.723128 0.693276 0.723128 0.697036 0.727241 0.698916 0.732529 0.699386 0.738992 0.696566 0.741342 0.692806 0.741342 0.688106 0.738992 0.686225 0.734291
4 21 0.638174 0.773139 0.640633 0.767503 0.781257 0.876791 0.848862 0.927961 0.875532 0.959747 0.879253 0.969826 0.878633 0.975253 0.874292 0.97913 0.866228 0.983781 0.858786 0.983006 0.842039 0.981456 0.81723 0.963624 0.745283 0.886095 0.722335 0.872915 0.716753 0.869814 0.713031 0.869814 0.713031 0.87214 0.740321 0.917107 0.740321 0.922534 0.739081 0.923309 0.734739 0.919432 0.706209 0.872915 0.704968 0.863612 0.70931 0.859735 0.717993 0.858184 0.745283 0.877567 0.771333 0.897724 0.826534 0.956646 0.841419 0.96595 0.851343 0.972927 0.858786 0.973703 0.864988 0.973703 0.867469 0.971377 0.868089 0.963624 0.864368 0.956646 0.851343 0.941916 0.808547 0.910129 0.741562 0.855083
3 21 0.59777 0.744619 0.600257 0.742028 0.601306 0.736784 0.601306 0.736144 0.641165 0.766285 0.638018 0.773496 0.624907 0.763662
2 21 0.537734 0.728711 0.546903 0.714316 0.550315 0.707491 0.559827 0.692205 0.561094 0.691211 0.574034 0.702038 0.59944 0.727827 0.601306 0.73285 0.601306 0.736784 0.600257 0.742028 0.59711 0.745306 0.590292 0.74924 0.581901 0.74924 0.568789 0.744651 0.544844 0.732422
1 21 0.523125 0.710449 0.524609 0.700098 0.527791 0.69128 0.532569 0.686161 0.54076 0.682748 0.550998 0.685643 0.561016 0.691113 0.559871 0.692133 0.550315 0.707491 0.546903 0.714316 0.537891 0.728809 0.534141 0.725098 0.530391 0.722266 0.525312 0.716797
4 27 0.825917 0.502846 0.90253 0.45309 0.921433 0.447046 0.953085 0.438803 1 0.428362 1 0.437155 0.957785 0.446023 0.927136 0.453591 0.905567 0.460686 0.826721 0.509216
3 27 0.788551 0.522047 0.825856 0.502367 0.826992 0.511354 0.791058 0.529229 0.790931 0.527005
2 27 0.756976 0.555498 0.759073 0.521408 0.759073 0.517475 0.758315 0.517238 0.767085 0.508907 0.772195 0.508907 0.776879 0.509972 0.782415 0.515294 0.788376 0.521682 0.790931 0.527005 0.791357 0.534457 0.79008 0.54457 0.776027 0.561071 0.766233 0.566926 0.761975 0.567991 0.757716 0.567459 0.753884 0.566394 0.751641 0.563281 0.756976 0.555498 0.756976 0.555498 0.751484 0.563477 0.74806 0.559432 0.742291 0.550909 0.742291 0.543042 0.743864 0.537798 0.747011 0.528619 0.75278 0.520097 0.756976 0.516819 0.759073 0.517475 0.759073 0.521408 0.756976 0.555498
0 27 0.748584 0.537142 0.75278 0.531242 0.755402 0.530586 0.755927 0.53452 0.754878 0.548942 0.752255 0.550253 0.749633 0.548287 0.748584 0.545009
4 33 0.295125 0.318257 0.302061 0.31092 0.355288 0.355557 0.457671 0.445995 0.493846 0.486948 0.538212 0.580799 0.596912 0.699392 0.595547 0.706218 0.585991 0.692567 0.517736 0.559469 0.487703 0.494627 0.450163 0.453674 0.413305 0.421252
3 33 0.255148 0.274415 0.256819 0.274564 0.25992 0.272238 0.261104 0.266319 0.302716 0.310228 0.294653 0.318756 0.289071 0.313329 0.256199 0.27534
2 33 0.216346 0.247398 0.248984 0.222559 0.251857 0.228047 0.255578 0.235025 0.26116 0.258283 0.26116 0.266036 0.25992 0.272238 0.256819 0.274564 0.248136 0.273789 0.237592 0.269913 0.221563 0.259375 0.219062 0.256934 0.213516 0.249609
1 33 0.203281 0.219238 0.205703 0.213477 0.213403 0.207889 0.224567 0.206339 0.235731 0.210215 0.243174 0.214867 0.249219 0.222656 0.244688 0.225293 0.213203 0.249707 0.210922 0.245879 0.20596 0.23735 0.203479 0.226496
4 39 0.087405 0 0.098772 0 0.124347 0.053742 0.139692 0.095657 0.152764 0.158174 0.155606 0.200089 0.156174 0.255502 0.152371 0.358037 0.143014 0.361546 0.145944 0.256213 0.146512 0.199379 0.144239 0.161016 0.132304 0.112707 0.115253 0.062977
3 39 0.139336 0.431971 0.142791 0.36163 0.15289 0.357843 0.149267 0.435408 0.147841 0.432957 0.139761 0.431694
2 39 0.121582 0.45568 0.122592 0.446843 0.127137 0.4399 0.139761 0.431694 0.147841 0.432957 0.15188 0.4399 0.15491 0.451262 0.156425 0.470198 0.157435 0.482822 0.157422 0.489551 0.155156 0.493262 0.153203 0.496484 0.143359 0.489551 0.132422 0.481348 0.119922 0.470215 0.120859 0.462012
1 39 0.118881 0.479016 0.119766 0.470703 0.1325 0.481445 0.142734 0.488965 0.153281 0.496777 0.149063 0.500684 0.141797 0.504297 0.135625 0.504004 0.130485 0.502052 0.123672 0.497949 0.120391 0.491602
0 39 0.133232 0.494243 0.134747 0.491087 0.140469 0.491504 0.143837 0.495506 0.142322 0.49803 0.139797 0.49803 0.136953 0.497754 0.133737 0.496768
4 45 0 0.226648 0.016726 0.265993 0.035016 0.306402 0.048202 0.346811 0.05756 0.401043 0.071597 0.448896 0.094566 0.535562 0.094566 0.535585 0.086524 0.539354 0.086866 0.540305 0.085768 0.539354 0.057039 0.428785 0.048202 0.395726 0.042673 0.352127 0.026509 0.303212 0.009495 0.270778 0 0.24632
3 45 0.086524 0.539354 0.095596 0.535102 0.112298 0.590775 0.110923 0.591221 0.10631 0.593869 0.106297 0.594281
2 45 0.110923 0.591221 0.116747 0.589331 0.126729 0.593301 0.129452 0.595003 0.133536 0.597839 0.135351 0.600108 0.140078 0.609863 0.143672 0.620215 0.145625 0.624609 0.146797 0.631445 0.125234 0.648242 0.119609 0.643066 0.114478 0.634708 0.111301 0.629603 0.107671 0.622229 0.106083 0.601431 0.10631 0.593869
1 45 0.125156 0.64834 0.143203 0.63418 0.146826 0.631594 0.148011 0.635296 0.148011 0.643439 0.146234 0.650842 0.142089 0.653803 0.137943 0.655283 0.132021 0.653803
0 33 0.225625 0.217578 0.224375 0.220605 0.225547 0.223438 0.227656 0.223633 0.229531 0.221973 0.229375 0.218652 0.227656 0.21748 0.226406 0.216895
0 45 0.13625 0.639355 0.134531 0.640332 0.134766 0.642871 0.136641 0.64668 0.138516 0.646387 0.140391 0.644629 0.139688 0.640234 0.138984 0.638672 0.1375 0.638477
0 21 0.541328 0.698145 0.538438 0.702539 0.538125 0.708203 0.539297 0.711719 0.543047 0.712793 0.548281 0.712305 0.552266 0.710156 0.554844 0.705371 0.554609 0.701855 0.552031 0.697656 0.547031 0.695703 0.54375 0.696777
