4 6 0.661545 0.872112 0.66516 0.861267 0.610148 0.839077 0.560531 0.816137 0.504117 0.786401 0.466734 0.756665 0.438867 0.726079 0.425953 0.705688 0.407638 0.654779 0.38934 0.60403 0.377331 0.57115 0.371041 0.57115 0.369898 0.574724 0.384193 0.61904 0.405351 0.680512 0.42079 0.716251 0.43966 0.744127 0.456815 0.762712 0.484834 0.78487 0.523147 0.810602 0.560887 0.828472 0.606633 0.8492
3 6 0.661545 0.872112 0.66516 0.861267 0.692272 0.872112 0.718299 0.880245 0.750833 0.888831 0.761441 0.891622 0.759658 0.899791 0.761176 0.90738 0.735289 0.89832 0.680704 0.879793
2 6 0.7991 0.940437 0.78796 0.932534 0.772605 0.918985 0.761766 0.910329 0.759658 0.899791 0.761465 0.891511 0.768089 0.887748 0.779229 0.886995 0.788261 0.888501 0.820477 0.899791 0.816563 0.905813 0.811745 0.915221 0.808734 0.929146 0.80753 0.94119 0.80753 0.943071
1 6 0.820477 0.899791 0.816563 0.905813 0.811745 0.915221 0.808734 0.929146 0.80753 0.94119 0.80753 0.943071 0.815095 0.945531 0.827321 0.943447 0.832322 0.93789 0.834267 0.930249 0.834267 0.922955 0.832878 0.915314 0.828988 0.904546
4 13 0.607458 0.683986 0.610327 0.676015 0.593774 0.638525 0.575686 0.601217 0.563476 0.575214 0.549909 0.561648 0.539056 0.553734 0.531368 0.548646 0.516897 0.528862 0.500617 0.503424 0.485694 0.489858 0.471223 0.483074 0.459465 0.483074 0.447255 0.490988 0.44228 0.500598 0.440472 0.515295 0.444542 0.527731 0.451325 0.538471 0.472127 0.552038 0.490216 0.558256 0.511018 0.563343 0.520515 0.5673 0.524132 0.592738 0.531368 0.615349 0.538603 0.636829 0.55624 0.662832 0.57252 0.678094 0.592418 0.688269 0.607793 0.688269 0.604628 0.682051 0.59694 0.680355 0.578399 0.669615 0.563476 0.655483 0.542673 0.621567 0.530463 0.587085 0.525941 0.565604 0.523228 0.559952 0.51554 0.555995 0.499712 0.552038 0.475745 0.543559 0.457656 0.530557 0.451325 0.516426 0.451325 0.504555 0.459917 0.494945 0.469414 0.490423 0.479815 0.494945 0.494738 0.508512 0.519158 0.544689 0.53996 0.56617 0.555788 0.57691 0.567093 0.600086 0.580208 0.627785 0.596488 0.667919
3 13 0.607458 0.683986 0.610327 0.676015 0.618936 0.680797 0.633284 0.687573 0.65082 0.692355 0.6732 0.696954 0.672143 0.703563 0.673058 0.708828 0.663255 0.706305 0.644443 0.701123 0.624037 0.693949 0.612559 0.688768
1 13 0.711047 0.732942 0.710963 0.725288 0.713833 0.71094 0.719253 0.696194 0.723717 0.685433 0.731162 0.686565 0.737485 0.690705 0.741399 0.700114 0.741399 0.709899 0.737184 0.720813 0.730259 0.72834 0.720925 0.731727
2 13 0.707215 0.732657 0.694143 0.728273 0.680432 0.721099 0.673737 0.712729 0.672143 0.703563 0.673737 0.693599 0.675969 0.688418 0.682664 0.686026 0.690317 0.688019 0.699882 0.688816 0.706259 0.688418 0.723795 0.685628 0.719331 0.696389 0.713911 0.711135 0.711041 0.725483 0.711125 0.733267
4 19 0.487845 0.572991 0.487614 0.559295 0.431205 0.547367 0.374839 0.528621 0.299857 0.497594 0.205224 0.458164 0.15041 0.436186 0.125071 0.42649 0.106972 0.424551 0.094561 0.425844 0.078013 0.431661 0.070774 0.431661 0.066637 0.421319 0.066119 0.410977 0.075428 0.398049 0.086804 0.387706 0.094561 0.387706 0.102318 0.394817 0.114729 0.40322 0.128691 0.405806 0.13593 0.399342 0.132311 0.39611 0.124037 0.39417 0.11266 0.391585 0.099215 0.381889 0.090424 0.378657 0.083701 0.37995 0.071808 0.389646 0.059397 0.399988 0.054743 0.408391 0.054743 0.421319 0.056294 0.429722 0.0625 0.438772 0.07491 0.443297 0.092492 0.438772 0.108006 0.43554 0.132828 0.437479 0.160235 0.449114 0.200053 0.46786 0.249696 0.486605 0.319405 0.516097 0.354424 0.529682 0.387631 0.542512 0.431705 0.55987 0.455252 0.566663
3 19 0.56592 0.547658 0.559795 0.55275 0.546705 0.557892 0.526509 0.56023 0.497712 0.56023 0.487614 0.559295 0.487845 0.572991 0.503322 0.57332 0.523517 0.57332 0.539599 0.570515 0.56627 0.563836 0.562772 0.558589
0 19 0.612344 0.551855 0.608594 0.551855 0.605078 0.546484 0.604844 0.540723 0.608203 0.537402 0.613075 0.539771 0.61435 0.544952
1 19 0.600821 0.526573 0.601171 0.537067 0.604319 0.552807 0.607467 0.561989 0.610615 0.568548 0.614113 0.575107 0.621283 0.56961 0.626705 0.556904 0.62806 0.542504 0.620944 0.528951 0.611796 0.525139 0.607391 0.525139
2 19 0.614191 0.575205 0.600899 0.577391 0.588656 0.576953 0.575014 0.571707 0.56627 0.563836 0.562772 0.558589 0.56592 0.547658 0.571517 0.538039 0.580611 0.531918 0.600899 0.526671 0.601249 0.537165 0.604397 0.552905 0.607545 0.562087 0.610693 0.568646
4 26 0.303217 0.363677 0.310965 0.356413 0.35866 0.400089 0.391648 0.422878 0.436357 0.450006 0.465005 0.464656 0.505807 0.476593 0.547443 0.485148 0.591261 0.485148 0.623393 0.490886 0.648849 0.501319 0.670966 0.519054 0.69266 0.539049 0.717836 0.569433 0.739973 0.604158 0.76211 0.644851 0.769489 0.666012 0.769489 0.669267 0.766017 0.670353 0.749956 0.637255 0.724347 0.594934 0.703946 0.56889 0.677902 0.539591 0.647402 0.51414 0.618473 0.499575 0.591552 0.493548 0.565034 0.49405 0.551373 0.494553 0.530881 0.493046 0.501952 0.485512 0.464987 0.474965 0.43887 0.463916 0.408735 0.446337 0.3786 0.427252 0.345251 0.403144 0.319135 0.381045
3 26 0.253905 0.310535 0.258369 0.308144 0.26092 0.304955 0.284235 0.330748 0.310965 0.356413 0.303217 0.363677 0.285009 0.347697 0.266802 0.328327
0 26 0.230942 0.260799 0.227578 0.258887 0.225941 0.254895 0.228719 0.24899 0.233165 0.247254 0.237109 0.248047 0.239453 0.250879 0.239375 0.254883 0.236499 0.258368
1 26 0.215325 0.263905 0.218195 0.263905 0.223615 0.263905 0.228079 0.263905 0.240514 0.257926 0.244021 0.253542 0.248485 0.249158 0.243123 0.240513 0.236386 0.236119 0.227305 0.235753 0.218828 0.237695 0.21375 0.243066 0.211953 0.250977 0.211875 0.255469
2 26 0.218833 0.273868 0.226485 0.290209 0.235731 0.303361 0.24434 0.308941 0.253905 0.310535 0.258369 0.308144 0.26092 0.304955 0.261238 0.297781 0.259007 0.27905 0.25518 0.26231 0.248485 0.249158 0.244021 0.253542 0.240514 0.257926 0.228079 0.263905 0.223615 0.263905 0.218195 0.263905 0.215325 0.263905
4 33 0.739714 0.514057 0.745989 0.508709 0.71276 0.465257 0.694095 0.439213 0.678903 0.413712 0.671524 0.394179 0.667617 0.380072 0.668485 0.366508 0.678035 0.334496 0.692553 0.29683 0.713238 0.265803 0.737025 0.245764 0.771155 0.223787 0.807482 0.198638 0.838632 0.176809 0.849959 0.16324 0.856095 0.154981 0.861758 0.152031 0.868838 0.151441 0.879221 0.156161 0.885828 0.16855 0.896684 0.197458 0.916034 0.231085 0.9368 0.249374 0.952375 0.258813 0.946712 0.249964 0.91509 0.216336 0.905651 0.193328 0.894796 0.16855 0.8863 0.153211 0.870725 0.143182 0.858454 0.144362 0.850431 0.150261 0.842408 0.158521 0.833912 0.17032 0.81173 0.186839 0.781524 0.207487 0.736688 0.233445 0.704594 0.260583 0.68194 0.29834 0.665893 0.336687 0.660229 0.369725 0.658814 0.379754 0.666837 0.406302 0.676748 0.42577 0.700346 0.462938 0.725832 0.495385
3 33 0.739714 0.514057 0.745989 0.508709 0.760819 0.529029 0.781923 0.553984 0.800102 0.573375 0.796811 0.576254 0.794978 0.580645 0.783064 0.566461 0.762815 0.545428 0.745418 0.52083
1 33 0.820405 0.625675 0.824231 0.620892 0.828057 0.609334 0.835072 0.601762 0.843043 0.596979 0.849238 0.604971 0.852375 0.617805 0.852375 0.626717 0.850949 0.632421 0.847812 0.635986 0.841538 0.638125 0.835264 0.637412 0.826137 0.630639
2 33 0.820405 0.625675 0.809883 0.617704 0.799043 0.605349 0.793622 0.593392 0.792985 0.585421 0.796811 0.576254 0.803188 0.570675 0.81084 0.569479 0.818811 0.573464 0.832521 0.584225 0.843043 0.596979 0.835072 0.601762 0.828057 0.609334 0.824231 0.620892
4 38 0.745601 0.105128 0.745251 0.11431 0.756885 0.112177 0.77026 0.107658 0.780743 0.10088 0.786889 0.090036 0.791588 0.077835 0.792311 0.060213 0.792311 0.041687 0.782912 0 0.773514 0 0.78002 0.013671 0.785804 0.041687 0.785443 0.066991 0.782189 0.085969 0.776044 0.094554 0.764115 0.100428
3 38 0.696204 0.090145 0.704675 0.089824 0.710622 0.089824 0.717618 0.093322 0.729511 0.101192 0.745601 0.105128 0.745251 0.11431 0.728461 0.111249 0.708873 0.101192 0.702577 0.100755 0.696253 0.103505 0.696887 0.099537
2 38 0.683628 0.123645 0.674387 0.122641 0.66394 0.118623 0.658315 0.114605 0.655502 0.102049 0.65711 0.08447 0.662333 0.077439 0.673985 0.074927 0.686441 0.07543 0.693673 0.080452 0.696084 0.088488 0.696887 0.099537 0.69528 0.109582 0.692066 0.116112
0 13 0.720781 0.711621 0.719453 0.714551 0.718828 0.720215 0.720938 0.72334 0.723516 0.721973 0.724375 0.720508 0.725391 0.718555 0.725234 0.713867 0.723906 0.710254 0.721953 0.710059
0 33 0.834766 0.614746 0.833906 0.616406 0.834609 0.619336 0.837656 0.62334 0.841719 0.628711 0.843672 0.630273 0.846016 0.629687 0.846953 0.628125 0.846094 0.625 0.841562 0.619824 0.83875 0.616797 0.837109 0.615332
0 6 0.817422 0.92168 0.816328 0.925 0.816172 0.928223 0.816406 0.930371 0.817969 0.931738 0.819375 0.931738 0.821172 0.930957 0.821641 0.926855 0.820625 0.922461 0.819375 0.921191 0.818359 0.921387
1 1 0.878151 0.0311843 0.883567 0.0233883 0.889394 0.0171309 0.892841 0.0144638 0.899816 0.0147715 0.908761 0.0152844 0.913849 0.0155922 0.916639 0.0187722 0.918527 0.0242089 0.916721 0.032005 0.914013 0.0405191 0.906874 0.0449301 0.899898 0.0465714 0.893333 0.0450327 0.881352 0.0387753 0.877002 0.0338514
2 1 0.877249 0.0336463 0.878315 0.0313895 0.883567 0.0230805 0.889558 0.0170283 0.892923 0.0145664 0.900637 0.0148741 0.908597 0.0155922 0.913767 0.0151819 0.896123 0.0005129 0.853204 0.000615481 0.862067 0.0162077 0.872325 0.0301585
0 1 0.897518 0.0250295 0.898339 0.0226702 0.898175 0.0191825 0.895713 0.0177464 0.893333 0.0172335 0.891364 0.0186696 0.889558 0.0211315 0.889148 0.0239012 0.889394 0.0261579 0.893087 0.0272863 0.895549 0.0263631 0.897518 0.0250295 0.902524 0.0313895 0.900883 0.0343643 0.902032 0.0374417 0.905971 0.0370314 0.910895 0.033236 0.913603 0.0279018 0.913028 0.0245166 0.909336 0.0246192 0.906956 0.0266708 0.906135 0.0281069 0.902524 0.0313895
