4 4 0.75485 0.153277 0.698215 0.115171 0.655887 0.084625 0.610068 0.050807 0.560762 0.018539 0.538563 0.01278 0.520133 0.011732 0.500866 0.015921 0.483275 0.022727 0.466521 0.035293 0.446416 0.052047 0.427987 0.062518 0.409557 0.071942 0.389871 0.079795 0.366416 0.085555 0.342541 0.091837 0.324112 0.096549 0.309034 0.096549 0.296468 0.097073 0.296049 0.101261 0.300657 0.103356 0.308615 0.103879 0.325369 0.101785 0.3505 0.09812 0.372699 0.091837 0.397411 0.084507 0.412908 0.078225 0.430081 0.070371 0.446416 0.063041 0.460238 0.05257 0.476992 0.040528 0.490395 0.032151 0.505893 0.027439 0.522647 0.024298 0.546102 0.024298 0.557411 0.028486 0.588406 0.045764 0.616469 0.064089 0.642437 0.085031 0.702937 0.124789 0.752336 0.160084
3 4 0.752336 0.160084 0.75485 0.153277 0.760713 0.156419 0.77998 0.167937 0.803017 0.180503 0.803524 0.181136 0.802598 0.18155 0.798829 0.18888 0.798725 0.189191 0.774117 0.174743
2 4 0.813907 0.179455 0.808462 0.178932 0.802598 0.18155 0.798829 0.18888 0.796734 0.195162 0.796734 0.20511 0.797153 0.215581 0.805949 0.226052 0.813488 0.230241 0.823122 0.230764 0.83108 0.22867 0.83485 0.222387 0.835269 0.210869 0.834431 0.198304 0.830242 0.18888 0.82396 0.182073
4 10 0.210753 0.416909 0.215494 0.412168 0.215808 0.41251 0.256673 0.443832 0.302323 0.477515 0.325149 0.494951 0.345438 0.517538 0.387381 0.550451 0.423597 0.58423 0.445054 0.605437 0.464016 0.631011 0.4744 0.644917 0.491295 0.669677 0.504695 0.684242 0.512269 0.692253 0.52159 0.707547 0.530329 0.723568 0.53732 0.741046 0.543729 0.755611 0.551303 0.765807 0.561207 0.770904 0.57519 0.772361 0.583929 0.76872 0.589172 0.766535 0.589172 0.772361 0.584511 0.77673 0.578103 0.7811 0.555381 0.7811 0.544312 0.770176 0.533825 0.752698 0.523878 0.729106 0.510083 0.706345 0.4901 0.682676 0.472806 0.655818 0.4487 0.62765 0.43193 0.607998 0.422496 0.599481 0.389072 0.568066 0.351149 0.531889 0.323205 0.510682 0.302746 0.488227 0.2763 0.468891 0.249354 0.45205 0.229893 0.436457 0.215899 0.421626
3 10 0.182594 0.386436 0.182962 0.386436 0.186449 0.383531 0.188773 0.378084 0.188783 0.377568 0.197679 0.3898 0.210245 0.404984 0.215505 0.412157 0.210273 0.417389 0.196669 0.402564
2 10 0.145673 0.358151 0.151351 0.353669 0.152381 0.352585 0.156577 0.348667 0.159328 0.345088 0.166593 0.336858 0.170088 0.332304 0.174246 0.325425 0.18151 0.335594 0.186158 0.346126 0.189063 0.36392 0.188773 0.378084 0.186449 0.383531 0.182962 0.386436 0.17599 0.386436 0.168145 0.38462 0.156234 0.376994 0.146356 0.367915 0.141126 0.360289
1 10 0.131926 0.338726 0.13342 0.329387 0.13611 0.322663 0.140294 0.315939 0.144777 0.312203 0.148961 0.311082 0.152266 0.31084 0.15703 0.311082 0.163007 0.31295 0.170703 0.318457 0.174141 0.325391 0.166593 0.336858 0.159328 0.345088 0.156641 0.349121 0.152381 0.352585 0.151351 0.353669 0.145673 0.358151 0.141172 0.360352 0.13611 0.353669 0.132225 0.345824
0 16 0.453543 0.445779 0.454673 0.441186 0.457783 0.439066 0.461457 0.439772 0.464849 0.442599 0.465132 0.445779 0.464849 0.450372 0.46287 0.452845 0.458348 0.454258 0.454391 0.451079
1 16 0.442248 0.43973 0.443119 0.429562 0.445444 0.421209 0.450673 0.416488 0.456774 0.413583 0.461423 0.412857 0.46549 0.412857 0.466912 0.416238 0.466912 0.419925 0.465571 0.426628 0.465571 0.435342 0.467448 0.446737 0.467448 0.455786 0.46718 0.461484 0.461817 0.465841 0.453579 0.464788 0.447187 0.460431 0.44341 0.451352
2 16 0.461927 0.465752 0.46718 0.461484 0.467448 0.455786 0.467448 0.446737 0.465571 0.435342 0.465571 0.426628 0.466912 0.419925 0.466912 0.416238 0.465662 0.413266 0.465839 0.413221 0.469593 0.413221 0.478441 0.415232 0.484876 0.418584 0.490775 0.422606 0.495869 0.428974 0.499087 0.437353 0.500427 0.445396 0.499623 0.45277 0.496137 0.459808 0.48997 0.463495 0.482731 0.467182 0.474687 0.468522 0.467448 0.468522 0.462622 0.466511
4 16 0.535082 0.459935 0.533981 0.466471 0.521597 0.461311 0.512241 0.455463 0.506186 0.453743 0.500407 0.452711 0.499629 0.452711 0.500427 0.445396 0.499087 0.437353 0.497866 0.434175 0.500958 0.435855 0.507287 0.440327 0.516369 0.447207 0.5249 0.453743 0.533156 0.458559 0.535082 0.459935 0.535082 0.459935 0.534201 0.459306 0.534445 0.459262 0.543346 0.462165 0.551474 0.466519 0.557473 0.471599 0.560763 0.475711 0.564126 0.481297 0.56819 0.488795 0.570125 0.494843 0.570899 0.502825 0.570319 0.509356 0.567996 0.514678 0.563546 0.518064 0.556966 0.519758 0.551354 0.52 0.544388 0.517581 0.535486 0.511533 0.527552 0.504035 0.519231 0.49194 0.513619 0.481539 0.509942 0.473314 0.506265 0.460494 0.505156 0.453559 0.506186 0.453743 0.51173 0.455318 0.515554 0.469202 0.519231 0.480087 0.523295 0.489279 0.528713 0.497504 0.536067 0.504277 0.54284 0.508147 0.549613 0.510566 0.556966 0.510808 0.561223 0.508873 0.565481 0.505244 0.566061 0.500164 0.565094 0.492666 0.561611 0.485409 0.55716 0.47912 0.551548 0.47404 0.545936 0.471137 0.541872 0.46896 0.533987 0.466439 0.535082 0.459935
0 23 0.851987 0.70318 0.84885 0.7022 0.846498 0.699586 0.846498 0.694358 0.848327 0.689783 0.850157 0.689457 0.853555 0.692724 0.854078 0.696645 0.853555 0.701547 0.851987 0.70318 0.851214 0.714622 0.853645 0.716446 0.85632 0.716446 0.843828 0.712695 0.842109 0.711035 0.839531 0.71084 0.837266 0.712598 0.837578 0.715918 0.839766 0.718066 0.841875 0.717676 0.843437 0.715527 0.843828 0.712695 0.85632 0.716446 0.858751 0.712191 0.858508 0.707328 0.855347 0.706417 0.852916 0.707328 0.852673 0.708544 0.850971 0.711279 0.851214 0.714622
1 23 0.832667 0.715926 0.835043 0.712362 0.841933 0.70761 0.847121 0.700279 0.847109 0.700586 0.846328 0.694824 0.848125 0.690234 0.849453 0.68877 0.852422 0.690625 0.852123 0.691347 0.856188 0.684742 0.859039 0.678505 0.861653 0.680287 0.865217 0.685039 0.867593 0.69187 0.869731 0.702858 0.869493 0.711768 0.86878 0.717411 0.867117 0.724539 0.863791 0.728696 0.858564 0.732557 0.8531 0.732854 0.848823 0.73226 0.843121 0.731369 0.837894 0.728102 0.834568 0.724836 0.831016 0.718262
2 23 0.816035 0.656687 0.816748 0.651936 0.82055 0.649263 0.823401 0.649263 0.83528 0.652233 0.842408 0.65639 0.848823 0.66233 0.859277 0.678367 0.85931 0.678552 0.859039 0.678367 0.856188 0.684604 0.852123 0.691209 0.849766 0.688965 0.847969 0.690234 0.846562 0.69502 0.847121 0.700141 0.841933 0.707472 0.835043 0.712224 0.832667 0.715788 0.830937 0.718262 0.829816 0.715194 0.821975 0.692326 0.818174 0.677476 0.816035 0.664409
3 23 0.795852 0.60693 0.797682 0.602029 0.805001 0.60889 0.813889 0.623921 0.821718 0.643126 0.823391 0.649401 0.82055 0.649401 0.816799 0.652038 0.812843 0.640913 0.808138 0.628169 0.800818 0.615099
4 23 0.582438 0.596477 0.584534 0.571584 0.587154 0.552586 0.602876 0.530969 0.62279 0.519832 0.654234 0.513282 0.674673 0.515247 0.707647 0.533469 0.743249 0.557553 0.772149 0.577972 0.79728 0.598915 0.799302 0.603548 0.797682 0.602029 0.795923 0.606738 0.773581 0.58812 0.739108 0.563028 0.703325 0.538482 0.683689 0.529755 0.669725 0.52321 0.65707 0.522119 0.638742 0.5243 0.619979 0.529755 0.60776 0.535755 0.599469 0.54721 0.591178 0.563574 0.589433 0.575574 0.587687 0.596302 0.590339 0.610268 0.599388 0.643603 0.61415 0.698367 0.625012 0.728247 0.646968 0.801225 0.664931 0.845511 0.669422 0.859857 0.668424 0.864223 0.664931 0.861104 0.657945 0.845511 0.643974 0.809957 0.627008 0.756939 0.607068 0.695393 0.597111 0.659364 0.587154 0.62137
4 27 0.802189 0.623032 0.812648 0.621538 0.829982 0.614813 0.84343 0.605848 0.855683 0.598003 0.863752 0.5924 0.890395 0.581588 0.905583 0.575259 0.924485 0.569774 0.942037 0.565555 0.955876 0.563023 0.986591 0.562179 1 0.561336 1 0.566821 0.983216 0.567242 0.962964 0.568508 0.946087 0.571884 0.926848 0.576946 0.904571 0.584119 0.874573 0.594667 0.860228 0.602512 0.848274 0.609609 0.833929 0.619322 0.826757 0.623805 0.817193 0.628288 0.803982 0.631997
3 27 0.76181 0.631058 0.762143 0.630503 0.763039 0.623779 0.762871 0.619363 0.769913 0.62079 0.787545 0.623032 0.802189 0.623032 0.803982 0.631997 0.767821 0.631997
2 27 0.70297 0.608463 0.704165 0.602486 0.707752 0.596135 0.720602 0.590158 0.730464 0.587917 0.736143 0.58829 0.740625 0.589411 0.748395 0.594267 0.75497 0.59875 0.760051 0.606595 0.76274 0.615934 0.763039 0.623779 0.762143 0.630503 0.758556 0.63648 0.751982 0.639842 0.742418 0.64171 0.733453 0.639842 0.724487 0.63648 0.714625 0.629382 0.708051 0.621538 0.704165 0.61444
4 33 0.280786 0.532663 0.28643 0.541357 0.293914 0.556327 0.298405 0.572544 0.300401 0.586267 0.299902 0.589385 0.296908 0.590633 0.293415 0.585643 0.291419 0.572544 0.285432 0.553832 0.279151 0.54002 0.28144 0.537159
3 33 0.252543 0.544711 0.252668 0.537976 0.255283 0.532254 0.260188 0.531846 0.265419 0.531846 0.269996 0.534298 0.276862 0.539202 0.279151 0.54002 0.28144 0.537159 0.280786 0.532663 0.276862 0.527759 0.27065 0.523672 0.264765 0.522037 0.256918 0.522446 0.249071 0.526533 0.246129 0.528985 0.242205 0.53675 0.241452 0.549244 0.245931 0.545245
2 33 0.284112 0.59457 0.283685 0.588171 0.282405 0.579906 0.279632 0.569507 0.275366 0.560442 0.268541 0.55271 0.258302 0.546578 0.252543 0.544711 0.245931 0.545245 0.241452 0.549244 0.238892 0.55431 0.236119 0.561242 0.235906 0.567374 0.236333 0.574307 0.238679 0.582572 0.242305 0.591904 0.247638 0.600969 0.25425 0.607368 0.263422 0.614034 0.265391 0.6125 0.2675 0.609766 0.269453 0.606836 0.273828 0.603613 0.276719 0.600098 0.279609 0.599121 0.281797 0.596289
1 33 0.279844 0.59873 0.276797 0.600488 0.274375 0.603613 0.269922 0.606738 0.267656 0.609863 0.265547 0.612793 0.263422 0.614034 0.267901 0.614567 0.27238 0.614833 0.276006 0.6135 0.279419 0.611901 0.282832 0.608168 0.283898 0.603635 0.284112 0.597236 0.284112 0.59457
4 39 0.607382 0.835797 0.606587 0.823522 0.604573 0.808421 0.600949 0.797348 0.598533 0.793824 0.594104 0.791811 0.588063 0.791811 0.585245 0.794328 0.582828 0.799361 0.583231 0.806911 0.585647 0.814462 0.587661 0.820502 0.592896 0.828555 0.597325 0.835602 0.608197 0.841139 0.619875 0.844159 0.638398 0.846676 0.678148 0.852527 0.717197 0.847169 0.751961 0.845979 0.792439 0.842407 0.818155 0.838836 0.891589 0.817745 0.9355 0.809013 0.950969 0.805894 0.952965 0.81026 0.949971 0.814003 0.932507 0.817121 0.907058 0.822735 0.87612 0.828349 0.851171 0.836457 0.821207 0.845675 0.788417 0.84966 0.756537 0.853645 0.723292 0.855352 0.697788 0.855352 0.66773 0.856491 0.646325 0.853075 0.630385 0.851937 0.619777 0.850285 0.608048 0.847511 0.596318 0.84117 0.587442 0.832056 0.581735 0.820961 0.579199 0.810261 0.578565 0.799562 0.581735 0.790448 0.591246 0.7849 0.597586 0.7849 0.60361 0.788466 0.608048 0.795599 0.610267 0.80828 0.611535 0.821753 0.612361 0.835797
3 39 0.605649 0.880912 0.607631 0.873759 0.608378 0.856956 0.607382 0.835797 0.612361 0.835797 0.613854 0.851044 0.61485 0.866913 0.615887 0.881979 0.611834 0.880646
2 39 0.590922 0.937647 0.590168 0.9235 0.590291 0.911841 0.591571 0.901709 0.59541 0.891311 0.601596 0.883312 0.605649 0.880912 0.611834 0.880646 0.615887 0.881979 0.61994 0.888645 0.623139 0.898243 0.625486 0.910241 0.626339 0.923039 0.624419 0.936903 0.622266 0.944922 0.618516 0.944141 0.616406 0.943945 0.612734 0.942285 0.607578 0.940527 0.601328 0.93916 0.597813 0.93877 0.594688 0.93877
1 39 0.590922 0.937647 0.593013 0.948391 0.595336 0.953617 0.59975 0.957973 0.604396 0.959425 0.610435 0.959425 0.615081 0.958844 0.618798 0.955069 0.620889 0.948971 0.622344 0.94502 0.619062 0.944141 0.616172 0.944141 0.612266 0.941895 0.608203 0.94082 0.603906 0.939648 0.601328 0.939258 0.597891 0.938574 0.594219 0.938672
0 39 0.605092 0.941712 0.604163 0.942874 0.604163 0.948971 0.606875 0.954102 0.608437 0.955762 0.61125 0.954199 0.610203 0.948681 0.608809 0.944616 0.608112 0.943164
0 10 0.155391 0.341406 0.154297 0.342578 0.153906 0.345215 0.154766 0.347559 0.155938 0.348047 0.157578 0.346777 0.158672 0.344727 0.158438 0.342187 0.157422 0.340625
