4 7 0.725901 0.82741 0.73162 0.832176 0.7303 0.836422 0.731088 0.841841 0.73503 0.846275 0.738183 0.847261 0.74173 0.847261 0.745277 0.845783 0.749218 0.841841 0.753554 0.831988 0.755448 0.826218 0.76656 0.797502 0.771289 0.796517 0.772472 0.799473 0.755918 0.844305 0.752765 0.850216 0.74843 0.853172 0.744095 0.856128 0.739759 0.856128 0.734636 0.855636 0.726359 0.85268 0.723994 0.849231 0.722418 0.843812 0.724782 0.829525 0.725901 0.82741 0.725901 0.82741 0.734956 0.822644 0.743058 0.817879 0.751636 0.816687 0.759261 0.817283 0.764503 0.821453 0.778323 0.838133 0.787378 0.846472 0.795956 0.853621 0.801198 0.858386 0.80787 0.858386 0.815972 0.855408 0.833605 0.837537 0.859815 0.805369 0.867917 0.790476 0.8703 0.779754 0.86887 0.768435 0.864105 0.754734 0.857433 0.746394 0.849808 0.74282 0.831698 0.74282 0.818355 0.74699 0.786901 0.763074 0.749253 0.788093 0.723995 0.80239 0.685042 0.822636 0.66275 0.828502 0.660776 0.822331 0.661565 0.821453 0.723519 0.79405 0.76212 0.771414 0.804534 0.743416 0.831698 0.732097 0.848378 0.733289 0.857433 0.73448 0.86887 0.745203 0.875542 0.765457 0.876972 0.786902 0.86887 0.807156 0.832651 0.852429 0.825503 0.858386 0.818831 0.861961 0.811206 0.864343 0.803581 0.864939 0.796433 0.864939 0.789284 0.862556 0.78023 0.850642 0.767362 0.837537 0.762597 0.830388 0.755448 0.826218 0.745917 0.824431 0.73162 0.832176 0.725901 0.82741
3 7 0.62143 0.848246 0.64585 0.830291 0.660547 0.821616 0.662996 0.82927 0.658097 0.831822 0.64585 0.839476 0.624736 0.855311 0.623396 0.850703
2 7 0.589474 0.850962 0.589511 0.850703 0.600126 0.846621 0.604616 0.84509 0.615231 0.8456 0.62013 0.846621 0.623396 0.850703 0.625029 0.856317 0.625029 0.86142 0.622579 0.869075 0.614006 0.883874 0.607474 0.891528 0.600534 0.89459 0.595547 0.89375 0.591875 0.892188 0.587109 0.889551 0.588828 0.883398 0.589453 0.872168 0.590495 0.861177 0.590037 0.856031 0.590037 0.853743 0.58958 0.850885
1 7 0.58958 0.850885 0.578602 0.85889 0.574485 0.865751 0.574027 0.871469 0.5754 0.877187 0.580431 0.882904 0.587293 0.889766 0.589063 0.883008 0.589219 0.879102 0.589687 0.871973 0.590495 0.861177 0.590037 0.856031 0.590037 0.853743
4 15 0.707122 0.749369 0.707765 0.74868 0.792272 0.708875 0.836772 0.690504 0.88372 0.673664 1 0.643045 1 0.652231 0.89311 0.678767 0.861675 0.686932 0.800029 0.714999 0.754476 0.734187 0.708152 0.757191 0.707653 0.757347 0.707345 0.749252
3 15 0.652193 0.778044 0.707345 0.749252 0.707691 0.75834 0.686918 0.768727 0.653335 0.784739 0.65321 0.784859 0.652989 0.781277
2 15 0.608935 0.799697 0.6029 0.797148 0.595397 0.795211 0.607385 0.786852 0.617579 0.779921 0.632992 0.775537 0.649181 0.774785 0.651604 0.775651 0.652989 0.781277 0.653335 0.786903 0.652297 0.795126 0.649181 0.802483 0.635332 0.81763 0.628062 0.822823 0.618021 0.82715 0.61719 0.82728 0.617408 0.825373 0.617408 0.820939 0.617014 0.813549 0.615438 0.805666
1 15 0.603145 0.797352 0.595337 0.794828 0.58982 0.806159 0.58982 0.814041 0.59179 0.821924 0.596914 0.829314 0.601643 0.830792 0.608738 0.830792 0.61465 0.829314 0.617014 0.828821 0.617408 0.825373 0.617408 0.820939 0.617014 0.813549 0.615438 0.805666 0.609098 0.799697
4 22 0.641886 0.830479 0.666952 0.774557 0.710458 0.633223 0.718944 0.60956 0.722534 0.604665 0.726125 0.602217 0.729062 0.601401 0.733541 0.601709 0.733826 0.609559 0.7304 0.61063 0.726975 0.614199 0.722121 0.624547 0.717554 0.632041 0.714413 0.64239 0.669808 0.778523 0.64585 0.830291 0.641886 0.830479 0.642233 0.830308 0.646063 0.831744 0.628064 0.88512 0.61983 0.90355 0.611788 0.944719 0.600355 0.999023 0.59398 0.997377 0.602214 0.963149 0.615426 0.902593 0.632276 0.860706 0.642233 0.830308
3 22 0.733541 0.601709 0.747815 0.603136 0.776078 0.609559 0.78007 0.610651 0.778932 0.61634 0.778932 0.618387 0.763516 0.616697 0.752953 0.612414 0.737252 0.610273 0.733826 0.609559
2 22 0.778932 0.61634 0.780074 0.61063 0.7835 0.604564 0.788924 0.602066 0.793492 0.600281 0.802056 0.599568 0.819063 0.601367 0.822813 0.602637 0.822109 0.611621 0.820547 0.616992 0.81625 0.623926 0.81125 0.638086 0.810391 0.644629 0.805469 0.644043 0.8012 0.643104 0.791779 0.637751 0.784071 0.632398 0.781787 0.628473 0.781216 0.627045 0.778932 0.620622
1 22 0.810859 0.642188 0.811484 0.637793 0.816328 0.624023 0.820703 0.616992 0.822266 0.611816 0.822578 0.605566 0.822869 0.602304 0.829726 0.607066 0.832393 0.611351 0.834679 0.619922 0.833155 0.630875 0.826298 0.639446 0.815631 0.644684 0.810781 0.644727
1 28 0.353359 0.521973 0.351953 0.52832 0.349453 0.535742 0.344844 0.540918 0.341226 0.541454 0.33493 0.542169 0.32749 0.538592 0.3252 0.53573 0.324628 0.532869 0.32749 0.530722 0.333213 0.525714
2 28 0.315872 0.492899 0.318731 0.475028 0.322067 0.469071 0.325403 0.466689 0.328739 0.466093 0.333981 0.469071 0.339224 0.473241 0.34256 0.478603 0.354063 0.505078 0.354601 0.513021 0.353594 0.522168 0.349141 0.522559 0.333213 0.525714 0.32749 0.530722 0.324628 0.532869 0.324629 0.532874 0.322544 0.529833 0.317302 0.513153
3 28 0.32334 0.468163 0.324927 0.451796 0.326356 0.441073 0.330645 0.432733 0.345419 0.40831 0.354474 0.408905 0.339224 0.431542 0.332552 0.441669 0.331122 0.456562 0.329684 0.466629 0.328739 0.466093 0.325403 0.466689
4 28 0.345945 0.408162 0.379829 0.361723 0.443139 0.276706 0.498698 0.206217 0.534116 0.161301 0.548942 0.142769 0.567811 0.095596 0.606435 0 0.617179 0 0.573486 0.105681 0.554863 0.149553 0.541254 0.170146 0.505208 0.215983 0.429516 0.309819 0.356456 0.40741 0.353841 0.408864 0.345945 0.408344
0 28 0.334481 0.527592 0.336522 0.525551 0.339056 0.526154 0.340488 0.528143 0.339788 0.531164 0.338155 0.532695 0.334999 0.531524
4 36 0.179224 0.334289 0.176829 0.336783 0.17565 0.3401 0.169216 0.342938 0.157223 0.355345 0.151846 0.367235 0.147297 0.383261 0.147297 0.392049 0.150606 0.402906 0.155982 0.409626 0.181735 0.415307 0.18144 0.417033 0.181753 0.421734 0.177487 0.423067 0.165908 0.421516 0.157223 0.420999 0.154741 0.418931 0.143989 0.41066 0.140266 0.400321 0.139439 0.392566 0.139853 0.38171 0.142748 0.370854 0.14647 0.359998 0.152673 0.348625 0.160945 0.337769 0.166735 0.333116 0.178315 0.333116 0.179499 0.334174 0.179224 0.334289 0.179224 0.334289 0.18521 0.331795 0.1896 0.330797 0.195586 0.332293 0.201971 0.338778 0.208356 0.345263 0.213544 0.352247 0.21554 0.361227 0.21554 0.367213 0.211948 0.381181 0.203567 0.404647 0.20299 0.403564 0.199564 0.400839 0.201173 0.396146 0.202769 0.387666 0.208356 0.3727 0.208356 0.366714 0.207558 0.35973 0.203568 0.350252 0.199178 0.345762 0.193191 0.342769 0.188802 0.341273 0.182017 0.344266 0.178825 0.347758 0.177779 0.351416 0.177617 0.350817 0.172563 0.35519 0.172838 0.351748 0.173637 0.348257 0.175233 0.341273 0.176829 0.336783 0.179224 0.334289
3 36 0.171583 0.356038 0.177617 0.350817 0.190997 0.400088 0.185829 0.404063 0.184927 0.405755 0.184114 0.40361 0.176689 0.380984 0.172047 0.36358
2 36 0.18144 0.417033 0.182637 0.410049 0.185829 0.404063 0.191018 0.400072 0.194609 0.399074 0.1986 0.400072 0.20299 0.403564 0.206981 0.411047 0.210572 0.420026 0.214164 0.432497 0.21576 0.444968 0.21541 0.44672 0.215128 0.446367 0.199646 0.45181 0.186678 0.457814 0.186229 0.45744 0.182637 0.434991
1 36 0.186582 0.457858 0.199646 0.45181 0.215128 0.446367 0.216579 0.448182 0.218031 0.45181 0.218999 0.46572 0.217063 0.474187 0.211257 0.478421 0.204968 0.47963 0.200129 0.479025 0.195775 0.476606 0.188034 0.46693
4 43 0.284804 0.345086 0.337242 0.266526 0.384841 0.198663 0.461229 0.099423 0.530321 0 0.536329 0 0.464512 0.104188 0.390039 0.202853 0.339647 0.273647 0.290351 0.3477 0.285576 0.345568 0.285302 0.346018
3 43 0.259723 0.392691 0.272081 0.367738 0.285576 0.345568 0.290974 0.347978 0.266499 0.399716 0.266297 0.399548 0.263212 0.39521 0.260513 0.392801
2 43 0.226172 0.419043 0.227354 0.415935 0.236608 0.406296 0.246633 0.396174 0.25126 0.392319 0.257043 0.392319 0.260513 0.392801 0.263212 0.39521 0.266297 0.399548 0.26861 0.401476 0.26861 0.410633 0.264369 0.427502 0.264367 0.427505 0.258651 0.429887 0.256232 0.430491 0.246555 0.430491 0.228654 0.423234 0.225312 0.42373
1 43 0.223254 0.435836 0.225156 0.423242 0.228576 0.423136 0.246477 0.430393 0.256154 0.430393 0.258573 0.429789 0.264379 0.42737 0.256154 0.45398 0.250832 0.458818 0.241639 0.461237 0.236801 0.460028 0.229544 0.457004 0.227124 0.453375 0.223254 0.444908
0 43 0.231215 0.434641 0.232758 0.431749 0.235457 0.431267 0.241626 0.431749 0.251265 0.434641 0.25435 0.436086 0.254735 0.437532 0.25435 0.43946 0.235071 0.43946 0.231215 0.43705
0 22 0.822734 0.628027 0.824609 0.630176 0.826641 0.628906 0.827578 0.625098 0.827344 0.62041 0.825703 0.619336 0.824219 0.619043 0.823047 0.619727 0.822031 0.623633 0.822734 0.628027 0.818906 0.631348 0.817969 0.630859 0.817031 0.630957 0.814141 0.632031 0.813203 0.63418 0.812891 0.636523 0.815 0.637891 0.817891 0.637891 0.819453 0.636914 0.819375 0.633691 0.818906 0.631348
0 15 0.607344 0.802637 0.605391 0.803809 0.605078 0.807617 0.608203 0.81123 0.611875 0.810547 0.614062 0.807617 0.613359 0.804785 0.612031 0.802344 0.61 0.802148
