2 11 0.430718 0.208697 0.423456 0.213308 0.41543 0.216956 0.408864 0.217412 0.403027 0.213308 0.399744 0.207836 0.398284 0.201452 0.399014 0.192332 0.402662 0.1823 0.409958 0.17318 0.41616 0.165883 0.417984 0.165883 0.421997 0.168163 0.424185 0.172268 0.427469 0.177284 0.432576 0.1823 0.436589 0.184124 0.440966 0.185492 0.443516 0.189746 0.440859 0.193945 0.438413 0.197348
3 11 0.367617 0.255113 0.371754 0.245713 0.37965 0.233022 0.389427 0.220802 0.400334 0.20882 0.403027 0.213308 0.405724 0.215204 0.404091 0.217041 0.394315 0.227852 0.388675 0.236312 0.380291 0.248313 0.372709 0.264321 0.365956 0.261971
4 11 0.25109 0.284996 0.25452 0.29893 0.25795 0.310185 0.260523 0.313937 0.262667 0.313401 0.262667 0.309649 0.261809 0.305362 0.255237 0.279997 0.25083 0.267977 0.246824 0.265974 0.241615 0.265473 0.235605 0.266976 0.229996 0.269981 0.226791 0.277493 0.227191 0.284504 0.230797 0.289513 0.236807 0.291516 0.242016 0.291516 0.248827 0.291516 0.258042 0.293018 0.26285 0.295522 0.264452 0.301532 0.265654 0.309546 0.265654 0.313051 0.265254 0.317559 0.261247 0.324069 0.254035 0.329578 0.242416 0.335588 0.231999 0.345605 0.215028 0.361266 0.199441 0.384735 0.196607 0.39359 0.194836 0.405546 0.194836 0.417944 0.198378 0.431671 0.208297 0.444069 0.217153 0.453811 0.228134 0.462224 0.234501 0.464623 0.244645 0.466928 0.257094 0.466352 0.266316 0.461741 0.279687 0.452519 0.286603 0.443874 0.312424 0.399495 0.354325 0.311577 0.372709 0.264321 0.365956 0.261971 0.338264 0.322367 0.311754 0.374663 0.288119 0.41978 0.278513 0.438555 0.270071 0.449108 0.261629 0.454662 0.254075 0.457995 0.248299 0.457995 0.239412 0.455773 0.226083 0.449664 0.218085 0.442999 0.209642 0.429669 0.205643 0.420782 0.203866 0.412451 0.202533 0.405786 0.202533 0.399121 0.206088 0.388568 0.220649 0.369674 0.243802 0.346093 0.259237 0.338054 0.265668 0.335374 0.269955 0.330551 0.272957 0.322512 0.273385 0.313937 0.273385 0.305362 0.272957 0.295715 0.268669 0.28714 0.263524 0.28446 0.259237 0.282316 0.248947 0.282316 0.242515 0.282316 0.237799 0.28178 0.235655 0.280173 0.234369 0.276957 0.234798 0.275349 0.238228 0.273205 0.240372 0.273205 0.245088 0.275349 0.248947 0.277493 0.25109 0.284996 0.25109 0.284996 0.252997 0.292279 0.258042 0.293018 0.258779 0.293367 0.255869 0.282483 0.250182 0.282265 0.25109 0.284996
1 11 0.415842 0.165266 0.422234 0.157745 0.433138 0.153515 0.439155 0.153045 0.444043 0.155865 0.447803 0.162915 0.448931 0.168556 0.448931 0.177486 0.445547 0.185477 0.443594 0.189941 0.440966 0.185492 0.436589 0.184124 0.432576 0.1823 0.427469 0.177284 0.424185 0.172268 0.421997 0.168163 0.417984 0.165883 0.41616 0.165883
4 23 0.196945 0.627461 0.179713 0.597432 0.175091 0.580102 0.17245 0.548742 0.175091 0.511605 0.180373 0.46374 0.191051 0.361874 0.193145 0.301681 0.197117 0.245735 0.197117 0.190926 0.197117 0.169002 0.193359 0.152559 0.188974 0.139248 0.177073 0.11889 0.160018 0.086614 0.149292 0.06129 0.144525 0.047883 0.139758 0.027772 0.139758 0.01213 0.142737 0.005426 0.145121 0.005426 0.149292 0.009896 0.151676 0.015109 0.152271 0.024048 0.155251 0.043413 0.16836 0.076187 0.187428 0.10598 0.200537 0.12907 0.206496 0.149926 0.207092 0.175996 0.206496 0.231859 0.201447 0.358088 0.194388 0.424601 0.186787 0.491114 0.185158 0.51962 0.182443 0.544053 0.184072 0.567129 0.189502 0.584775 0.197646 0.605137 0.206698 0.620664
3 23 0.196945 0.627461 0.206698 0.620664 0.221731 0.639456 0.236138 0.655116 0.253227 0.674267 0.251526 0.674602 0.248212 0.676674 0.246141 0.680816 0.244732 0.685219 0.221382 0.65916 0.205245 0.638988
2 23 0.262002 0.723676 0.249041 0.701009 0.245727 0.694796 0.244484 0.685994 0.246141 0.680816 0.248212 0.676674 0.251526 0.674602 0.259396 0.673049 0.280916 0.676647 0.285228 0.679043 0.28875 0.681055 0.287624 0.688027 0.286186 0.691021 0.283791 0.698208 0.283791 0.703 0.283791 0.707791 0.283791 0.712583 0.282353 0.717374 0.280437 0.71977 0.274208 0.722765 0.266541 0.726957 0.264625 0.726957
1 23 0.265475 0.726957 0.266541 0.726957 0.274208 0.722765 0.280437 0.71977 0.282353 0.717374 0.283791 0.712583 0.283791 0.698208 0.286186 0.691021 0.287624 0.688027 0.288672 0.680859 0.295081 0.683844 0.304664 0.689833 0.310893 0.698817 0.315205 0.71379 0.315684 0.72517 0.314247 0.734154 0.310813 0.738873 0.305143 0.74194 0.294123 0.74194 0.283581 0.739544 0.272561 0.734154
4 39 0.233755 0.520416 0.234415 0.51794 0.238376 0.514639 0.240357 0.516289 0.242997 0.520416 0.244978 0.527843 0.249284 0.532772 0.25602 0.536982 0.271177 0.542245 0.301649 0.550673 0.338759 0.553385 0.381293 0.547418 0.403166 0.543088 0.432509 0.544162 0.465733 0.552026 0.493924 0.563422 0.517144 0.574273 0.590613 0.61497 0.622963 0.6323 0.64343 0.641378 0.658615 0.64798 0.671159 0.652106 0.695586 0.659534 0.713412 0.664485 0.731238 0.671088 0.751044 0.673563 0.751489 0.673603 0.75035 0.674188 0.754542 0.681508 0.755492 0.681294 0.749974 0.685126 0.735172 0.684201 0.717409 0.677725 0.691504 0.670323 0.668561 0.664773 0.621401 0.643508 0.569646 0.616654 0.509722 0.58231 0.481994 0.569106 0.455585 0.559203 0.427196 0.552601 0.412011 0.552601 0.393525 0.556727 0.360515 0.560028 0.335427 0.562504 0.294705 0.561252 0.271387 0.554251 0.259503 0.550125 0.247619 0.542698 0.242337 0.536096 0.234415 0.527843
3 39 0.756738 0.67091 0.766134 0.668561 0.773025 0.665429 0.781168 0.661514 0.791816 0.653684 0.805597 0.642723 0.807421 0.641456 0.807421 0.646435 0.809078 0.65006 0.810063 0.650573 0.801212 0.658382 0.789311 0.666212 0.771772 0.675608 0.75987 0.680306 0.754542 0.681508 0.75035 0.674188
2 39 0.849849 0.645786 0.833932 0.649542 0.81902 0.653684 0.814049 0.652649 0.809078 0.65006 0.807421 0.646435 0.807421 0.641258 0.810735 0.633491 0.815292 0.625724 0.830618 0.607602 0.837246 0.601388 0.840078 0.599805 0.841802 0.600353 0.84553 0.602941 0.848016 0.608637 0.850087 0.616404 0.851744 0.623135 0.852572 0.629349 0.853815 0.634009 0.855472 0.641775 0.855994 0.644613
1 39 0.840336 0.59954 0.847421 0.592455 0.856631 0.587584 0.863007 0.587584 0.869029 0.59157 0.875405 0.596883 0.877885 0.603525 0.878593 0.610167 0.876468 0.620351 0.872926 0.628322 0.870092 0.633192 0.865841 0.638063 0.860173 0.642491 0.856404 0.644818 0.855472 0.641775 0.853815 0.634009 0.852572 0.629349 0.851744 0.623135 0.850087 0.616404 0.848016 0.608637 0.84553 0.602941 0.841802 0.600353
0 39 0.854954 0.604581 0.85186 0.607675 0.848147 0.606128 0.847528 0.603807 0.848147 0.6011 0.85155 0.599553 0.853716 0.599553 0.854954 0.601487 0.854954 0.604581 0.865631 0.613835 0.867441 0.611571 0.870459 0.611949 0.871063 0.613458 0.871063 0.615344 0.870459 0.617984 0.86895 0.620625 0.867441 0.619871 0.865631 0.618362 0.865329 0.616476 0.865631 0.613835
4 51 0.763995 0.656514 0.703787 0.62099 0.671573 0.603733 0.640382 0.583279 0.609191 0.563465 0.593339 0.548764 0.569732 0.527387 0.538485 0.489723 0.518397 0.472983 0.501099 0.457638 0.478779 0.444386 0.45925 0.440201 0.43414 0.433923 0.387866 0.431119 0.373267 0.432523 0.358886 0.434193 0.343411 0.441531 0.316728 0.452871 0.294315 0.462877 0.27277 0.469084 0.260751 0.470962 0.248898 0.472631 0.237881 0.473466 0.22102 0.474509 0.202491 0.475135 0.199152 0.472214 0.21017 0.468249 0.219685 0.465745 0.234375 0.465745 0.24606 0.464493 0.26459 0.461155 0.279948 0.456355 0.295974 0.452182 0.324185 0.43987 0.361021 0.424187 0.377278 0.422497 0.405314 0.421519 0.428131 0.422497 0.449073 0.424854 0.476822 0.43486 0.497634 0.443532 0.51898 0.45754 0.551703 0.489196 0.573037 0.511015 0.592563 0.533187 0.613097 0.552638 0.641812 0.571488 0.682719 0.596353 0.708708 0.611593 0.766753 0.647741
3 51 0.808531 0.691847 0.782519 0.669894 0.769648 0.661964 0.765733 0.658133 0.763995 0.656514 0.766753 0.647741 0.785149 0.660004 0.796595 0.670224 0.814064 0.682626 0.811925 0.685299
2 51 0.80807 0.698763 0.808531 0.691847 0.811925 0.685299 0.814064 0.682626 0.819135 0.680897 0.825591 0.68032 0.832968 0.682626 0.839884 0.68666 0.84625 0.693262 0.844297 0.698145 0.836953 0.704688 0.833281 0.709961 0.831484 0.717383 0.82974 0.726428 0.829279 0.731615 0.828357 0.733344 0.825591 0.733921 0.82098 0.729886 0.814327 0.721323 0.808992 0.71029
1 51 0.828672 0.73623 0.825703 0.733984 0.828828 0.733398 0.82974 0.726428 0.831484 0.717383 0.833281 0.710156 0.836641 0.704395 0.844297 0.698145 0.846328 0.693262 0.853374 0.698592 0.860564 0.704936 0.863101 0.713394 0.863101 0.725553 0.860141 0.733483 0.850836 0.739298 0.840686 0.739827 0.833497 0.738241
0 51 0.840915 0.717076 0.837414 0.71817 0.834788 0.717806 0.833913 0.715253 0.833913 0.71197 0.835955 0.709053 0.837997 0.708688 0.839748 0.709418 0.841498 0.712335 0.841498 0.714523 0.840915 0.717076 0.842911 0.728804 0.839555 0.730901 0.840394 0.733916 0.844799 0.734178 0.85193 0.732343 0.858221 0.726445 0.856858 0.721332 0.854027 0.720021 0.85193 0.723954 0.848679 0.726445 0.842911 0.728804
0 23 0.30375 0.722852 0.301484 0.725781 0.300234 0.727637 0.300156 0.730762 0.300156 0.732812 0.300937 0.734863 0.303203 0.735645 0.305547 0.733984 0.308047 0.731445 0.309219 0.72793 0.309688 0.725 0.308281 0.722559 0.305312 0.722559 0.30375 0.722852 0.29375 0.708203 0.290156 0.709961 0.288359 0.709766 0.281719 0.727148 0.279062 0.726367 0.275938 0.727051 0.272969 0.727832 0.271484 0.730762 0.272969 0.733984 0.278672 0.737402 0.282891 0.736328 0.284297 0.733398 0.283984 0.729883 0.281719 0.727148 0.288359 0.709766 0.287109 0.707812 0.28625 0.701953 0.287109 0.693945 0.28875 0.691309 0.290703 0.691895 0.292656 0.693555 0.293594 0.696875 0.293828 0.701367 0.29375 0.708203
0 11 0.432734 0.167676 0.428906 0.170703 0.428906 0.175293 0.431406 0.178223 0.43625 0.179883 0.439219 0.180469 0.443203 0.177344 0.444688 0.173145 0.444219 0.168555 0.441797 0.166992 0.439141 0.165723 0.436328 0.165918
