4 7 0.829644 0.920651 0.831919 0.912688 0.864399 0.93199 0.889376 0.942171 0.912723 0.950315 0.929555 0.956423 0.945844 0.959817 0.964848 0.959817 0.978422 0.959138 1 0.953591 1 0.961421 0.98712 0.965336 0.97146 0.968468 0.946404 0.968468 0.928239 0.967685 0.913832 0.962987 0.868731 0.944978 0.843675 0.930101 0.829895 0.921488
3 7 0.777076 0.866961 0.778464 0.866961 0.784132 0.865633 0.784689 0.864859 0.792374 0.875666 0.801465 0.88845 0.815102 0.902655 0.832147 0.911888 0.829307 0.921831 0.820784 0.916149 0.806011 0.908337 0.789533 0.892001 0.780442 0.874956
2 7 0.760376 0.856342 0.747709 0.831121 0.743203 0.820703 0.744521 0.817837 0.751606 0.814295 0.758691 0.807653 0.762587 0.801896 0.76613 0.799682 0.768255 0.799682 0.770703 0.798047 0.772969 0.802441 0.776016 0.809766 0.784841 0.839508 0.78732 0.857219 0.78732 0.861205 0.784132 0.865633 0.778464 0.866961 0.773151 0.866961 0.767837 0.862976
1 7 0.739614 0.798302 0.74127 0.790535 0.744999 0.785875 0.749555 0.783804 0.755354 0.783804 0.76281 0.787428 0.767656 0.792676 0.770703 0.797852 0.768255 0.799682 0.76613 0.799682 0.762587 0.801896 0.758691 0.807653 0.751606 0.814295 0.744521 0.817837 0.742927 0.820567 0.739614 0.80814
4 14 0.560961 1 0.569105 0.954622 0.572236 0.935047 0.579753 0.91234 0.58727 0.892765 0.595413 0.873973 0.597292 0.858314 0.598877 0.85658 0.598799 0.856929 0.605435 0.857567 0.605435 0.859097 0.597292 0.890416 0.589776 0.908425 0.582259 0.929566 0.575368 0.955405 0.567852 1
3 14 0.598799 0.856929 0.602439 0.840682 0.604518 0.821836 0.607117 0.795842 0.60862 0.772052 0.613494 0.775534 0.616287 0.775185 0.613876 0.797792 0.610757 0.823136 0.605558 0.857578
2 14 0.602244 0.735284 0.603407 0.72801 0.605347 0.721706 0.607675 0.717342 0.610834 0.701507 0.612658 0.697859 0.615942 0.699227 0.621778 0.702875 0.626156 0.703331 0.629804 0.703331 0.632358 0.705611 0.632723 0.711083 0.631263 0.716555 0.631993 0.724763 0.632723 0.72978 0.630534 0.739812 0.629951 0.751638 0.623969 0.76826 0.617373 0.775049 0.613494 0.775534 0.608063 0.771654 0.606123 0.76632 0.604959 0.760986 0.602631 0.741588
1 14 0.612734 0.697852 0.614609 0.692676 0.616112 0.68896 0.620254 0.6843 0.623154 0.683264 0.627296 0.684818 0.63061 0.689478 0.632681 0.696209 0.632681 0.703976 0.63233 0.705586 0.629804 0.703331 0.626156 0.703331 0.621778 0.702875 0.615942 0.699227
4 24 0.443527 0.012416 0.459623 0 0.46681 0 0.464894 0.005978 0.446789 0.017004
3 24 0.390013 0.045449 0.43358 0.018404 0.443239 0.012011 0.447785 0.018404 0.429035 0.031188 0.392889 0.053779 0.392482 0.048193
2 24 0.350231 0.06062 0.346641 0.0580078 0.357273 0.053371 0.378119 0.044155 0.386269 0.044051 0.388754 0.044051 0.392482 0.048193 0.392897 0.053889 0.392068 0.060102 0.387098 0.06994 0.379227 0.081331 0.375085 0.08858 0.366641 0.0967773 0.360859 0.101367 0.359344 0.098418 0.357273 0.093758 0.357687 0.085992 0.356859 0.075118 0.355616 0.067351 0.353131 0.064245
1 24 0.324913 0.090524 0.325937 0.0820312 0.326953 0.0757812 0.331773 0.067479 0.337346 0.062119 0.346406 0.0577148 0.348125 0.0594727 0.350231 0.06062 0.353131 0.064245 0.355616 0.067351 0.356859 0.075118 0.357687 0.085992 0.357273 0.093758 0.359344 0.098418 0.360625 0.101758 0.353437 0.10625 0.343778 0.10821 0.338204 0.109282 0.331773 0.107674 0.327656 0.105078 0.325469 0.100586
0 24 0.344408 0.0742095 0.345825 0.0706675 0.349014 0.0697815 0.352202 0.0715525 0.352556 0.0750955 0.352202 0.0799665 0.347951 0.0826225 0.344763 0.0799665
4 32 0.009004 0.082841 0.01172 0.071688 0.017539 0.065384 0.034221 0.059564 0.059825 0.058595 0.10668 0.062153 0.141089 0.063707 0.152665 0.066386 0.167672 0.075497 0.189109 0.089432 0.212262 0.110869 0.24356 0.145705 0.264789 0.173282 0.257019 0.178138 0.257113 0.178299 0.256127 0.177889 0.221212 0.136669 0.201039 0.116787 0.181641 0.097874 0.16302 0.085266 0.14595 0.078477 0.127328 0.074597 0.08931 0.072173 0.052842 0.067808 0.039264 0.067808 0.029565 0.070718 0.021807 0.077992 0.018703 0.084296 0.018703 0.09545 0.019479 0.105633 0.022194 0.113877 0.029565 0.121636 0.036549 0.12697 0.04004 0.127455 0.046247 0.127455 0.049739 0.125031 0.055558 0.118727 0.055558 0.112422 0.054394 0.103694 0.053618 0.094965 0.053618 0.084781 0.057886 0.077992 0.065257 0.077507 0.0703 0.078477 0.078447 0.083326 0.082326 0.088661 0.086594 0.095935 0.08737 0.104179 0.08737 0.110483 0.085818 0.115332 0.080775 0.118727 0.074955 0.118727 0.06836 0.115817 0.066033 0.110968 0.067196 0.105633 0.071464 0.105148 0.076507 0.103694 0.076895 0.099329 0.073016 0.09642 0.067972 0.096904 0.065645 0.102724 0.064093 0.110483 0.064093 0.116787 0.062929 0.124546 0.060213 0.132305 0.05711 0.136669 0.051291 0.141034 0.035773 0.141034 0.02685 0.138124 0.019867 0.12891 0.015599 0.120666 0.011332 0.106118 0.009004 0.09351
3 32 0.257019 0.178138 0.264998 0.173151 0.280956 0.191852 0.292924 0.211176 0.300903 0.232993 0.301438 0.239011 0.298445 0.23703 0.294432 0.235662 0.291149 0.236118 0.289636 0.238388 0.28181 0.215733 0.274521 0.200727 0.260801 0.184648
2 32 0.28896 0.24387 0.289325 0.238854 0.291149 0.236118 0.294432 0.235662 0.298445 0.23703 0.304646 0.241134 0.319239 0.260743 0.32617 0.272143 0.332578 0.284766 0.328359 0.289471 0.324346 0.290839 0.313767 0.291751 0.306835 0.292663 0.301363 0.292663 0.29735 0.293119 0.296256 0.290839 0.295166 0.288906 0.289689 0.265759
1 32 0.297547 0.293097 0.301363 0.292663 0.306835 0.292663 0.313767 0.291751 0.324346 0.290839 0.328359 0.289471 0.332918 0.284788 0.334695 0.295896 0.334684 0.306362 0.332918 0.313114 0.328475 0.317557 0.322254 0.32089 0.312923 0.318668 0.30537 0.313114 0.300482 0.302006
0 32 0.318281 0.297461 0.312578 0.297852 0.311797 0.299805 0.311719 0.302344 0.314375 0.305371 0.320156 0.306641 0.324922 0.305176 0.327422 0.301562 0.327188 0.295898 0.323906 0.294922
0 14 0.622344 0.695605 0.621094 0.698438 0.621484 0.700488 0.623203 0.702637 0.625469 0.702832 0.626484 0.700488 0.626641 0.697559 0.625625 0.695312 0.623828 0.69502
0 7 0.750781 0.801465 0.747969 0.80459 0.747344 0.808789 0.749141 0.810937 0.752891 0.809961 0.756641 0.805859 0.758437 0.804199 0.759609 0.801172 0.758281 0.798438 0.755469 0.797949 0.752422 0.798828
