4 8 0.553924 0.736355 0.550416 0.728782 0.569697 0.711816 0.593136 0.677634 0.614405 0.6326 0.639587 0.587775 0.671665 0.535956 0.688444 0.50943 0.712286 0.465616 0.727493 0.422168 0.747619 0.367313 0.753337 0.363024 0.748191 0.379464 0.735611 0.432358 0.713881 0.485252 0.677856 0.543149 0.654411 0.581033 0.627535 0.627494 0.608093 0.662518 0.590367 0.698972 0.574928 0.720415
3 8 0.490453 0.79924 0.493241 0.805821 0.500996 0.796138 0.512793 0.780196 0.533199 0.747116 0.553924 0.736355 0.550416 0.728782 0.530329 0.739145 0.522358 0.74592 0.50801 0.771029 0.490155 0.796935
0 8 0.423919 0.851582 0.417645 0.855503 0.412511 0.850512 0.414793 0.843382 0.421204 0.839103 0.427626 0.838392 0.429566 0.841813 0.427912 0.849443
1 8 0.416124 0.830597 0.417362 0.834082 0.421698 0.836017 0.43006 0.838727 0.436564 0.84376 0.440281 0.84918 0.443997 0.856923 0.448643 0.860407 0.435391 0.87178 0.420337 0.877425 0.409799 0.878177 0.404078 0.87479 0.398358 0.866511 0.398057 0.858231 0.403476 0.844306 0.411605 0.83565
2 8 0.416124 0.830597 0.445236 0.814338 0.465057 0.805434 0.484569 0.79924 0.490453 0.79924 0.493241 0.805821 0.492931 0.813951 0.490763 0.820145 0.484878 0.83021 0.467225 0.844534 0.448643 0.860407 0.443997 0.856923 0.440281 0.84918 0.436564 0.84376 0.43006 0.838727 0.421698 0.836017 0.417362 0.834082
4 14 0.606039 0.359562 0.60857 0.349621 0.623786 0.35167 0.645007 0.348586 0.667709 0.336248 0.695839 0.318975 0.715086 0.300469 0.738774 0.273326 0.757119 0.251904 0.769781 0.241729 0.789227 0.236641 0.806411 0.237772 0.829475 0.245121 0.853442 0.256426 0.867461 0.262079 0.880576 0.264905 0.897308 0.262644 0.914492 0.263209 0.939816 0.272254 0.952479 0.279037 1 0.309562 1 0.319172 0.957453 0.294865 0.932129 0.280168 0.914944 0.274515 0.897308 0.274515 0.886002 0.27508 0.86927 0.272254 0.85299 0.267732 0.831283 0.255861 0.803246 0.248512 0.786061 0.247382 0.774304 0.249078 0.765259 0.257557 0.744005 0.282429 0.705566 0.323694 0.684312 0.340087 0.666223 0.350827 0.642255 0.360437 0.62688 0.361567
3 14 0.511238 0.313545 0.515453 0.313168 0.518163 0.309781 0.518765 0.299996 0.528681 0.312569 0.547117 0.324769 0.579651 0.336969 0.60857 0.349621 0.606039 0.359562 0.585073 0.350073 0.558323 0.338776 0.545671 0.333354 0.530488 0.326124
1 14 0.458549 0.257092 0.460355 0.254834 0.466076 0.254834 0.469844 0.25752 0.474375 0.260156 0.478047 0.258789 0.47875 0.254492 0.476328 0.242578 0.477818 0.239404 0.479925 0.237522 0.474465 0.229659 0.465856 0.227666 0.458204 0.22926 0.451827 0.234442 0.450552 0.241615 0.452146 0.249188
2 14 0.46457 0.268006 0.476312 0.286824 0.484442 0.298491 0.490463 0.30376 0.503109 0.311287 0.511238 0.313545 0.515453 0.313168 0.518163 0.309781 0.518765 0.299996 0.51455 0.284189 0.506722 0.265748 0.49528 0.251823 0.479925 0.237522 0.477656 0.239941 0.476406 0.242285 0.478828 0.25498 0.478047 0.258984 0.473516 0.260254 0.469844 0.257812 0.466076 0.254834 0.460355 0.254834 0.458549 0.257092
4 21 0.518765 0.299996 0.523634 0.28142 0.531587 0.256568 0.541708 0.224938 0.547492 0.196019 0.552785 0.153321 0.552785 0.116806 0.561548 0.071946 0.572815 0.027607 0.57966 0 0.568374 0 0.557957 0.039856 0.547539 0.083262 0.542764 0.121785 0.540594 0.162479 0.539726 0.192863 0.531045 0.224875 0.524534 0.254717 0.51455 0.284189 0.518765 0.299996 0.511238 0.313545 0.503109 0.311287 0.498494 0.317303 0.505225 0.32151 0.511238 0.313545
3 21 0.505242 0.399958 0.507048 0.392054 0.510661 0.388667 0.499616 0.384154 0.490266 0.374804 0.485778 0.364519 0.485404 0.356572 0.489518 0.344885 0.505225 0.32151 0.498494 0.317303 0.489892 0.32712 0.478672 0.343482 0.474184 0.356572 0.474558 0.363584 0.479046 0.373402
0 21 0.548331 0.439941 0.542699 0.437504 0.540966 0.429381 0.543349 0.419092 0.547248 0.414489 0.552664 0.413135 0.558512 0.413947 0.563711 0.419362 0.565227 0.427486 0.564361 0.435609 0.561978 0.439941 0.556563 0.441836
1 21 0.533845 0.437593 0.535952 0.435335 0.544985 0.415012 0.550705 0.400334 0.562821 0.410824 0.56901 0.421047 0.571 0.429337 0.570557 0.438179 0.567905 0.444257 0.562158 0.448955 0.555526 0.450612 0.550442 0.449784 0.542706 0.445915
2 21 0.533845 0.437593 0.523608 0.430819 0.511866 0.422539 0.506747 0.412378 0.505242 0.399958 0.507048 0.392054 0.510661 0.388667 0.526016 0.384151 0.530834 0.384151 0.541974 0.390173 0.550705 0.400334 0.544985 0.415012 0.535952 0.435335
4 27 0.463397 0.305574 0.46796 0.299157 0.441448 0.258199 0.431764 0.234955 0.420529 0.196216 0.408026 0.155231 0.397173 0.106618 0.39039 0.065353 0.387676 0.024653 0.388581 0 0.375014 0 0.374562 0.020696 0.379536 0.06083 0.388129 0.11114 0.400791 0.163145 0.417071 0.219673 0.427472 0.252459
3 27 0.506526 0.348663 0.506705 0.342398 0.508872 0.338674 0.499331 0.331242 0.48222 0.316625 0.46796 0.299157 0.463397 0.305574 0.474805 0.320547 0.487924 0.33445
0 27 0.551851 0.379251 0.547172 0.37802 0.543972 0.371865 0.54668 0.363862 0.551604 0.362631 0.55579 0.369095 0.55579 0.375558
1 27 0.542193 0.386081 0.542193 0.38134 0.542464 0.375584 0.548153 0.352896 0.551674 0.343076 0.559931 0.348984 0.564574 0.357368 0.564832 0.366719 0.5638 0.376071 0.558899 0.384455 0.554771 0.387679 0.54987 0.387679
2 27 0.542193 0.386081 0.531899 0.381679 0.520521 0.372875 0.512665 0.365086 0.508059 0.354928 0.506526 0.348663 0.506705 0.342398 0.508872 0.338674 0.512936 0.33698 0.530815 0.33461 0.538942 0.33461 0.551674 0.343076 0.548153 0.352896 0.542464 0.375584 0.542193 0.38134
0 14 0.464453 0.239844 0.460938 0.239746 0.46 0.24248 0.460469 0.244922 0.462812 0.248828 0.467187 0.252051 0.469922 0.251172 0.470625 0.247168 0.467109 0.242188
