4 6 0.666729 0.012593 0.667982 0.011698 0.668146 0.011494 0.687244 0 0.700466 0 0.669813 0.016917 0.668485 0.011521
3 6 0.636361 0.031198 0.637648 0.030267 0.646411 0.025001 0.668485 0.011521 0.669833 0.016997 0.655342 0.027107 0.641194 0.036657 0.638725 0.032798
2 6 0.59759 0.069322 0.597753 0.067077 0.598896 0.062588 0.601671 0.055447 0.605752 0.047693 0.609833 0.041776 0.61473 0.036675 0.619953 0.033206 0.625993 0.029942 0.629747 0.029738 0.634807 0.030146 0.638725 0.032798 0.641336 0.036879 0.642969 0.042592 0.644601 0.04953 0.644764 0.054835 0.643948 0.061364 0.642479 0.068301 0.639541 0.074831 0.633991 0.082584 0.629584 0.088909 0.625993 0.091766 0.623517 0.093594 0.624257 0.092322 0.624771 0.088469 0.623915 0.084615 0.622202 0.08119 0.619633 0.077122 0.617235 0.073696 0.613638 0.07284 0.611754 0.07284 0.609357 0.073696 0.608158 0.073911 0.606959 0.073911 0.605075 0.073696 0.604218 0.07284 0.602677 0.07177 0.601307 0.071556 0.599252 0.071556 0.5981 0.072815 0.59759 0.072178
1 6 0.59771 0.080547 0.597881 0.076694 0.597881 0.073054 0.599252 0.071556 0.601307 0.071556 0.602677 0.07177 0.604218 0.07284 0.605075 0.073696 0.606959 0.073911 0.608158 0.073911 0.609357 0.073696 0.611754 0.07284 0.613638 0.07284 0.617235 0.073696 0.619633 0.077122 0.622202 0.08119 0.623915 0.084615 0.624771 0.088469 0.624257 0.092322 0.622887 0.094677 0.621003 0.096176 0.617406 0.098531 0.61381 0.098745 0.608329 0.098317 0.605246 0.097246 0.601821 0.093821 0.599423 0.089539 0.598224 0.085471
0 6 0.613224 0.076281 0.610798 0.077681 0.609306 0.080013 0.608559 0.083745 0.608559 0.087477 0.609865 0.089343 0.611731 0.089343 0.614344 0.08771 0.615836 0.085378 0.616769 0.083278 0.616769 0.080013 0.61565 0.077214 0.615463 0.076981
3 12 0.375699 0.058569 0.377307 0.050279 0.379518 0.051032 0.386552 0.053544 0.391777 0.054298 0.402428 0.054298 0.407453 0.053042 0.412075 0.050027 0.415692 0.047264 0.416271 0.046753 0.416271 0.050586 0.417065 0.053931 0.418895 0.05592 0.41529 0.058066 0.409261 0.059573 0.403634 0.061332 0.398208 0.062337 0.390973 0.061583 0.382532 0.060829
2 12 0.416271 0.046597 0.416706 0.042789 0.417577 0.039706 0.420188 0.035172 0.424395 0.029007 0.432141 0.021928 0.435756 0.018747 0.444192 0.014396 0.451422 0.012555 0.459188 0.010881 0.467356 0.010881 0.467596 0.011151 0.467438 0.011135 0.465552 0.012164 0.463956 0.013252 0.46265 0.015247 0.461925 0.01833 0.461925 0.022319 0.46236 0.027578 0.463811 0.03193 0.464745 0.033682 0.464751 0.033776 0.465146 0.034434 0.465552 0.035194 0.467728 0.03864 0.469219 0.0417969 0.470547 0.0445313 0.472187 0.0451172 0.473516 0.0463867 0.471719 0.0481445 0.469287 0.049292 0.465439 0.052385 0.458293 0.056336 0.452384 0.059771 0.446337 0.060974 0.437954 0.061833 0.430808 0.061317 0.424211 0.059599 0.420226 0.057366 0.417065 0.053931 0.416271 0.050586
4 12 0.047875 0.083459 0.049953 0.083459 0.056925 0.084185 0.066513 0.087091 0.084816 0.091085 0.098761 0.093628 0.109802 0.093628 0.123747 0.092901 0.138564 0.091449 0.155705 0.087454 0.171975 0.083822 0.19144 0.078375 0.209162 0.072564 0.255289 0.0564 0.269421 0.052514 0.285533 0.048274 0.295708 0.045447 0.306449 0.045094 0.313233 0.046154 0.328214 0.046507 0.337259 0.044387 0.34913 0.044387 0.366372 0.047921 0.377113 0.05004 0.377306 0.050282 0.375744 0.058338 0.361202 0.055914 0.359071 0.055581 0.358375 0.053623 0.354787 0.049535 0.351826 0.04873 0.345905 0.047926 0.341658 0.047926 0.338826 0.048569 0.336878 0.050055 0.335568 0.051668 0.331494 0.053094 0.330423 0.053692 0.318302 0.053233 0.301678 0.052563 0.288808 0.052898 0.277815 0.056584 0.254756 0.063958 0.22427 0.075833 0.203642 0.083822 0.19173 0.087454 0.178076 0.091085 0.161515 0.095443 0.142631 0.100164 0.123166 0.102343 0.105444 0.102343 0.083073 0.100528 0.063027 0.097622 0.060177 0.096732 0.057384 0.094528 0.050845 0.087171
0 12 0.465479 0.0270704 0.466212 0.0234044 0.467495 0.0215714 0.469695 0.0204254 0.473361 0.0220294 0.474094 0.0238624 0.474644 0.0263834 0.474644 0.0305074 0.474278 0.0325704 0.472994 0.0346324 0.469878 0.0360074 0.467495 0.0355494 0.465845 0.0327994
4 19 0.265371 0.120636 0.256653 0.1275 0.243221 0.137922 0.233957 0.145738 0.226083 0.151528 0.217746 0.15587 0.208628 0.160181 0.197527 0.165562 0.179855 0.171509 0.173511 0.173775 0.167847 0.174058 0.158332 0.173491 0.152441 0.169243 0.142246 0.160464 0.130464 0.149136 0.118683 0.137525 0.104636 0.125913 0.093082 0.115718 0.08198 0.107788 0.070425 0.101841 0.06091 0.09731 0.057384 0.094528 0.050845 0.087171 0.047248 0.082676 0.03002 0.07287 0.005185 0.058734 0 0.054576 0 0.066495 0.031572 0.087006 0.057073 0.102806 0.074591 0.113339 0.088118 0.122208 0.098983 0.132464 0.109849 0.141611 0.127552 0.157232 0.147528 0.175145 0.15491 0.181387 0.166201 0.184916 0.173366 0.185458 0.186177 0.18193 0.196816 0.176773 0.20637 0.171888 0.217661 0.166188 0.234163 0.156417 0.244585 0.148004 0.25631 0.136876 0.268061 0.126521
3 19 0.297673 0.096006 0.293281 0.10067 0.28168 0.109708 0.265371 0.120636 0.268061 0.126521 0.277141 0.120426 0.288406 0.11328 0.297653 0.106975 0.302759 0.103794 0.29869 0.100138
2 19 0.335568 0.051668 0.331494 0.053094 0.325518 0.056431 0.318271 0.060087 0.31026 0.06708 0.305047 0.074232 0.301233 0.080907 0.299072 0.085993 0.297927 0.090125 0.297673 0.096006 0.29869 0.100138 0.302759 0.103794 0.310133 0.105542 0.315473 0.105701 0.319415 0.105224 0.326535 0.103476 0.332893 0.100456 0.338692 0.096167 0.344219 0.090514 0.347862 0.084704 0.352887 0.077638 0.355022 0.073556 0.35642 0.068122 0.353422 0.068448 0.350295 0.068448 0.345212 0.066819 0.341563 0.064049 0.337653 0.060791 0.335829 0.057044 0.334916 0.053297
1 19 0.336878 0.050055 0.335568 0.051668 0.334916 0.053297 0.335829 0.057044 0.337653 0.060791 0.341563 0.064049 0.345212 0.066819 0.350295 0.068448 0.353422 0.068448 0.35642 0.068122 0.357723 0.066004 0.359026 0.063235 0.359548 0.060465 0.359417 0.056556 0.358375 0.053623 0.354787 0.049535 0.351826 0.04873 0.345905 0.047926 0.341658 0.047926 0.338826 0.048569
0 19 0.341077 0.0574152 0.34215 0.0556902 0.344143 0.0560732 0.346902 0.0564572 0.348129 0.0570322 0.348435 0.0591402 0.348282 0.0610562 0.347056 0.0622062 0.34399 0.0620142 0.341843 0.0604812
4 25 0.587609 0.871862 0.581608 0.864229 0.574811 0.859001 0.564093 0.852793 0.548932 0.84495 0.5356 0.839396 0.524883 0.835801 0.511551 0.828939 0.50214 0.824365 0.492991 0.823711 0.486194 0.823711 0.477307 0.821751 0.46868 0.82077 0.458747 0.818156 0.446722 0.813255 0.434436 0.80672 0.42581 0.800511 0.422673 0.799531 0.42215 0.802145 0.423719 0.804433 0.430254 0.810968 0.438619 0.816196 0.450905 0.822077 0.462929 0.824692 0.47417 0.826652 0.4909 0.827959 0.498219 0.828939 0.512074 0.834821 0.526974 0.842336 0.54292 0.849852 0.554421 0.85508 0.564616 0.859655 0.57065 0.864089 0.577948 0.869784 0.581674 0.873982 0.587609 0.871862 0.587609 0.871862 0.592697 0.873982 0.59411 0.873628 0.594676 0.870802 0.594676 0.868328 0.590153 0.867622 0.585065 0.868682 0.578564 0.871508 0.570085 0.872568 0.561888 0.872568 0.549733 0.869388 0.533622 0.865502 0.501114 0.850344 0.478056 0.832245 0.460359 0.816493 0.437033 0.798059 0.415851 0.779626 0.388167 0.754112 0.368039 0.738101 0.359935 0.722743 0.358106 0.712614 0.354203 0.696042 0.360243 0.692848 0.362069 0.702555 0.366551 0.719739 0.373425 0.731319 0.384781 0.743273 0.399425 0.755227 0.417356 0.77017 0.446046 0.794825 0.466069 0.812756 0.491224 0.831583 0.508748 0.846423 0.5291 0.856669 0.548886 0.861615 0.563018 0.863382 0.57065 0.864089 0.574607 0.864089 0.582522 0.862675 0.587892 0.860909 0.592697 0.861969 0.596372 0.864795 0.599481 0.867975 0.599764 0.873982 0.598633 0.878575 0.593545 0.880341 0.587892 0.880695 0.582804 0.876808 0.581674 0.873982 0.587609 0.871862
3 25 0.334231 0.642993 0.338407 0.648711 0.343517 0.659455 0.347931 0.673683 0.353041 0.690816 0.354203 0.696042 0.360243 0.692848 0.352112 0.661778 0.347931 0.650744 0.343053 0.642904 0.339003 0.639585
2 25 0.294464 0.589876 0.2931 0.592717 0.292873 0.600386 0.294237 0.607771 0.296736 0.613168 0.300827 0.62169 0.305371 0.629359 0.310598 0.637312 0.31696 0.642709 0.322641 0.644413 0.327868 0.644413 0.334231 0.642993 0.339003 0.639585 0.340593 0.635608 0.340821 0.627939 0.340821 0.619133 0.340821 0.613452 0.340593 0.607487 0.338548 0.60209 0.336503 0.596409 0.334458 0.593285 0.329686 0.58874 0.325141 0.585047 0.320547 0.579883 0.316641 0.576562 0.314688 0.58732 0.311734 0.593285 0.309007 0.598966 0.304917 0.601806 0.298554 0.59925 0.294691 0.594705 0.294464 0.589876 0.294464 0.589876 0.294691 0.594705 0.298554 0.59925 0.304917 0.601806 0.309007 0.598966 0.311734 0.593285 0.314688 0.58732 0.316094 0.57959 0.316797 0.57666 0.313779 0.57539 0.307644 0.575674 0.303326 0.576526 0.29969 0.580219 0.2956 0.585615 0.294464 0.589876
4 29 0.622019 0.552153 0.614618 0.571972 0.600154 0.601641 0.58532 0.628528 0.566406 0.656805 0.542672 0.68601 0.514857 0.725877 0.462266 0.807643 0.403733 0.89949 0.375504 0.93789 0.369277 0.948787 0.36305 0.970582 0.360559 0.990819 0.36388 0.993414 0.369277 0.989782 0.373428 0.979922 0.375504 0.967987 0.378825 0.953976 0.383391 0.940485 0.390033 0.92855 0.403318 0.912463 0.42698 0.876139 0.482837 0.785897 0.530729 0.713559 0.546313 0.692455 0.564171 0.666886 0.580724 0.6467 0.594784 0.625686 0.604259 0.605818 0.614346 0.585187 0.626723 0.554319
3 29 0.634341 0.487244 0.635142 0.497369 0.633161 0.51532 0.627714 0.534201 0.622019 0.552153 0.626723 0.554319 0.633409 0.540391 0.638361 0.524296 0.642323 0.510368 0.643313 0.499845 0.640351 0.488689 0.637114 0.488689
2 29 0.647978 0.416165 0.643818 0.416454 0.636883 0.419344 0.631336 0.424256 0.627406 0.430612 0.624863 0.439569 0.623476 0.447949 0.623476 0.457773 0.625557 0.467597 0.628793 0.475687 0.634341 0.487244 0.637114 0.488689 0.640351 0.488689 0.646592 0.488111 0.65237 0.483777 0.655838 0.476265 0.659998 0.461529 0.661154 0.449104 0.659536 0.434946 0.656069 0.421655 0.653295 0.417321
4 36 0.940097 0.745813 0.940865 0.740288 0.941292 0.740341 0.949911 0.743933 0.956615 0.747285 0.963893 0.749439 0.973279 0.749918 0.982281 0.749918 0.988218 0.748482 0.994348 0.745609 1 0.742257 1 0.750636 0.989751 0.755185 0.978833 0.758058 0.973662 0.758537 0.96217 0.756622 0.955849 0.754467 0.946847 0.749918
3 36 0.901297 0.731196 0.902797 0.729508 0.904014 0.726721 0.904001 0.720557 0.90868 0.723636 0.917656 0.729002 0.936192 0.737538 0.940875 0.740221 0.940094 0.74583 0.918631 0.736806
2 36 0.851465 0.716533 0.851702 0.716694 0.853769 0.716953 0.85687 0.716177 0.85935 0.713594 0.862658 0.70765 0.865552 0.703258 0.867619 0.700415 0.869273 0.697056 0.869893 0.693439 0.869893 0.690855 0.869472 0.689978 0.872193 0.689978 0.880193 0.690954 0.885656 0.693393 0.89112 0.698758 0.897363 0.704856 0.901071 0.711685 0.903997 0.718758 0.904014 0.726721 0.902797 0.729508 0.90077 0.731789 0.893879 0.733816 0.889014 0.734322 0.882325 0.734322 0.876852 0.734069 0.871784 0.732802 0.863068 0.728748 0.857392 0.724948 0.852933 0.720387
1 36 0.846947 0.703516 0.848394 0.697831 0.851702 0.69318 0.855216 0.690596 0.859143 0.688529 0.864725 0.688529 0.869273 0.689563 0.869893 0.690855 0.869893 0.693439 0.869273 0.697056 0.867619 0.700415 0.865552 0.703258 0.862658 0.70765 0.85935 0.713594 0.85687 0.716177 0.853769 0.716953 0.851702 0.716694 0.849428 0.715144 0.846947 0.710751
0 36 0.860757 0.713405 0.860972 0.717172 0.86377 0.717979 0.866138 0.71771 0.867214 0.715288 0.867214 0.713136 0.864846 0.710445 0.862909 0.710445 0.860757 0.713405 0.860541 0.711252 0.861187 0.708831 0.861187 0.706678 0.860541 0.703719 0.857528 0.702104 0.856882 0.702104 0.854514 0.704526 0.853223 0.707485 0.853653 0.71179 0.856021 0.712867 0.858174 0.712867 0.860541 0.711252
1 12 0.467655 0.0106779 0.470309 0.0110926 0.472134 0.0114036 0.475119 0.0122329 0.477193 0.013477 0.479598 0.0155504 0.481174 0.0184531 0.481754 0.0205265 0.482832 0.0241549 0.483164 0.0271613 0.483164 0.030375 0.482169 0.0338998 0.481008 0.0363878 0.478934 0.0400163 0.477027 0.0418823 0.475859 0.0442383 0.473438 0.0460938 0.471802 0.045407 0.470078 0.04375 0.469141 0.0415039 0.467578 0.0391602 0.465391 0.034375 0.463923 0.0314117 0.462596 0.0284053 0.461933 0.0244659 0.461518 0.0191788 0.462845 0.015343 0.464255 0.0130623 0.466743 0.0111963
