4 9 0.834505 0.504046 0.845843 0.490964 0.867029 0.468265 0.8836 0.447388 0.912083 0.415109 0.936517 0.383266 1 0.311133 1 0.32348 0.948995 0.381967 0.904805 0.435255 0.864672 0.482214 0.837716 0.508728
3 9 0.793095 0.546474 0.795077 0.544616 0.810922 0.528936 0.822146 0.516557 0.83403 0.503352 0.837991 0.509129 0.824127 0.52646 0.810262 0.541315 0.795929 0.556577 0.795806 0.554881 0.793634 0.546736
2 9 0.793634 0.574563 0.790919 0.584065 0.787661 0.588816 0.779517 0.596282 0.776808 0.597827 0.776259 0.59696 0.772458 0.592888 0.769744 0.588137 0.7654 0.579993 0.762142 0.571848 0.75997 0.56574 0.758884 0.56031 0.757255 0.553523 0.757798 0.549451 0.764857 0.5447 0.773544 0.542664 0.783861 0.541985 0.793634 0.546736 0.795806 0.554881 0.796349 0.562346 0.795806 0.569133
1 9 0.739882 0.586371 0.740425 0.576191 0.743683 0.563974 0.75237 0.553115 0.757722 0.550028 0.757255 0.553523 0.758884 0.56031 0.75997 0.56574 0.762142 0.571848 0.7654 0.579993 0.769744 0.588137 0.772458 0.592888 0.776804 0.597909 0.769745 0.603339 0.762144 0.604018 0.755628 0.604018 0.746941 0.601982 0.741511 0.595873
4 18 0.263282 0.676056 0.267667 0.672141 0.293349 0.665877 0.309635 0.65883 0.332186 0.650217 0.357868 0.636906 0.377286 0.626727 0.39921 0.614199 0.413617 0.604803 0.441805 0.582096 0.463981 0.559706 0.48027 0.542738 0.51517 0.502517 0.531308 0.485803 0.542374 0.473123 0.555284 0.455256 0.561278 0.447764 0.562587 0.446946 0.562277 0.44769 0.56865 0.4536 0.568609 0.454002 0.544072 0.485222 0.519072 0.51345 0.498617 0.539019 0.476256 0.563305 0.449321 0.590709 0.427398 0.607935 0.403595 0.625944 0.370396 0.645519 0.338449 0.661179 0.290843 0.679188 0.272678 0.684669 0.265788 0.683103
3 18 0.564788 0.441669 0.573765 0.430448 0.582242 0.417981 0.591219 0.403644 0.597881 0.387583 0.600545 0.392762 0.604354 0.39554 0.606448 0.39554 0.599696 0.409254 0.592216 0.422345 0.583738 0.433565 0.568769 0.45371 0.562277 0.44769
2 18 0.596418 0.376095 0.598005 0.368953 0.601562 0.358789 0.605078 0.351562 0.610859 0.337109 0.616735 0.340382 0.619592 0.339985 0.623719 0.341969 0.626894 0.345937 0.629433 0.353873 0.630386 0.359826 0.63229 0.363397 0.635147 0.367762 0.636735 0.369746 0.638359 0.372559 0.634512 0.376095 0.629928 0.380434 0.61991 0.388794 0.612925 0.394349 0.609116 0.39554 0.604354 0.39554 0.600545 0.392762 0.597688 0.387206 0.597053 0.382445
1 18 0.610938 0.337012 0.616616 0.328683 0.622643 0.320312 0.631014 0.315289 0.637041 0.313196 0.643403 0.315708 0.649765 0.32073 0.653783 0.326171 0.655792 0.334542 0.655792 0.343332 0.653783 0.350866 0.650435 0.359237 0.646082 0.365515 0.638672 0.372559 0.636735 0.369746 0.635147 0.367762 0.63229 0.363397 0.630386 0.359826 0.629433 0.353873 0.626894 0.345937 0.623719 0.341969 0.619592 0.339985 0.616735 0.340382
4 25 0.175841 0.1237 0.212974 0.110288 0.243923 0.09875 0.280302 0.087213 0.304735 0.083819 0.31668 0.08314 0.340575 0.082074 0.354533 0.081202 0.365001 0.081202 0.376865 0.078585 0.389427 0.075095 0.401291 0.068117 0.407572 0.063755 0.411062 0.0655 0.412457 0.069861 0.411062 0.075095 0.401989 0.082947 0.390823 0.089925 0.377563 0.093415 0.365001 0.094287 0.323128 0.094287 0.311962 0.09516 0.300796 0.097777 0.282651 0.101266 0.265204 0.104756 0.235195 0.113479 0.179363 0.132014
3 25 0.131878 0.144137 0.136513 0.141819 0.146195 0.137785 0.156339 0.134903 0.164638 0.131445 0.172016 0.126834 0.175704 0.123376 0.179854 0.133174 0.170171 0.14009 0.160489 0.14643 0.15265 0.150465 0.143429 0.154499 0.135129 0.157957 0.134518 0.158148 0.134463 0.156984 0.132639 0.146039
2 25 0.0924219 0.145996 0.0928125 0.137012 0.0988281 0.133594 0.107734 0.130566 0.110625 0.129883 0.115129 0.129623 0.122425 0.131447 0.129356 0.137831 0.132639 0.146039 0.134463 0.156984 0.134828 0.164736 0.132341 0.172134 0.126438 0.179784 0.122425 0.18252 0.113305 0.1848 0.110386 0.1848 0.102344 0.184375 0.101562 0.181445 0.1 0.179297 0.0974219 0.174414 0.0953125 0.169531 0.0929688 0.161328 0.0919531 0.155176 0.091875 0.152051
1 25 0.082317 0.163329 0.082761 0.152776 0.086316 0.14389 0.0932813 0.136719 0.0923438 0.14541 0.0919531 0.149805 0.0920312 0.15498 0.0928125 0.161621 0.0952344 0.169727 0.0974219 0.174805 0.0998437 0.179199 0.101484 0.18125 0.102312 0.184435 0.095202 0.182213 0.088537 0.176104 0.084983 0.171105
4 36 0.356971 0.279744 0.358542 0.269275 0.358577 0.26925 0.377645 0.264036 0.410418 0.253608 0.455704 0.241691 0.546935 0.211638 0.604194 0.186377 0.6564 0.159011 0.68924 0.143223 0.749024 0.119014 0.772601 0.115856 0.78439 0.111646 0.791968 0.108488 0.801231 0.102173 0.861857 0.068492 0.87112 0.064281 0.876172 0.066386 0.876172 0.072702 0.870278 0.08007 0.817874 0.109095 0.809105 0.116142 0.802214 0.119274 0.78906 0.123189 0.780291 0.126321 0.760872 0.130236 0.745212 0.132585 0.734564 0.1365 0.718904 0.142764 0.564696 0.215373 0.538177 0.224969 0.485137 0.240672 0.357613 0.279944
3 36 0.29817 0.274403 0.306975 0.272569 0.328694 0.269854 0.347697 0.269854 0.358557 0.269175 0.356928 0.280034 0.335209 0.281392 0.306975 0.284107 0.301536 0.284107 0.301545 0.283981 0.300687 0.27755
2 36 0.268531 0.303811 0.269817 0.2947 0.27239 0.288805 0.274105 0.281838 0.274105 0.256112 0.27582 0.255577 0.277535 0.255577 0.281822 0.257184 0.289111 0.263616 0.296829 0.272727 0.300687 0.27755 0.301545 0.283981 0.301116 0.289877 0.300259 0.294164 0.292541 0.302739 0.285252 0.307563 0.276677 0.312386 0.273247 0.313458 0.269817 0.313458 0.268531 0.30917
1 36 0.238231 0.284331 0.243805 0.273612 0.248521 0.267181 0.257096 0.260749 0.265671 0.255926 0.274246 0.25539 0.27468 0.255933 0.274105 0.256112 0.274105 0.281838 0.27239 0.288805 0.269817 0.2947 0.268531 0.303811 0.268531 0.30917 0.269671 0.312971 0.260526 0.314343 0.253666 0.314343 0.248092 0.3122 0.243376 0.307912 0.239946 0.301481 0.238231 0.291834
4 48 0.287626 0.508234 0.305299 0.490374 0.329925 0.460049 0.343962 0.437954 0.360598 0.415859 0.383473 0.385316 0.39751 0.36777 0.409987 0.355423 0.433881 0.336388 0.455056 0.317384 0.477318 0.29838 0.527814 0.254943 0.535415 0.244084 0.540302 0.238654 0.545731 0.237297 0.550075 0.238654 0.552247 0.244084 0.550075 0.250871 0.495779 0.294987 0.462658 0.320777 0.420307 0.358785 0.395873 0.385254 0.373069 0.416475 0.344292 0.453803 0.29672 0.509259 0.287683 0.508215 0.287642 0.508265
3 48 0.238854 0.544465 0.24248 0.542954 0.249177 0.540443 0.257213 0.536676 0.26458 0.531654 0.271611 0.527049 0.277638 0.520353 0.287683 0.508215 0.297575 0.509358 0.289945 0.518302 0.281246 0.529693 0.27089 0.540567 0.26302 0.54678 0.25515 0.550923 0.244101 0.553852 0.244101 0.550244 0.241528 0.54542
2 48 0.199511 0.554531 0.200368 0.551316 0.206371 0.547564 0.217089 0.543813 0.232524 0.542205 0.235526 0.543277 0.241528 0.54542 0.244101 0.550244 0.244101 0.558283 0.241528 0.564178 0.234668 0.573825 0.225664 0.580256 0.220948 0.583472 0.217947 0.584008 0.214946 0.580256 0.213659 0.575969 0.211094 0.572656 0.208514 0.567394 0.204227 0.563106 0.200368 0.558283
1 48 0.186689 0.573541 0.187976 0.566038 0.190977 0.559606 0.199123 0.551567 0.200254 0.551744 0.199511 0.554531 0.200368 0.558283 0.204227 0.563106 0.208514 0.567394 0.211094 0.572949 0.213659 0.575969 0.214946 0.580256 0.217739 0.583748 0.217559 0.584795 0.204697 0.590155 0.197408 0.591227 0.190548 0.588547 0.187976 0.583188
0 48 0.190291 0.584526 0.191354 0.582931 0.192329 0.582481 0.194756 0.582931 0.195394 0.585057 0.194756 0.587183 0.193055 0.588246 0.191354 0.588246 0.190291 0.586652
4 57 0.3151 0.603107 0.316052 0.601257 0.333638 0.586972 0.346072 0.576253 0.359363 0.560175 0.372654 0.540881 0.382087 0.523195 0.408121 0.473719 0.422894 0.434656 0.438235 0.398434 0.450735 0.373576 0.465508 0.352269 0.483122 0.335223 0.497327 0.321728 0.517782 0.306103 0.545623 0.293319 0.570055 0.284796 0.634076 0.267105 0.663014 0.264844 0.686526 0.261453 0.704612 0.261453 0.719081 0.255801 0.723602 0.255801 0.724506 0.261453 0.720889 0.267105 0.71275 0.271626 0.702803 0.275017 0.680196 0.275017 0.663014 0.277278 0.614181 0.285191 0.574392 0.297625 0.539124 0.310059 0.5129 0.323624 0.491196 0.338318 0.469493 0.365448 0.449598 0.40275 0.429704 0.453617 0.405104 0.50288 0.390301 0.53341 0.37994 0.553764 0.369578 0.570416 0.356996 0.585219 0.334052 0.601871 0.322512 0.606379 0.316784 0.601672
3 57 0.265123 0.632595 0.275072 0.629976 0.282819 0.626252 0.292353 0.621038 0.303674 0.612845 0.316784 0.601672 0.32262 0.606468 0.318291 0.61172 0.306762 0.622118 0.295359 0.630941 0.285586 0.637728 0.26984 0.645873 0.267253 0.646479 0.267701 0.644351 0.267701 0.639017 0.266537 0.633683
2 57 0.226579 0.630288 0.227743 0.625924 0.23007 0.623984 0.241709 0.622529 0.254123 0.624954 0.261494 0.629803 0.266537 0.633683 0.267701 0.639017 0.267701 0.644351 0.265762 0.653565 0.264598 0.656475 0.259554 0.663749 0.253347 0.670538 0.244219 0.676758 0.241172 0.673438 0.239531 0.670996 0.238125 0.667383 0.236641 0.663281 0.234844 0.65791 0.232656 0.652734 0.229766 0.64502 0.228519 0.636592
1 57 0.207802 0.658867 0.208603 0.647849 0.21261 0.635829 0.220623 0.628818 0.227434 0.625813 0.227707 0.626057 0.226579 0.630288 0.228519 0.636592 0.229766 0.644727 0.232813 0.652344 0.234531 0.658008 0.236328 0.662891 0.239453 0.670801 0.240859 0.673438 0.244141 0.676855 0.235047 0.6789 0.22503 0.679902 0.215815 0.675895 0.209405 0.669384
0 18 0.637344 0.352051 0.635313 0.353613 0.635547 0.356738 0.637188 0.359863 0.639687 0.360059 0.640859 0.358887 0.641797 0.354883 0.640391 0.351562 0.639297 0.351367
