2 11 0.390875 0.411625 0.389966 0.397999 0.390269 0.386644 0.392994 0.377561 0.397233 0.374533 0.402078 0.373397 0.409648 0.379075 0.417824 0.388915 0.425394 0.399892 0.430541 0.409354 0.434478 0.419574 0.432358 0.422602 0.430238 0.423737 0.426908 0.423737 0.42176 0.426387 0.415704 0.431686 0.41207 0.436228 0.407528 0.442284 0.403592 0.444933 0.399353 0.445312 0.395719 0.4332 0.392389 0.421466
1 11 0.399353 0.445312 0.403592 0.444933 0.407528 0.442284 0.41207 0.436228 0.415704 0.431686 0.42176 0.426387 0.426908 0.423737 0.430238 0.423737 0.432358 0.422602 0.434478 0.419574 0.436597 0.426765 0.438717 0.436985 0.439322 0.443798 0.439322 0.452503 0.435386 0.459695 0.428422 0.461966 0.421457 0.461587 0.412373 0.457802 0.406014 0.452503
3 11 0.392994 0.377561 0.397233 0.374533 0.402078 0.373397 0.396152 0.349377 0.392326 0.330567 0.388852 0.30389 0.385874 0.283416 0.383393 0.27411 0.371977 0.277212 0.375451 0.295204 0.37694 0.315057 0.379422 0.33491 0.384385 0.352902 0.388852 0.366551
4 11 0.371977 0.277212 0.383393 0.27411 0.37772 0.249684 0.366778 0.218684 0.353649 0.187683 0.340519 0.164889 0.322283 0.140271 0.30113 0.115652 0.277788 0.100152 0.259553 0.091946 0.227458 0.086475 0.206305 0.081005 0.193904 0.077357 0.184422 0.067328 0.179316 0.053651 0.181504 0.038151 0.184422 0.020827 0.185151 0.011709 0.180775 0 0.156704 0 0.154515 0.002591 0.151598 0.013533 0.154127 0.026197 0.158082 0.033065 0.163462 0.038778 0.168043 0.033236 0.167565 0.026113 0.163998 0.018092 0.164727 0.008974 0.171292 0.008062 0.172751 0.019003 0.170563 0.031768 0.169104 0.046357 0.169833 0.059122 0.176398 0.075534 0.18734 0.088299 0.204846 0.096505 0.239129 0.101976 0.261012 0.10927 0.288 0.123858 0.309154 0.143006 0.322283 0.161242 0.333954 0.178565 0.349272 0.205919 0.360214 0.229625 0.367508 0.255155
0 11 0.426141 0.438735 0.428377 0.43594 0.428656 0.432098 0.426979 0.428954 0.423626 0.429303 0.42139 0.430701 0.420552 0.433495 0.42167 0.437338 0.423626 0.438735 0.426141 0.438735 0.427794 0.444353 0.424999 0.444702 0.423043 0.447148 0.423602 0.450641 0.425558 0.453435 0.428073 0.453784 0.42975 0.452737 0.431147 0.448894 0.43003 0.445401 0.427794 0.444353
2 18 0.702395 0.372442 0.69017 0.376159 0.68224 0.37905 0.67365 0.384832 0.669354 0.392266 0.668033 0.398874 0.669685 0.405069 0.672328 0.410025 0.679266 0.41622 0.685544 0.420764 0.694795 0.423242 0.706029 0.425307 0.709994 0.422829 0.713298 0.417872 0.715611 0.409612 0.716272 0.403004 0.716272 0.39144 0.712968 0.381941 0.709664 0.374507 0.707351 0.371616
1 18 0.707351 0.371616 0.709664 0.374507 0.712968 0.381941 0.716272 0.39144 0.716272 0.403004 0.715611 0.409612 0.713298 0.417872 0.709994 0.422829 0.706029 0.425307 0.717924 0.422829 0.729819 0.416633 0.738079 0.408373 0.740061 0.400526 0.7394 0.390201 0.735105 0.381941 0.727836 0.374507 0.720237 0.371616 0.714289 0.37079
3 18 0.668033 0.398874 0.669685 0.405069 0.672328 0.410025 0.664412 0.409773 0.656673 0.409333 0.64436 0.411532 0.629233 0.41505 0.61868 0.417248 0.610589 0.418568 0.601794 0.421646 0.592999 0.426483 0.589481 0.415489 0.600387 0.410652 0.612699 0.408893 0.623957 0.407574 0.641194 0.403617 0.657025 0.401418 0.662302 0.400099
4 18 0.589481 0.415489 0.592999 0.426483 0.580782 0.433154 0.556772 0.443522 0.535818 0.453344 0.508753 0.462075 0.487362 0.469714 0.471211 0.472988 0.452439 0.475171 0.432358 0.476262 0.412278 0.47899 0.40442 0.482265 0.387395 0.490995 0.362949 0.504637 0.334137 0.520462 0.306635 0.533012 0.282625 0.541743 0.273021 0.548837 0.245083 0.566298 0.211906 0.584306 0.193134 0.590308 0.177856 0.594674 0.162577 0.603404 0.155155 0.607224 0.151663 0.608315 0.149044 0.604496 0.149917 0.599039 0.158648 0.594674 0.176982 0.582123 0.185713 0.57994 0.193571 0.57994 0.206667 0.575029 0.23155 0.561933 0.266037 0.541197 0.27826 0.534104 0.296158 0.526464 0.320604 0.515551 0.346797 0.501909 0.378227 0.484447 0.395253 0.474625 0.405293 0.47026 0.416643 0.468623 0.429303 0.466986 0.458551 0.46262 0.475139 0.459892 0.489545 0.457709 0.503078 0.452798 0.532326 0.441339 0.567686 0.427697
0 18 0.721965 0.40902 0.724027 0.411598 0.724027 0.414176 0.72226 0.416753 0.719903 0.416385 0.717841 0.414544 0.717546 0.411966 0.718725 0.40902 0.721965 0.40902 0.726734 0.40276 0.726145 0.400919 0.726734 0.397236 0.729091 0.395395 0.731447 0.395395 0.732626 0.397605 0.73292 0.399814 0.732331 0.402024 0.730858 0.404233 0.729091 0.404233 0.726734 0.40276
4 29 0.488385 0.867384 0.498038 0.865286 0.498492 0.88396 0.506209 0.93541 0.51419 1 0.50428 1 0.497206 0.942646 0.493347 0.912901 0.488845 0.895215 0.487559 0.880745
3 29 0.473038 0.77127 0.476674 0.773291 0.481524 0.773291 0.485564 0.769755 0.485027 0.777676 0.485867 0.790266 0.490064 0.80548 0.493001 0.81912 0.4951 0.838531 0.498038 0.86004 0.498038 0.865286 0.488385 0.867384 0.488385 0.85322 0.486286 0.834334 0.480411 0.8123 0.477053 0.794463 0.474955 0.782922 0.474116 0.775577
2 29 0.455193 0.698245 0.454045 0.713688 0.455258 0.726315 0.45849 0.738438 0.464552 0.757632 0.473038 0.77127 0.476674 0.773291 0.481524 0.773291 0.485564 0.769755 0.493242 0.758643 0.496071 0.750561 0.498091 0.733387 0.497617 0.721441 0.497424 0.710794 0.493133 0.711223 0.491084 0.711933 0.487868 0.711933 0.483958 0.711389 0.480047 0.71052 0.475789 0.708674 0.473356 0.705632 0.46762 0.702591 0.465274 0.701396 0.459927 0.698831
1 29 0.455367 0.698137 0.459927 0.698831 0.464666 0.701178 0.468576 0.703351 0.473443 0.706067 0.475963 0.708456 0.480395 0.71052 0.483958 0.711607 0.487173 0.71215 0.490476 0.711607 0.493133 0.711223 0.497424 0.710794 0.495668 0.697142 0.491777 0.685143 0.487366 0.678657 0.481658 0.675414 0.475432 0.673144 0.468427 0.675414 0.463757 0.678008 0.460643 0.683197 0.457271 0.690332
0 29 0.475547 0.713397 0.477125 0.715764 0.47744 0.718131 0.476493 0.719906 0.474758 0.720497 0.473028 0.720612 0.471099 0.719406 0.469551 0.717342 0.469551 0.713989 0.470971 0.712608 0.472865 0.712214 0.475547 0.713397 0.480916 0.70422 0.476658 0.70183 0.475181 0.700744 0.471792 0.699983 0.470314 0.699006 0.469967 0.69553 0.469967 0.693031 0.472921 0.68999 0.477266 0.690207 0.48222 0.694552 0.484305 0.699223 0.48474 0.703134 0.483263 0.704111 0.480916 0.70422
4 4 0.1532 0.503446 0.156014 0.513121 0.146759 0.52038 0.137155 0.528019 0.125369 0.542752 0.114455 0.555848 0.103978 0.567308 0.093938 0.57713 0.08608 0.587498 0.068618 0.604959 0.038497 0.632243 0 0.668257 0 0.651342 0.032386 0.623512 0.06207 0.596228 0.077349 0.579312 0.094811 0.560759 0.104851 0.551483 0.122749 0.530747 0.135409 0.51656 0.14283 0.509466
1 4 0.262044 0.419352 0.26929 0.417698 0.274919 0.418578 0.278436 0.420336 0.280899 0.426933 0.281188 0.431215 0.280237 0.435498 0.278092 0.44132 0.27285 0.447916 0.273487 0.44265 0.273487 0.438391 0.273177 0.43452 0.271319 0.431423 0.269771 0.428326 0.268222 0.425616 0.265744 0.42368 0.263577 0.422906
3 4 0.22004 0.457274 0.221447 0.46387 0.224965 0.467828 0.214411 0.475303 0.200339 0.484098 0.185916 0.492893 0.176418 0.49817 0.164105 0.507844 0.156014 0.513121 0.1532 0.503446 0.169734 0.492013 0.17677 0.485417 0.185213 0.48146 0.190489 0.478821 0.209838 0.466509 0.214763 0.462111
2 4 0.22004 0.457274 0.221095 0.44804 0.224261 0.442323 0.230593 0.434408 0.238684 0.427372 0.253911 0.421058 0.262044 0.419352 0.263577 0.422906 0.265744 0.42368 0.268222 0.425616 0.269771 0.428326 0.271319 0.431423 0.273177 0.43452 0.273487 0.438391 0.273487 0.44265 0.27285 0.447916 0.260143 0.462991 0.251349 0.466948 0.241147 0.469587 0.229538 0.469587 0.224965 0.467828 0.221447 0.46387
