4 22 0.320586 0.523029 0.318873 0.530677 0.266744 0.516298 0.210229 0.498058 0.179525 0.486251 0.131936 0.47172 0.100331 0.464001 0.075992 0.462638 0.052742 0.464001 0.040391 0.468087 0.026587 0.475353 0.018231 0.478986 0.008389 0.488749 0 0.500328 0 0.487159 0.006885 0.478759 0.016778 0.470358 0.026438 0.464362 0.038575 0.459914 0.060008 0.455373 0.074539 0.452648 0.092339 0.453102 0.11116 0.45467 0.13121 0.459006 0.176982 0.473991 0.207362 0.485865 0.241645 0.498058 0.291413 0.513951
3 22 0.318873 0.530677 0.320586 0.523029 0.336249 0.526394 0.372959 0.535571 0.379774 0.539032 0.378344 0.542607 0.378344 0.547107 0.364904 0.541186 0.334291 0.535265
0 22 0.421907 0.559127 0.419459 0.557903 0.41897 0.554538 0.41897 0.551173 0.421172 0.548726 0.424109 0.549338 0.426067 0.550561 0.427291 0.554232 0.423865 0.558821 0.421907 0.559127 0.422422 0.558301 0.420469 0.558398 0.42 0.55918 0.418203 0.564063 0.417734 0.568457 0.418203 0.57207 0.420469 0.57334 0.426172 0.575293 0.429219 0.574512 0.430312 0.570898 0.427578 0.569824 0.423047 0.567187 0.423594 0.560059 0.422422 0.558301
1 22 0.423516 0.539258 0.422396 0.542607 0.420194 0.547196 0.417257 0.552703 0.416278 0.560045 0.416767 0.568305 0.417257 0.575035 0.415547 0.580957 0.419766 0.582324 0.426067 0.580847 0.432186 0.579012 0.436836 0.573811 0.439528 0.568305 0.440751 0.560963 0.440507 0.554232 0.434878 0.545055 0.425333 0.539854
2 22 0.40502 0.534348 0.410159 0.534653 0.415313 0.536621 0.423359 0.53916 0.4225 0.54248 0.420194 0.547196 0.417257 0.552703 0.416278 0.560045 0.416767 0.568305 0.417257 0.575035 0.415391 0.58125 0.40967 0.579624 0.402817 0.575035 0.393672 0.569141 0.386175 0.563104 0.378344 0.552091 0.378344 0.542607 0.380546 0.537101 0.388378 0.534042 0.39523 0.53343
4 23 0.47587 0.424588 0.478828 0.414599 0.48263 0.406191 0.501963 0.364734 0.510998 0.343314 0.535856 0.293963 0.557375 0.238729 0.570197 0.213334 0.584073 0.187431 0.590226 0.193073 0.578908 0.212586 0.569325 0.23461 0.543809 0.294159 0.532613 0.321464 0.519622 0.347799 0.497149 0.395201 0.487318 0.415391 0.485738 0.424169 0.484158 0.432947 0.48802 0.43953 0.493989 0.445236 0.498835 0.449781 0.505437 0.451032 0.512705 0.451426 0.518216 0.45182 0.52445 0.455542 0.530299 0.463584 0.537318 0.469799 0.544044 0.471627 0.551648 0.467605 0.555087 0.460842 0.556769 0.454078 0.558529 0.442017 0.559986 0.430318 0.559837 0.422641 0.561884 0.420082 0.564516 0.419717 0.565686 0.423372 0.566563 0.433608 0.566563 0.442747 0.564224 0.454445 0.560422 0.465412 0.555742 0.471627 0.551648 0.475648 0.544044 0.480766 0.538488 0.481862 0.533809 0.481497 0.527082 0.473089 0.522403 0.465412 0.517139 0.460294 0.51012 0.458832 0.501639 0.458466 0.493158 0.454811 0.487602 0.446406 0.481753 0.442016 0.47555 0.438607 0.475448 0.430912
3 23 0.584073 0.187431 0.592355 0.171009 0.598218 0.159707 0.608615 0.14499 0.621335 0.128444 0.623561 0.131381 0.626673 0.133882 0.616365 0.146143 0.604534 0.163885 0.598345 0.17611 0.590226 0.193073
0 23 0.659254 0.090003 0.660149 0.093361 0.661045 0.09588 0.662612 0.097279 0.665298 0.096999 0.666418 0.09532 0.667089 0.091682 0.667313 0.087485 0.666418 0.083847 0.664851 0.080209 0.66306 0.07909 0.660821 0.07909 0.659254 0.080769 0.658806 0.083847 0.658806 0.086645
2 23 0.650182 0.07404 0.653359 0.0790039 0.655234 0.0832031 0.655859 0.0876953 0.657266 0.0922852 0.659375 0.096875 0.661562 0.0999023 0.667656 0.103418 0.666478 0.105239 0.663603 0.110392 0.659359 0.115235 0.654746 0.118926 0.650502 0.123308 0.645151 0.130459 0.639246 0.13461 0.633895 0.137148 0.628728 0.135533 0.623561 0.131381 0.62024 0.126999 0.620793 0.117542 0.623561 0.105778 0.628728 0.094015 0.635555 0.08525 0.642567 0.078792
1 23 0.650182 0.07404 0.653643 0.070918 0.658227 0.067553 0.663014 0.066549 0.665555 0.067553 0.669236 0.069698 0.672362 0.075818 0.673643 0.082522 0.672459 0.094152 0.669365 0.101372 0.667656 0.103223 0.661875 0.1 0.659609 0.0964844 0.657578 0.0933594 0.655859 0.0873047 0.655547 0.0832031 0.653672 0.0790039
3 24 0.507573 0.507011 0.51445 0.505241 0.524977 0.500518 0.53568 0.495457 0.547648 0.490397 0.559793 0.485673 0.565191 0.483312 0.56762 0.492083 0.544949 0.500855 0.535772 0.505241 0.527136 0.509289 0.520118 0.512326 0.508065 0.515571 0.508783 0.510639
4 24 0.869067 0.09087 0.868079 0.078227 0.868079 0.06891 0.869558 0.063863 0.874328 0.060462 0.878347 0.060873 0.881745 0.063879 0.885174 0.072586 0.887646 0.083274 0.887746 0.090661 0.886093 0.099191 0.881124 0.110837 0.876669 0.113943 0.869322 0.115496 0.86497 0.114334 0.858762 0.113167 0.849814 0.113913 0.846131 0.113014 0.845954 0.110132 0.849068 0.10725 0.856309 0.106839 0.868157 0.108073 0.876714 0.106839 0.879347 0.099845 0.880663 0.094085 0.88198 0.087503 0.88169 0.081744 0.880189 0.075252 0.878215 0.071706 0.875727 0.071047 0.874555 0.074906 0.87441 0.081332 0.875364 0.088211 0.875068 0.094908 0.869067 0.09087 0.869067 0.09087 0.869322 0.117049 0.861857 0.142976 0.851027 0.162725 0.841089 0.175852 0.830471 0.190325 0.819009 0.21255 0.809692 0.222644 0.794784 0.238172 0.787951 0.246713 0.781871 0.258546 0.77615 0.276994 0.768696 0.310381 0.759379 0.336779 0.745714 0.359296 0.733912 0.378707 0.712793 0.402 0.67221 0.433627 0.650322 0.446294 0.635324 0.453894 0.589831 0.473059 0.565191 0.483312 0.56762 0.492083 0.583143 0.48491 0.620991 0.470511 0.655878 0.454878 0.665093 0.449941 0.687473 0.43472 0.70689 0.420321 0.72565 0.403454 0.734865 0.392757 0.742764 0.380416 0.749346 0.370954 0.759878 0.352029 0.774359 0.319118 0.779917 0.296213 0.782916 0.277156 0.790486 0.258232 0.800359 0.24301 0.812207 0.230668 0.816815 0.226554 0.824714 0.215035 0.82998 0.207219 0.834916 0.197345 0.842157 0.187883 0.84841 0.178833 0.855651 0.165668 0.865195 0.150858 0.869144 0.140573 0.87441 0.123294 0.87555 0.110621 0.875068 0.094908 0.869067 0.09087
2 24 0.454531 0.515625 0.457266 0.516504 0.459531 0.519629 0.463438 0.524219 0.466094 0.527051 0.467969 0.529395 0.469375 0.533691 0.470457 0.541677 0.469647 0.545051 0.465869 0.549099 0.471806 0.547413 0.480443 0.546063 0.484762 0.545388 0.48935 0.542689 0.493938 0.537291 0.499606 0.530881 0.503115 0.526158 0.505814 0.521435 0.507703 0.518061 0.508783 0.510639 0.507433 0.50659 0.502575 0.502879 0.492049 0.501867 0.484762 0.501867 0.475045 0.502879 0.468203 0.505762 0.461328 0.50918
1 24 0.451953 0.519141 0.454297 0.515527 0.457344 0.516699 0.459375 0.519727 0.462812 0.523926 0.466094 0.526953 0.467969 0.529492 0.469531 0.533789 0.470457 0.541677 0.469647 0.545051 0.465869 0.549099 0.46263 0.549437 0.457232 0.54775 0.452374 0.543701 0.449675 0.537291 0.448325 0.530881 0.448865 0.525821 0.450215 0.522447
0 24 0.460021 0.525599 0.456562 0.528418 0.457422 0.531836 0.461074 0.536571 0.463181 0.537888 0.467395 0.536133 0.467746 0.532182 0.465313 0.529102 0.463532 0.526915
4 25 0.26135 0.654576 0.255123 0.663433 0.267374 0.675493 0.283053 0.68578 0.297663 0.698096 0.329635 0.72113 0.351707 0.743426 0.369277 0.761545 0.378069 0.769224 0.388165 0.78241 0.397829 0.792293 0.405735 0.802726 0.41496 0.815354 0.425502 0.832376 0.433848 0.844455 0.44439 0.859829 0.459764 0.883988 0.470306 0.898813 0.475138 0.909246 0.478652 0.916933 0.481288 0.924071 0.483045 0.937797 0.482166 0.944935 0.479091 0.955368 0.476895 0.961407 0.470745 0.967447 0.465035 0.969643 0.456689 0.971291 0.443509 0.975137 0.432969 0.978978 0.422866 0.984468 0.416135 0.986843 0.405296 1 0.416719 1 0.425502 0.991606 0.437801 0.986116 0.448783 0.985567 0.459762 0.982269 0.475577 0.976781 0.482166 0.969643 0.488755 0.958113 0.49233 0.95035 0.495563 0.937879 0.495783 0.929175 0.492236 0.912265 0.48869 0.905402 0.481477 0.891757 0.471185 0.875752 0.437801 0.824139 0.400025 0.773076 0.368838 0.738484 0.339407 0.712129 0.317445 0.69401 0.290211 0.676439 0.274837 0.66436 0.267369 0.658869
3 25 0.180016 0.639144 0.200158 0.637399 0.213255 0.637936 0.22764 0.637936 0.241171 0.641693 0.248897 0.644914 0.253406 0.647866 0.257915 0.652161 0.26135 0.654576 0.255123 0.663433 0.250614 0.658333 0.240094 0.652429 0.221414 0.648672 0.20939 0.649477 0.201891 0.649294 0.188932 0.650013 0.180752 0.649695 0.182938 0.644913 0.181515 0.64029
2 25 0.11266 0.634244 0.108609 0.637849 0.108192 0.641455 0.111339 0.646018 0.119258 0.649416 0.125372 0.652617 0.126795 0.660146 0.126589 0.669257 0.12415 0.673645 0.120476 0.675927 0.115348 0.678208 0.110099 0.684391 0.120065 0.685408 0.131683 0.682877 0.138154 0.677542 0.147113 0.670521 0.157137 0.664301 0.165778 0.658926 0.170655 0.654831 0.178101 0.650959 0.180662 0.649892 0.182938 0.644913 0.181515 0.64029 0.176394 0.636378 0.170041 0.634955 0.159038 0.637089 0.14282 0.636733 0.127455 0.636022 0.118635 0.634599
1 25 0.088893 0.660364 0.091085 0.651056 0.094166 0.645154 0.099287 0.640175 0.104124 0.637685 0.110953 0.634484 0.11266 0.634129 0.108609 0.637734 0.108192 0.64134 0.111339 0.645903 0.119258 0.649301 0.125372 0.652502 0.126795 0.660031 0.126589 0.669142 0.12415 0.67353 0.120476 0.675812 0.115348 0.678093 0.110099 0.684276 0.105211 0.683887 0.099507 0.68269 0.095909 0.680364 0.092174 0.674673 0.090467 0.670406
0 25 0.109609 0.649707 0.1075 0.654102 0.106719 0.663086 0.108984 0.669922 0.112969 0.674512 0.120469 0.676074 0.124922 0.672363 0.126641 0.664941 0.127109 0.657422 0.125625 0.652441 0.121172 0.650098 0.1175 0.647754 0.112734 0.647559
