4 9 0.670823 0.280823 0.679533 0.276812 0.687662 0.296254 0.697748 0.321468 0.707833 0.348974 0.718377 0.377626 0.73213 0.41602 0.741558 0.446531 0.749832 0.48184 0.755595 0.517298 0.759495 0.549056 0.760764 0.573988 0.762654 0.600359 0.764611 0.630375 0.764611 0.658965 0.764611 0.691953 0.765784 0.718343 0.768716 0.744734 0.772821 0.760861 0.77634 0.772591 0.783964 0.786519 0.790415 0.794583 0.798039 0.799714 0.80449 0.802646 0.810354 0.802646 0.818565 0.799714 0.823843 0.790184 0.824429 0.779921 0.823843 0.766726 0.82267 0.759395 0.825602 0.757196 0.829121 0.758662 0.831467 0.765993 0.833226 0.776256 0.833226 0.788718 0.829707 0.798248 0.825016 0.804113 0.819151 0.809244 0.810941 0.813642 0.802731 0.813642 0.793347 0.81071 0.78455 0.802646 0.777513 0.795316 0.769889 0.785053 0.766957 0.776256 0.762852 0.762328 0.759333 0.751332 0.757573 0.734471 0.756401 0.709547 0.756401 0.675092 0.755228 0.631841 0.754055 0.604718 0.752882 0.578327 0.749363 0.545942 0.744602 0.50722 0.739324 0.474145 0.732356 0.445642 0.724732 0.419251 0.70362 0.362072 0.688958 0.326151 0.677229 0.297562
3 9 0.639795 0.214736 0.642341 0.214054 0.647173 0.209662 0.647396 0.209105 0.652944 0.219507 0.663488 0.241856 0.679533 0.276812 0.670823 0.280823 0.658445 0.255609 0.652485 0.242429 0.647442 0.231541 0.642858 0.220653
2 9 0.606761 0.176166 0.611593 0.18715 0.618182 0.201975 0.62521 0.21076 0.630481 0.214054 0.636192 0.215701 0.642341 0.214054 0.647173 0.209662 0.649809 0.203073 0.652005 0.192091 0.652883 0.180012 0.651566 0.166285 0.647612 0.154754 0.645855 0.149264 0.642341 0.148979 0.639706 0.15146 0.638827 0.156402 0.636631 0.162991 0.632678 0.170128 0.628724 0.173423 0.623453 0.173423 0.616864 0.172874 0.612032 0.169579 0.609836 0.166834 0.607201 0.166834 0.605444 0.169579
1 9 0.645855 0.149264 0.642341 0.148979 0.639706 0.15146 0.638827 0.156402 0.636631 0.162991 0.632678 0.170128 0.628724 0.173423 0.623453 0.173423 0.616864 0.172874 0.612032 0.169579 0.609836 0.166834 0.607201 0.166834 0.605444 0.169579 0.603855 0.163792 0.603855 0.156527 0.605672 0.147445 0.608578 0.139726 0.612937 0.134276 0.616933 0.131552 0.622019 0.130644 0.629609 0.131641 0.636719 0.13584 0.641636 0.142904
0 9 0.626963 0.149931 0.625501 0.149565 0.623192 0.149219 0.620237 0.149565 0.618774 0.151393 0.61819 0.154683 0.618774 0.156511 0.620529 0.157608 0.624916 0.156877 0.628133 0.154683 0.628164 0.151759 0.626963 0.149931 0.628287 0.143856 0.628756 0.162022 0.627094 0.162368 0.624047 0.1641 0.622939 0.16687 0.623216 0.168948 0.625432 0.170333 0.627648 0.169986 0.629864 0.168255 0.631249 0.164792 0.630141 0.162368 0.628756 0.162022 0.628287 0.143856 0.631334 0.142817 0.632165 0.139701 0.631888 0.136584 0.629949 0.134853 0.627733 0.134507 0.626348 0.135545 0.62524 0.138316 0.62524 0.141086 0.626625 0.143163 0.628287 0.143856
4 18 0.928446 0.702745 0.927988 0.711341 0.933744 0.711165 0.947013 0.711165 0.963015 0.713117 0.973552 0.716044 0.98526 0.72141 1 0.732143 1 0.721898 0.990334 0.714092 0.978626 0.708238 0.968479 0.706287 0.952477 0.70336 0.936866 0.701896
3 18 0.849689 0.696613 0.852876 0.692329 0.854221 0.686463 0.867474 0.690711 0.882144 0.69415 0.897731 0.697588 0.913776 0.700453 0.928446 0.702745 0.927988 0.711341 0.91561 0.709049 0.902316 0.706757 0.889479 0.705611 0.874351 0.703318 0.861056 0.700453
2 18 0.854321 0.686027 0.85323 0.678187 0.849355 0.668918 0.845062 0.660625 0.839989 0.654771 0.833744 0.651356 0.822426 0.647453 0.815391 0.644824 0.814922 0.649609 0.815011 0.655258 0.81423 0.660625 0.81306 0.665015 0.807596 0.671357 0.802132 0.676236 0.797448 0.678675 0.794717 0.68209 0.793125 0.688672 0.795937 0.692285 0.801742 0.696725 0.812309 0.702188 0.823312 0.70448 0.832022 0.705053 0.838898 0.705053 0.844858 0.702188 0.848526 0.698177 0.852876 0.692329
1 18 0.815391 0.644727 0.815078 0.650195 0.815011 0.655258 0.81423 0.660625 0.81306 0.665015 0.807596 0.671357 0.802132 0.676236 0.797448 0.678675 0.794717 0.68209 0.793203 0.68916 0.789027 0.683277 0.78677 0.677632 0.786017 0.671047 0.787146 0.663521 0.790909 0.655055 0.794295 0.649881 0.799187 0.646118 0.805208 0.644236 0.811981 0.644236
0 18 0.80089 0.666148 0.798461 0.663787 0.796032 0.663112 0.794142 0.665136 0.793872 0.667835 0.794952 0.671884 0.796841 0.673908 0.79954 0.674245 0.801429 0.67357 0.802239 0.670871 0.802239 0.668173 0.80089 0.666148 0.80368 0.658785 0.802441 0.656075 0.802441 0.653753 0.803061 0.65143 0.805229 0.651043 0.806777 0.651817 0.807397 0.654527 0.807397 0.65685 0.809844 0.659766 0.809062 0.664453 0.809844 0.667773 0.812578 0.668262 0.814453 0.665918 0.814922 0.660449 0.813281 0.657422 0.810859 0.658398 0.809844 0.659766 0.807397 0.65685 0.806158 0.658785 0.805229 0.65956 0.80368 0.658785
4 23 0.227159 0.655172 0.236076 0.661759 0.231212 0.671893 0.222295 0.688613 0.213782 0.7104 0.208222 0.728169 0.204005 0.749777 0.199789 0.779291 0.196416 0.811966 0.193887 0.852547 0.192492 0.885519 0.191117 0.908441 0.188366 0.938813 0.182406 1 0.170946 1 0.173696 0.964599 0.177364 0.926779 0.179197 0.892396 0.180573 0.859159 0.180573 0.825923 0.183782 0.778933 0.186074 0.755439 0.191575 0.73309 0.197076 0.717618 0.206245 0.69355 0.219998 0.666044
3 23 0.227159 0.655172 0.241751 0.636932 0.251885 0.626798 0.265261 0.614131 0.279043 0.605011 0.28889 0.599677 0.290753 0.60247 0.29226 0.606865 0.291968 0.608507 0.279448 0.616158 0.268909 0.624265 0.255533 0.637945 0.244183 0.651119 0.236076 0.661759
2 23 0.288241 0.598703 0.289246 0.58489 0.292762 0.574216 0.296278 0.56731 0.302305 0.557892 0.304609 0.556055 0.307109 0.559668 0.309375 0.561426 0.311016 0.564746 0.313858 0.569821 0.317877 0.5761 0.321895 0.581751 0.325411 0.586146 0.331439 0.591169 0.334452 0.594936 0.336094 0.597852 0.337109 0.600586 0.330936 0.606865 0.321895 0.611888 0.314863 0.611888 0.304817 0.611888 0.299862 0.611181 0.297215 0.609651 0.29226 0.606865 0.290753 0.60247
1 23 0.306953 0.553711 0.304688 0.556348 0.307266 0.559668 0.310156 0.563086 0.313858 0.569821 0.317877 0.5761 0.321895 0.581751 0.325411 0.586146 0.331439 0.591169 0.334452 0.594936 0.336406 0.597656 0.337188 0.600879 0.341484 0.595564 0.34701 0.584262 0.347512 0.568565 0.343996 0.554124 0.337968 0.545962 0.330434 0.544079 0.321393 0.544079 0.312854 0.547846
4 44 0.207733 0.466093 0.201098 0.465172 0.198413 0.465731 0.186443 0.454604 0.168872 0.435387 0.139882 0.400795 0.099031 0.360164 0.087171 0.349182 0.079264 0.344241 0.073554 0.340946 0.065647 0.337103 0.059058 0.331612 0.051152 0.323376 0.044123 0.315689 0.036217 0.300315 0.029628 0.282196 0.023039 0.259135 0.019964 0.236074 0.014944 0.20719 0.009662 0.177481 0 0.152723 0 0.137869 0.013624 0.153549 0.020226 0.169228 0.026167 0.182432 0.028187 0.19956 0.031367 0.226063 0.03409 0.245977 0.03541 0.260006 0.040692 0.275686 0.048614 0.294667 0.055216 0.30622 0.065779 0.319424 0.075682 0.326851 0.090867 0.336754 0.108032 0.349958 0.131139 0.374716 0.156227 0.397823 0.176139 0.425103 0.198314 0.452629 0.207733 0.466093 0.235918 0.491504 0.252823 0.503864 0.262607 0.512331 0.273896 0.522679 0.284432 0.531616 0.29986 0.542434 0.310911 0.550274 0.347396 0.572192 0.35979 0.580762 0.373613 0.589813 0.39259 0.602149 0.387199 0.61338 0.379537 0.608325 0.368347 0.60092 0.354853 0.592281 0.3457 0.586941 0.34701 0.584262 0.347396 0.572192 0.310911 0.550274 0.306484 0.553809 0.302305 0.557892 0.301985 0.558392 0.283303 0.545727 0.274648 0.538201 0.262983 0.526912 0.251318 0.516094 0.239585 0.506093 0.23909 0.500735 0.23632 0.492424 0.235918 0.491504
3 44 0.387199 0.61338 0.39259 0.602149 0.406195 0.612417 0.421854 0.624611 0.432508 0.632835 0.450566 0.646099 0.446714 0.652977 0.446172 0.659408 0.442737 0.658582 0.437954 0.658881 0.435323 0.658283 0.434366 0.654994 0.435562 0.652304 0.436758 0.649015 0.433649 0.646325 0.42767 0.641542 0.417147 0.634068 0.403753 0.625099 0.393948 0.618223
2 44 0.454049 0.687984 0.451146 0.68241 0.448099 0.675139 0.446991 0.667867 0.44616 0.659556 0.446714 0.652977 0.450592 0.646052 0.454748 0.64155 0.460565 0.638087 0.465828 0.637395 0.473862 0.638087 0.479016 0.638763 0.480233 0.646052 0.479956 0.650899 0.480756 0.654423 0.481191 0.660513 0.481017 0.663449 0.480669 0.666929 0.479712 0.669539 0.479277 0.671388 0.478755 0.674433 0.478294 0.677563 0.477463 0.679294 0.471923 0.678255 0.469153 0.677216 0.466936 0.677216 0.465274 0.67964 0.463335 0.684834 0.460842 0.688643 0.458903 0.690028 0.45641 0.690375
1 44 0.479451 0.640938 0.480495 0.646267 0.479956 0.650899 0.48093 0.654314 0.480843 0.657468 0.480756 0.65986 0.481017 0.663667 0.48006 0.669539 0.478929 0.674215 0.478294 0.677563 0.477463 0.679294 0.471923 0.678255 0.469153 0.677216 0.466936 0.677216 0.465274 0.67964 0.463335 0.684834 0.460842 0.688643 0.458903 0.690028 0.45641 0.690375 0.460655 0.695127 0.464414 0.698259 0.469926 0.700765 0.474437 0.701392 0.4802 0.701078 0.486214 0.699825 0.490975 0.69732 0.497239 0.691055 0.502 0.682598 0.503503 0.676647 0.503503 0.669443 0.501248 0.661613 0.495485 0.650963 0.489972 0.645325 0.484961 0.641566 0.479172 0.638631
0 44 0.475558 0.680224 0.469674 0.67954 0.4667 0.680112 0.465557 0.682113 0.46487 0.685544 0.466472 0.688404 0.46853 0.690119 0.471504 0.690977 0.474935 0.690977 0.477222 0.690691 0.48006 0.690636 0.4818 0.688026 0.481452 0.683133 0.479151 0.681299
4 35 0.150762 0.401412 0.16208 0.398485 0.157642 0.377728 0.155112 0.359809 0.151739 0.328188 0.149631 0.304471 0.149631 0.282336 0.149631 0.254931 0.150896 0.231742 0.154269 0.192742 0.159221 0.14592 0.163347 0.114976 0.165639 0.08002 0.165639 0.05366 0.166098 0.028446 0.166098 0 0.151428 0 0.152345 0.027873 0.151886 0.050222 0.150969 0.078874 0.14776 0.110392 0.143176 0.145347 0.138133 0.173426 0.134924 0.201505 0.133091 0.230731 0.132174 0.270844 0.133549 0.29835 0.137675 0.342474 0.143635 0.378576
3 35 0.150762 0.401412 0.16208 0.398485 0.169105 0.420926 0.17652 0.442879 0.183935 0.45849 0.190247 0.46901 0.186523 0.471919 0.182745 0.476642 0.182265 0.477841 0.174569 0.466296 0.168714 0.453611 0.164031 0.443367 0.156616 0.423853 0.153103 0.410193
2 35 0.178966 0.494186 0.180316 0.482715 0.182745 0.476642 0.186523 0.471919 0.193001 0.466858 0.201098 0.465172 0.208385 0.466184 0.213783 0.46922 0.22107 0.474618 0.22845 0.481073 0.234533 0.48838 0.232874 0.488972 0.229302 0.492161 0.227008 0.493174 0.222342 0.494424 0.218006 0.497908 0.21429 0.503328 0.210573 0.507973 0.206238 0.509909 0.200973 0.511457 0.195398 0.515328 0.189823 0.517651 0.185797 0.519587 0.18332 0.519974 0.180842 0.514554 0.179596 0.505966
1 35 0.233111 0.488972 0.231452 0.490059 0.229302 0.492161 0.227008 0.493174 0.222342 0.494424 0.218006 0.497908 0.21429 0.503328 0.210573 0.507973 0.206238 0.509909 0.200973 0.511457 0.195398 0.515328 0.189823 0.517651 0.185797 0.519587 0.18332 0.519974 0.186733 0.525667 0.191997 0.5319 0.199753 0.536401 0.206956 0.538825 0.216374 0.539518 0.224962 0.539518 0.231887 0.53467 0.235489 0.527744 0.23909 0.518049 0.239921 0.509738 0.23909 0.500735 0.23632 0.492424 0.234658 0.488615
0 35 0.223052 0.500063 0.218747 0.503447 0.215438 0.507207 0.21243 0.512472 0.211828 0.516232 0.212731 0.518112 0.214536 0.519241 0.217243 0.519241 0.221455 0.51736 0.224162 0.514728 0.226268 0.510216 0.227471 0.503823 0.22687 0.500439 0.225065 0.499388
4 41 0.188441 0.337688 0.188086 0.340124 0.180288 0.343486 0.175896 0.345682 0.171064 0.356114 0.171064 0.366547 0.174138 0.381372 0.180727 0.392902 0.19083 0.402786 0.200055 0.407727 0.207383 0.413107 0.212019 0.41539 0.214549 0.418903 0.220261 0.42365 0.223541 0.427685 0.233877 0.432435 0.248657 0.436802 0.267393 0.435034 0.278351 0.43172 0.291608 0.424429 0.303097 0.414929 0.315469 0.401451 0.321302 0.390404 0.331024 0.368973 0.339331 0.351518 0.348876 0.337157 0.359128 0.318598 0.369026 0.296283 0.372914 0.283468 0.375742 0.270654 0.378394 0.269991 0.379454 0.277945 0.372914 0.298713 0.364607 0.319482 0.35683 0.332075 0.347108 0.348204 0.338624 0.364112 0.331731 0.380683 0.324484 0.395928 0.311758 0.413382 0.299915 0.425092 0.28984 0.431941 0.279412 0.438569 0.267216 0.442546 0.253644 0.442868 0.245737 0.443417 0.236952 0.442319 0.231242 0.439573 0.2207 0.433534 0.208928 0.425753 0.200494 0.420356 0.194277 0.418616 0.185765 0.414056 0.176037 0.404429 0.169956 0.395308 0.166308 0.386188 0.163876 0.375548 0.16266 0.361867 0.16266 0.351227 0.165903 0.342614 0.172388 0.33552 0.182117 0.331467 0.190621 0.328605 0.188441 0.337688 0.197943 0.33753 0.198028 0.337088 0.200801 0.32795 0.217743 0.327067 0.226175 0.328648 0.235872 0.337081 0.243462 0.348148 0.24557 0.36027 0.24557 0.371864 0.243462 0.378716 0.237981 0.387675 0.232499 0.392945 0.226597 0.397162 0.2169 0.399797 0.210491 0.398806 0.212409 0.389219 0.217743 0.389256 0.223224 0.387675 0.22997 0.381878 0.234186 0.3745 0.235029 0.366594 0.234608 0.356581 0.232921 0.350256 0.228283 0.344459 0.222381 0.339189 0.215213 0.336554 0.203408 0.336554 0.197943 0.33753
3 41 0.186044 0.362854 0.186523 0.35087 0.188441 0.337688 0.191317 0.325704 0.193733 0.318993 0.195828 0.321786 0.200466 0.325475 0.201527 0.325558 0.198028 0.337088 0.195152 0.352069 0.194672 0.36585 0.197069 0.376037 0.20378 0.383227 0.212409 0.389219 0.210491 0.398806 0.204739 0.397608 0.198507 0.391616 0.192276 0.383826 0.187961 0.372441
2 41 0.184866 0.274354 0.183179 0.28753 0.183179 0.296489 0.185709 0.305975 0.189504 0.313354 0.195828 0.321786 0.200466 0.325475 0.207212 0.326002 0.213958 0.322313 0.219453 0.316895 0.225312 0.311328 0.230156 0.300684 0.231406 0.295508 0.231875 0.29043 0.229476 0.288584 0.223233 0.28753 0.219017 0.28384 0.214844 0.280957 0.20875 0.277637 0.202656 0.275195 0.196953 0.274121 0.192266 0.271777 0.188516 0.270508 0.187734 0.270605 0.185859 0.269531
1 41 0.189488 0.262466 0.185703 0.269336 0.188203 0.270605 0.193047 0.271973 0.196953 0.273828 0.208828 0.277539 0.218158 0.283547 0.222374 0.287237 0.229297 0.288672 0.232344 0.29082 0.2325 0.286328 0.232578 0.280469 0.232031 0.272461 0.229219 0.261621 0.225312 0.254688 0.219818 0.249015 0.21209 0.246745 0.202813 0.24873 0.194531 0.255273
4 49 0.869557 0.778462 0.867303 0.765744 0.864397 0.746673 0.860764 0.717611 0.858585 0.70308 0.858221 0.690365 0.856405 0.676742 0.851683 0.659941 0.850229 0.650405 0.850434 0.644358 0.851245 0.635744 0.854488 0.623584 0.856514 0.610917 0.85773 0.599263 0.858541 0.58609 0.858136 0.564809 0.855298 0.545049 0.851718 0.506838 0.849522 0.481031 0.843579 0.438574 0.837637 0.411341 0.831035 0.384107 0.823773 0.360175 0.816511 0.335418 0.811229 0.315612 0.800006 0.280126 0.784821 0.230611 0.783501 0.219057 0.784821 0.212455 0.789443 0.214106 0.792084 0.222358 0.797365 0.238038 0.809909 0.27765 0.819152 0.31066 0.829715 0.341194 0.838958 0.37503 0.84556 0.398137 0.854142 0.435273 0.859272 0.484309 0.861756 0.509932 0.864241 0.534001 0.868589 0.558847 0.869831 0.576705 0.869831 0.592234 0.869831 0.607762 0.865483 0.622514 0.862377 0.63649 0.861756 0.653572 0.863917 0.669207 0.866139 0.684482 0.869472 0.712254 0.873915 0.744885 0.876207 0.776538
3 49 0.872713 0.795885 0.869557 0.778462 0.876207 0.776538 0.878907 0.79395 0.881695 0.811758 0.885101 0.829178 0.887269 0.841179 0.888818 0.846986 0.891605 0.852406 0.893773 0.857438 0.894702 0.861697 0.894702 0.864605 0.893597 0.863315 0.88952 0.860342 0.883404 0.860342 0.881695 0.86077 0.881695 0.856277 0.880456 0.846986 0.879217 0.831501 0.877049 0.8195 0.875191 0.807886
2 49 0.868794 0.879454 0.868794 0.870535 0.872192 0.865864 0.876609 0.862041 0.883404 0.860342 0.88952 0.860342 0.893597 0.863315 0.898694 0.869261 0.90447 0.881153 0.909226 0.89347 0.909906 0.900265 0.910925 0.906635 0.914663 0.91513 0.917721 0.9215 0.91874 0.927871 0.91806 0.932118 0.913983 0.93594 0.906169 0.938488 0.902431 0.938913 0.898354 0.938064 0.894277 0.934241 0.88952 0.923199 0.884763 0.91513 0.879667 0.907485 0.873211 0.895593 0.869814 0.886674
0 49 0.9074 0.91783 0.903684 0.916669 0.901516 0.91783 0.901516 0.920927 0.903684 0.927895 0.9074 0.932154 0.909568 0.932928 0.912355 0.932154 0.913904 0.929444 0.912665 0.924024 0.910187 0.920153
