2 6 0.841288 0.619405 0.850767 0.620815 0.862497 0.617786 0.871848 0.613791 0.881457 0.607324 0.885666 0.602214 0.879837 0.594682 0.87257 0.59014 0.865302 0.58503 0.861214 0.575378 0.859397 0.567429 0.854855 0.567429 0.847133 0.574242 0.840774 0.582191 0.83678 0.59014 0.833397 0.599028 0.833146 0.607173 0.83487 0.611716 0.838079 0.61556
4 6 0.792865 0.669467 0.774881 0.692692 0.744123 0.727826 0.720522 0.748699 0.693059 0.767836 0.649478 0.797073 0.608881 0.812878 0.569478 0.826311 0.534851 0.84049 0.526493 0.836013 0.524105 0.824072 0.540224 0.814371 0.62899 0.787219 0.662562 0.767218 0.685298 0.753176 0.705597 0.741982 0.74679 0.706161 0.76888 0.683773 0.78082 0.669594 0.789031 0.664231
3 6 0.838079 0.61556 0.831187 0.625129 0.820146 0.637508 0.811307 0.648897 0.803351 0.659461 0.792865 0.669467 0.789031 0.664231 0.803187 0.64738 0.81675 0.630427 0.82887 0.618523 0.83487 0.611716
0 6 0.876453 0.583415 0.878112 0.58146 0.880309 0.577189 0.880309 0.573833 0.879135 0.568838 0.877136 0.566816 0.875092 0.565439 0.87201 0.565067 0.869326 0.56529 0.866153 0.568036 0.865176 0.569256 0.863468 0.572917 0.863826 0.577189 0.864932 0.579934 0.86731 0.582985 0.87049 0.584476 0.873181 0.584941
1 6 0.885666 0.602214 0.889594 0.596371 0.891652 0.588009 0.891138 0.577396 0.887278 0.568069 0.88239 0.561636 0.876472 0.558099 0.870297 0.557134 0.864379 0.559064 0.854855 0.567429 0.859397 0.567429 0.861214 0.575378 0.865302 0.58503 0.87257 0.59014 0.880589 0.595728
2 19 0.231743 0.885227 0.236997 0.878151 0.240784 0.868325 0.243144 0.851323 0.243215 0.841129 0.238887 0.835517 0.229846 0.834341 0.219186 0.836254 0.20948 0.843176 0.200602 0.853206 0.194073 0.862624 0.197086 0.868275 0.203114 0.873297 0.212049 0.876626 0.219689 0.882715
4 19 0.294216 0.778029 0.304042 0.770684 0.329456 0.73529 0.348805 0.702244 0.359238 0.668843 0.367152 0.633543 0.367368 0.616794 0.36748 0.571979 0.36628 0.541899 0.361676 0.493212 0.353385 0.449683 0.345923 0.422218 0.335974 0.391644 0.31566 0.360034 0.290372 0.327387 0.26923 0.304586 0.25555 0.287485 0.248502 0.275049 0.248778 0.264332 0.252796 0.261193 0.261837 0.281284 0.267864 0.293213 0.274896 0.299492 0.281426 0.297608 0.271882 0.273122 0.263846 0.252403 0.25581 0.246752 0.248778 0.246752 0.241244 0.249892 0.237226 0.256798 0.235217 0.271866 0.239737 0.286307 0.252796 0.302631 0.270376 0.322094 0.293162 0.35109 0.306539 0.372322 0.323114 0.398779 0.334666 0.4255 0.347506 0.490631 0.354894 0.544921 0.35643 0.605918 0.353266 0.637901 0.348211 0.664025 0.34119 0.684737 0.334169 0.70545 0.323497 0.72511 0.307207 0.746174 0.288955 0.7702
3 19 0.243215 0.841129 0.253634 0.825625 0.27643 0.796817 0.294216 0.778029 0.288955 0.7702 0.274676 0.78711 0.25984 0.803293 0.246301 0.822181 0.238887 0.835517
1 19 0.231743 0.885227 0.225751 0.892897 0.220253 0.900228 0.210723 0.905269 0.200459 0.904352 0.196061 0.900687 0.190929 0.893356 0.18763 0.885566 0.188081 0.875589 0.189822 0.86885 0.194073 0.862624 0.197086 0.868275 0.203114 0.873297 0.212049 0.876626 0.219689 0.882715
2 26 0.226248 0.522385 0.23053 0.528818 0.23615 0.535998 0.246449 0.543186 0.256754 0.549252 0.266633 0.55225 0.275651 0.553032 0.278607 0.548138 0.280549 0.53309 0.278456 0.522728 0.276887 0.517051 0.266957 0.50979 0.258025 0.505906 0.250259 0.504936 0.239774 0.50445 0.234308 0.506074 0.229828 0.508694 0.227024 0.514905
4 26 0.162583 0.492256 0.137437 0.481318 0.094406 0.460271 0.056988 0.4439 0 0.414667 0 0.403363 0.051375 0.429868 0.097836 0.450916 0.134319 0.469235 0.164696 0.483199
3 26 0.226248 0.522385 0.207058 0.512957 0.162583 0.492256 0.164696 0.483199 0.187641 0.494897 0.20968 0.505464 0.227024 0.514905
0 26 0.268933 0.535992 0.2697 0.531965 0.270934 0.52996 0.273294 0.529254 0.275374 0.529254 0.277179 0.530669 0.278215 0.533508 0.278215 0.537874 0.277746 0.541669 0.276327 0.544153 0.27434 0.544507 0.272353 0.544153 0.270076 0.54249 0.268947 0.539895
1 26 0.275651 0.553032 0.281931 0.552344 0.284408 0.549206 0.286577 0.545503 0.2875 0.538517 0.287368 0.531682 0.28525 0.525381 0.281647 0.520642 0.276887 0.517051 0.278456 0.522728 0.280549 0.53309 0.278607 0.548138
0 12 0.409487 0.829023 0.407277 0.829023 0.405288 0.827365 0.404308 0.825195 0.405067 0.822116 0.407056 0.820182 0.409045 0.820458 0.410593 0.822668 0.411502 0.825554 0.410814 0.827918 0.409487 0.829023 0.415641 0.845046 0.414296 0.845943 0.412771 0.847625 0.412771 0.850204 0.415462 0.853007 0.417704 0.852558 0.418691 0.849867 0.417973 0.845607 0.415641 0.845046
2 12 0.415428 0.782247 0.410635 0.789843 0.404321 0.807415 0.400499 0.827323 0.408144 0.829712 0.415789 0.832898 0.424707 0.835287 0.438086 0.836083 0.443819 0.835287 0.443819 0.821749 0.43949 0.799934 0.43312 0.784954 0.426402 0.777153 0.421312 0.77656
4 12 0.420105 0.692985 0.423206 0.669924 0.424141 0.618217 0.42411 0.579807 0.421084 0.509499 0.41366 0.446522 0.39669 0.354377 0.393001 0.340466 0.386083 0.325209 0.366128 0.302243 0.351556 0.29139 0.308125 0.273501 0.223433 0.249203 0.16879 0.229166 0.127981 0.207793 0.106849 0.203812 0.09793 0.209386 0.130421 0.219739 0.167756 0.240048 0.194765 0.250796 0.235537 0.265927 0.306762 0.287237 0.339558 0.296737 0.356669 0.310825 0.373583 0.327986 0.382047 0.346565 0.386205 0.359762 0.405108 0.454365 0.413915 0.590039 0.413278 0.653746 0.412962 0.692324
3 12 0.426402 0.777153 0.423777 0.763729 0.42235 0.744059 0.421425 0.72439 0.420102 0.703894 0.420105 0.692985 0.412962 0.692324 0.414549 0.736952 0.415342 0.772985 0.415428 0.782247 0.421312 0.77656
1 12 0.400499 0.827323 0.400367 0.840711 0.404339 0.851138 0.413078 0.858586 0.421817 0.860075 0.432939 0.856103 0.440486 0.845676 0.443819 0.835287 0.438086 0.836083 0.424707 0.835287 0.415789 0.832898 0.408144 0.829712
0 19 0.206741 0.881913 0.204999 0.88409 0.205248 0.887614 0.207239 0.890621 0.211219 0.893005 0.212629 0.89342 0.216113 0.893213 0.21802 0.891658 0.218269 0.887614 0.216942 0.883571 0.212795 0.881602 0.21039 0.881394 0.207902 0.881498
