4 5 0.388395 0.671269 0.395071 0.660421 0.403749 0.675441 0.415098 0.694634 0.433122 0.717164 0.451146 0.733018 0.465165 0.745535 0.479183 0.75388 0.493202 0.76139 0.508556 0.765562 0.52658 0.7689 0.549945 0.770569 0.575312 0.765562 0.610025 0.75388 0.654085 0.734687 0.697476 0.715495 0.774913 0.672103 0.830321 0.632884 0.84701 0.617864 0.858358 0.610354 0.867704 0.607851 0.873045 0.608685 0.873045 0.611188 0.873045 0.61703 0.866369 0.619533 0.856356 0.623705 0.843004 0.634553 0.81964 0.652077 0.801616 0.663759 0.773578 0.683786 0.736195 0.704647 0.711495 0.717998 0.671441 0.736356 0.638731 0.752211 0.594004 0.770569 0.569304 0.777244 0.543937 0.781417 0.52124 0.779748 0.499993 0.776832 0.474923 0.768831 0.456787 0.757496 0.436517 0.738826 0.416247 0.71749 0.401312 0.69482 0.390644 0.677484
3 5 0.363961 0.585778 0.367033 0.588658 0.375711 0.586155 0.375945 0.585776 0.377047 0.594499 0.379717 0.603678 0.382387 0.612857 0.383722 0.627043 0.385057 0.640394 0.390398 0.650408 0.395071 0.660421 0.388395 0.671269 0.382387 0.661256 0.373709 0.644567 0.367701 0.629546 0.365698 0.614526 0.364363 0.595334
2 5 0.351679 0.561956 0.352486 0.555076 0.359549 0.542988 0.368133 0.533344 0.376934 0.526689 0.386496 0.526146 0.389063 0.538591 0.389063 0.552777 0.38706 0.564459 0.382387 0.575307 0.375711 0.586155 0.367033 0.588658 0.359022 0.581148 0.353014 0.5703
4 11 0.718294 0.767697 0.722554 0.775241 0.737111 0.764146 0.751313 0.753051 0.764449 0.743732 0.783621 0.731305 0.808474 0.715328 0.820901 0.70734 0.840783 0.696245 0.857418 0.684323 0.868467 0.67495 0.878333 0.667058 0.888199 0.657192 0.896881 0.647326 0.905168 0.636474 0.911087 0.626115 0.914244 0.616743 0.918585 0.603917 0.923715 0.587639 0.928845 0.569387 0.934765 0.557055 0.942658 0.54275 0.954102 0.526964 0.967125 0.512166 0.975017 0.507726 0.984488 0.50378 1 0.498354 1 0.488488 0.987645 0.492434 0.976201 0.496381 0.964362 0.503287 0.955286 0.510193 0.945815 0.522032 0.937922 0.533377 0.931608 0.54275 0.924899 0.558042 0.920164 0.570867 0.917007 0.581226 0.91306 0.595038 0.905957 0.617729 0.899643 0.630061 0.890566 0.6419 0.881885 0.651273 0.860575 0.671004 0.843211 0.68383 0.82269 0.697642 0.799013 0.71096 0.768231 0.730692 0.729952 0.756836 0.719692 0.764729
3 11 0.653425 0.831116 0.662553 0.821397 0.676399 0.805864 0.690601 0.791662 0.705867 0.779236 0.718294 0.767697 0.722554 0.775241 0.716874 0.780123 0.709773 0.785449 0.699832 0.794325 0.692731 0.800982 0.680305 0.816959 0.671784 0.825835 0.665393 0.832936 0.659259 0.837317 0.657491 0.833339
1 11 0.615 0.851367 0.620424 0.856506 0.62604 0.864228 0.628848 0.870547 0.631094 0.879673 0.632218 0.888097 0.636094 0.900098 0.632828 0.900264 0.62376 0.898264 0.617359 0.894263 0.612559 0.888262 0.611492 0.882261 0.610958 0.87226 0.610958 0.864259 0.613092 0.854924
2 11 0.615234 0.85127 0.620424 0.856506 0.62604 0.864228 0.628848 0.870547 0.631094 0.879673 0.632218 0.888097 0.636094 0.900195 0.641406 0.895312 0.647325 0.887325 0.652998 0.879077 0.656929 0.871951 0.659737 0.865632 0.661422 0.853698 0.660299 0.839657 0.657491 0.833339 0.648505 0.828425 0.641765 0.828425 0.630533 0.834041 0.619862 0.844571 0.617054 0.848784
1 17 0.699729 0.475807 0.705011 0.474487 0.712934 0.472506 0.720857 0.471185 0.726139 0.471185 0.730893 0.475147 0.736703 0.481749 0.73776 0.486371 0.737583 0.489672 0.733534 0.492974 0.726139 0.494955 0.718744 0.495615 0.710293 0.494294 0.702898 0.490333 0.699201 0.486371 0.698144 0.481749
4 17 0.796958 0.381345 0.800619 0.387447 0.805516 0.383377 0.810808 0.377589 0.8161 0.372628 0.823708 0.368907 0.832307 0.36684 0.847191 0.364773 0.854467 0.363532 0.867367 0.361052 0.875966 0.359398 0.884231 0.356637 0.893402 0.348701 0.92291 0.317943 0.937798 0.299334 0.95386 0.280235 0.969923 0.263585 0.984027 0.247914 1 0.228815 1 0.220979 0.986377 0.233712 0.974232 0.245955 0.962871 0.256239 0.949159 0.273869 0.94054 0.285132 0.928787 0.297375 0.921735 0.30619 0.893136 0.336062 0.888043 0.33998 0.88285 0.344369 0.877012 0.347105 0.87154 0.348474 0.864243 0.349842 0.855486 0.349842 0.843811 0.351666 0.83542 0.354402 0.825204 0.357139 0.819002 0.359875 0.812434 0.364892 0.805502 0.370821 0.79857 0.378117
3 17 0.752236 0.443626 0.757239 0.437968 0.766169 0.424324 0.777745 0.409027 0.783037 0.399105 0.790644 0.389182 0.796958 0.381345 0.800619 0.387447 0.794924 0.396599 0.786789 0.406769 0.781907 0.413888 0.777433 0.421515 0.770517 0.430667 0.766856 0.436769 0.763602 0.438295 0.760348 0.440329 0.757094 0.443888 0.753901 0.447572 0.753006 0.444588
2 17 0.699729 0.475807 0.705399 0.468675 0.709555 0.463952 0.714845 0.45734 0.720135 0.450255 0.725802 0.441754 0.730336 0.439393 0.736003 0.438448 0.743182 0.437976 0.749983 0.44081 0.753006 0.444588 0.755273 0.452145 0.756028 0.460646 0.754517 0.468675 0.751117 0.474342 0.745827 0.480954 0.740537 0.486622 0.737583 0.489672 0.73776 0.486371 0.736703 0.481749 0.730893 0.475147 0.726139 0.471185 0.720857 0.471185 0.712934 0.472506 0.705011 0.474487
1 23 0.753901 0.447572 0.757094 0.443888 0.760348 0.440329 0.763602 0.438295 0.766856 0.436769 0.770074 0.437574 0.770497 0.44762 0.77092 0.460309 0.769651 0.471942 0.76669 0.478286 0.763729 0.48516 0.760345 0.488861 0.756538 0.488861 0.752308 0.486217 0.751039 0.483574 0.750193 0.479344 0.751117 0.474342 0.754517 0.468675 0.756028 0.460646 0.755273 0.452145
4 23 0.882418 0.409063 0.886139 0.417648 0.896819 0.410208 0.908909 0.402652 0.924778 0.391789 0.945559 0.378565 0.95765 0.370536 0.97503 0.357784 0.989387 0.346449 1 0.336531 1 0.327086 0.983342 0.340782 0.967095 0.353061 0.942536 0.370064 0.913066 0.388483 0.894174 0.401707 0.885862 0.407375
3 23 0.817477 0.453684 0.817893 0.450307 0.817498 0.443882 0.826179 0.439264 0.837234 0.433506 0.84898 0.428612 0.858192 0.42343 0.873833 0.414429 0.882418 0.409063 0.886139 0.417648 0.879557 0.422656 0.867537 0.429453 0.855804 0.435176 0.844071 0.441258 0.833196 0.446266 0.8269 0.449843
2 23 0.770074 0.437298 0.774367 0.435285 0.780469 0.434777 0.787384 0.434777 0.79552 0.434777 0.805283 0.436811 0.813825 0.44037 0.817486 0.443421 0.817893 0.450031 0.817079 0.456642 0.814232 0.461218 0.80813 0.468337 0.797147 0.477998 0.785757 0.484608 0.778028 0.488167 0.769079 0.488676 0.760345 0.488585 0.763729 0.484884 0.76669 0.47801 0.769651 0.471666 0.77092 0.460033 0.770497 0.447344
1 30 0.508813 0.676535 0.510734 0.684942 0.515058 0.691547 0.520342 0.696351 0.527548 0.698753 0.537637 0.699955 0.546797 0.701953 0.543438 0.707422 0.537157 0.715568 0.531872 0.721573 0.525146 0.723975 0.515058 0.723975 0.50593 0.720972 0.499205 0.716168 0.496322 0.708362 0.496322 0.698753 0.499205 0.688545 0.504009 0.680138
4 30 0.600419 0.566071 0.605331 0.571266 0.614721 0.561308 0.623604 0.547032 0.635448 0.529584 0.646445 0.513193 0.663094 0.490523 0.674164 0.472283 0.688 0.458543 0.698564 0.446658 0.702789 0.433453 0.704902 0.421568 0.717579 0.395158 0.731529 0.372773 0.747538 0.357006 0.764214 0.341025 0.784781 0.32296 0.798677 0.312537 0.818688 0.30142 0.828693 0.295167 0.834808 0.288219 0.844813 0.273627 0.854819 0.252783 0.859821 0.241666 0.866492 0.232633 0.878721 0.22638 0.894285 0.224295 0.905402 0.2236 0.918742 0.218737 0.928748 0.211094 0.932083 0.197892 0.929859 0.18747 0.924301 0.183301 0.917075 0.182606 0.907625 0.183995 0.898731 0.188164 0.895396 0.194418 0.893173 0.20484 0.895952 0.211788 0.898176 0.205535 0.899843 0.198587 0.902067 0.195113 0.908181 0.192333 0.914851 0.192333 0.92041 0.193028 0.923189 0.195807 0.923189 0.200671 0.919854 0.20623 0.914851 0.210399 0.907625 0.211094 0.900955 0.212483 0.890394 0.213178 0.880388 0.213178 0.868715 0.218042 0.85593 0.227074 0.847593 0.239581 0.839255 0.256257 0.833696 0.265984 0.829805 0.275017 0.824802 0.28405 0.816465 0.290998 0.801456 0.298641 0.78089 0.312537 0.758655 0.332687 0.741424 0.350058 0.727527 0.365344 0.715854 0.379935 0.706961 0.394526 0.698067 0.416761 0.695288 0.429962 0.689729 0.440385 0.679168 0.449417 0.669718 0.462619 0.639702 0.501529 0.604683 0.555725
3 30 0.550268 0.643336 0.558102 0.633136 0.569059 0.616606 0.576993 0.600076 0.585306 0.587796 0.597018 0.570794 0.600419 0.566071 0.605331 0.571266 0.600041 0.582129 0.592485 0.592519 0.586817 0.601965 0.578883 0.617551 0.569815 0.633608 0.564525 0.642582 0.557724 0.650611 0.553971 0.653671 0.553971 0.651914 0.552529 0.644107
2 30 0.508813 0.676535 0.515538 0.67053 0.525146 0.663924 0.530911 0.657319 0.533794 0.652515 0.537637 0.648311 0.547245 0.642306 0.552529 0.644107 0.553971 0.651914 0.553971 0.663324 0.552529 0.672331 0.550127 0.678336 0.550127 0.68254 0.550608 0.689145 0.550127 0.693949 0.547725 0.699354 0.546719 0.702148 0.537637 0.699955 0.527548 0.698753 0.520342 0.696351 0.515058 0.691547 0.510734 0.684942
2 36 0.088815 0.631804 0.091246 0.624713 0.096919 0.618635 0.103403 0.614583 0.108775 0.612781 0.119297 0.60918 0.122344 0.616504 0.125589 0.627193 0.129432 0.641005 0.130393 0.650613 0.130393 0.657819 0.130393 0.665626 0.12703 0.671631 0.122226 0.674033 0.11502 0.669229 0.106373 0.660822 0.099167 0.653616 0.094363 0.64641 0.089559 0.638603
4 36 0.16378 0.747994 0.167671 0.738266 0.177166 0.744565 0.189115 0.752034 0.201984 0.757779 0.21853 0.765822 0.240592 0.775014 0.258057 0.780759 0.279658 0.787654 0.295285 0.791675 0.310452 0.79225 0.333892 0.792824 0.352736 0.79225 0.373878 0.791675 0.393182 0.791101 0.412485 0.791101 0.42995 0.790526 0.444198 0.79225 0.454769 0.795122 0.463806 0.799849 0.480987 0.806457 0.498609 0.813616 0.514468 0.818022 0.529447 0.821326 0.54046 0.821876 0.553236 0.820775 0.566452 0.818022 0.590682 0.814167 0.622841 0.809211 0.640903 0.808109 0.655 0.806457 0.667335 0.804805 0.677468 0.804805 0.669097 0.814028 0.659345 0.815233 0.637566 0.817123 0.619719 0.819392 0.598546 0.822795 0.578884 0.826954 0.558618 0.829979 0.544401 0.832247 0.533815 0.833004 0.520203 0.830357 0.505684 0.826954 0.48935 0.822417 0.475133 0.816745 0.463034 0.811452 0.450632 0.806536 0.440018 0.804104 0.422158 0.803277 0.401651 0.803277 0.370888 0.804988 0.35618 0.805562 0.335498 0.805562 0.315734 0.805562 0.302406 0.803839 0.289537 0.800966 0.271612 0.796945 0.25047 0.790625 0.225192 0.780284 0.206807 0.771666 0.193019 0.765921 0.176933 0.757878 0.16774 0.751558
3 36 0.118994 0.671878 0.122226 0.674033 0.12703 0.671631 0.130393 0.665626 0.130393 0.665458 0.134876 0.673648 0.140434 0.68546 0.144325 0.695882 0.148216 0.703525 0.155443 0.719506 0.161557 0.731318 0.167671 0.738266 0.16378 0.747994 0.15711 0.74313 0.144881 0.727844 0.135432 0.711863 0.12487 0.689629
1 36 0.089559 0.638603 0.082325 0.625669 0.081213 0.614552 0.083437 0.604824 0.089551 0.598571 0.097333 0.595097 0.104003 0.595097 0.11123 0.597181 0.115676 0.600655 0.119844 0.608887 0.114609 0.610742 0.108775 0.612781 0.103403 0.614583 0.096919 0.618635 0.091246 0.624713 0.088815 0.631804
2 53 0.191027 0.399678 0.192346 0.409569 0.193006 0.421934 0.195643 0.432649 0.19894 0.439244 0.204216 0.446662 0.21147 0.450784 0.220042 0.453256 0.230593 0.454081 0.235504 0.4528 0.23728 0.449319 0.237847 0.445838 0.232571 0.431001 0.225977 0.417812 0.216086 0.402975 0.209491 0.395557 0.202897 0.392259 0.196303 0.392259 0.192346 0.395557
4 53 0.18562 0.317385 0.195822 0.325886 0.201605 0.317139 0.206991 0.303426 0.209344 0.290573 0.208169 0.275882 0.202684 0.26217 0.194849 0.250906 0.182704 0.242091 0.165466 0.239643 0.15528 0.24454 0.145093 0.250906 0.13099 0.266577 0.121587 0.280779 0.112968 0.297429 0.107875 0.315549 0.1067 0.32975 0.107875 0.338076 0.110617 0.345421 0.115319 0.352767 0.121195 0.360113 0.129814 0.3655 0.137258 0.369907 0.145485 0.370886 0.159197 0.370886 0.170167 0.367458 0.186621 0.356685 0.190539 0.353746 0.2019 0.34689 0.21287 0.342483 0.226582 0.336606 0.235201 0.331709 0.251264 0.325343 0.276729 0.316038 0.286915 0.31261 0.298668 0.308693 0.310421 0.308203 0.3257 0.307713 0.343722 0.310162 0.359785 0.310162 0.372713 0.309182 0.382507 0.305265 0.390735 0.300857 0.400529 0.293511 0.409931 0.286166 0.414241 0.27833 0.415025 0.270495 0.406797 0.272943 0.396611 0.27931 0.387992 0.287145 0.381724 0.291063 0.371538 0.294491 0.362527 0.29596 0.352733 0.29596 0.342155 0.294981 0.327659 0.294001 0.314339 0.293022 0.297885 0.296939 0.290441 0.298898 0.276337 0.304775 0.233242 0.320936 0.215221 0.327792 0.194065 0.338076 0.184662 0.346401 0.166641 0.358644 0.154888 0.360113 0.141176 0.357664 0.131381 0.352767 0.12668 0.346401 0.125897 0.333178 0.129423 0.314569 0.136474 0.289104 0.144702 0.274413 0.152145 0.265108 0.159981 0.257273 0.166641 0.252865 0.173693 0.252865 0.180745 0.256783 0.185838 0.262659 0.190147 0.269515 0.192106 0.277841 0.191323 0.290083 0.188972 0.302326 0.187013 0.3131
3 53 0.170885 0.351862 0.176175 0.336749 0.181086 0.326358 0.18562 0.317385 0.195822 0.325886 0.192421 0.331081 0.188265 0.336276 0.184865 0.340999 0.18222 0.345722 0.18222 0.352334 0.184487 0.360835 0.187131 0.370753 0.191428 0.378841 0.195017 0.384389 0.197644 0.392259 0.196303 0.392259 0.192346 0.395557 0.191592 0.397913 0.189021 0.393895 0.18222 0.38256 0.176552 0.374532 0.17353 0.369809 0.171263 0.362724
1 53 0.204216 0.446662 0.209287 0.456907 0.215034 0.465226 0.219269 0.469385 0.222597 0.472031 0.228344 0.473166 0.234393 0.470897 0.239838 0.464847 0.242258 0.458042 0.24135 0.451992 0.237847 0.445838 0.23728 0.449319 0.235504 0.4528 0.230593 0.454081 0.220042 0.453256 0.21147 0.450784
2 56 0.591932 0.054834 0.594334 0.048228 0.598177 0.044625 0.605383 0.042824 0.618354 0.040422 0.627962 0.040422 0.636129 0.041022 0.643815 0.042223 0.647734 0.0427734 0.639011 0.054233 0.635648 0.059037 0.634207 0.068045 0.63709 0.077653 0.639375 0.084375 0.640452 0.087261 0.629403 0.083658 0.619315 0.080055 0.610187 0.077653 0.603461 0.074651 0.598177 0.069246 0.592412 0.060238
4 56 0.502378 0.049887 0.503402 0.060128 0.494768 0.061808 0.477621 0.065912 0.452382 0.075516 0.419105 0.088721 0.393317 0.099015 0.350532 0.116182 0.295599 0.141272 0.236969 0.170323 0.195241 0.18881 0.167246 0.199374 0.132384 0.209938 0.1075 0.212027 0.094845 0.211148 0.091329 0.206754 0.099063 0.200602 0.111719 0.198844 0.125781 0.198844 0.138437 0.197965 0.16656 0.185661 0.188356 0.175994 0.215074 0.161932 0.250932 0.142597 0.294524 0.126777 0.332491 0.107442 0.36413 0.09338 0.405613 0.075803 0.435846 0.06262 0.460454 0.05471 0.483656 0.050315 0.496312 0.048558
3 56 0.502378 0.049887 0.513302 0.048607 0.531737 0.046046 0.552903 0.045193 0.565193 0.045193 0.580214 0.0469 0.5867 0.048607 0.593651 0.050105 0.591932 0.054834 0.592412 0.060238 0.592779 0.060811 0.578848 0.058421 0.569972 0.057568 0.558707 0.056288 0.530713 0.056288 0.52013 0.057568 0.51023 0.058848 0.503402 0.060128
1 56 0.647578 0.0429688 0.658708 0.046427 0.663512 0.051231 0.665433 0.058437 0.666394 0.068045 0.665433 0.077653 0.66159 0.084859 0.653904 0.090264 0.648511 0.09054 0.640452 0.087261 0.639062 0.084082 0.63709 0.077653 0.634207 0.068045 0.635648 0.059037 0.639011 0.054233
2 62 0.640097 0.174611 0.64221 0.181214 0.640802 0.186264 0.641261 0.193158 0.641721 0.199478 0.64264 0.204074 0.644938 0.206372 0.649534 0.211542 0.647696 0.214989 0.641721 0.219011 0.637125 0.221884 0.63069 0.225331 0.625175 0.225905 0.614604 0.219585 0.609548 0.213266 0.604952 0.204648 0.602654 0.198903 0.600356 0.193732 0.599437 0.187987 0.599437 0.185689 0.60101 0.183194 0.607349 0.181874 0.613687 0.179233 0.620025 0.175271 0.623723 0.17329 0.629533 0.17197 0.6364 0.17197 0.640097 0.174611 0.640097 0.174611 0.645857 0.177646 0.651832 0.183966 0.65459 0.190285 0.65505 0.198329 0.65413 0.206372 0.649534 0.211542 0.644938 0.206372 0.64264 0.204074 0.641721 0.199478 0.641261 0.193158 0.640802 0.186264 0.64221 0.181214 0.640097 0.174611
4 62 0.527073 0.190905 0.527514 0.201919 0.510333 0.205773 0.483625 0.211439 0.459976 0.215842 0.431798 0.220874 0.409155 0.225276 0.392551 0.224019 0.369908 0.218987 0.339215 0.215842 0.314559 0.212697 0.298961 0.212068 0.275715 0.21572 0.24772 0.222983 0.227648 0.224964 0.20652 0.227605 0.183279 0.227605 0.163736 0.227605 0.137325 0.225624 0.110387 0.221662 0.090315 0.219682 0.082392 0.219682 0.078695 0.225624 0.079223 0.234207 0.081864 0.240149 0.088202 0.244111 0.099823 0.245431 0.113028 0.252034 0.134684 0.260617 0.13099 0.266577 0.126233 0.273822 0.118838 0.271181 0.107218 0.263919 0.093484 0.260617 0.081864 0.259957 0.073941 0.255996 0.069187 0.249393 0.064961 0.240149 0.063905 0.229585 0.064433 0.218361 0.068659 0.214399 0.076054 0.210438 0.089259 0.207137 0.091329 0.206754 0.094845 0.211148 0.1075 0.212027 0.128874 0.213739 0.146833 0.21506 0.169546 0.21638 0.189618 0.21638 0.213915 0.212419 0.238741 0.208457 0.250889 0.207137 0.267264 0.203175 0.284166 0.199874 0.297899 0.199214 0.312689 0.199214 0.331176 0.201855 0.349135 0.204496 0.367622 0.207137 0.381884 0.209778 0.396145 0.211758 0.408294 0.212419 0.429422 0.208457 0.466396 0.201194 0.518689 0.191291
3 62 0.527073 0.190905 0.543353 0.189625 0.572905 0.186889 0.599437 0.186889 0.599437 0.187987 0.600356 0.193732 0.60164 0.196621 0.595356 0.196963 0.58214 0.196963 0.566721 0.197513 0.554827 0.198615 0.542492 0.200267 0.527514 0.201919
2 68 0.498579 0.475092 0.498579 0.463974 0.501358 0.449383 0.505905 0.440314 0.510925 0.431277 0.514143 0.426454 0.521369 0.427149 0.530263 0.432013 0.536933 0.436182 0.54138 0.439656 0.543549 0.445453 0.54065 0.452423 0.535665 0.459154 0.528247 0.469576 0.520866 0.47959 0.515255 0.485318 0.508584 0.486904 0.503026 0.484124 0.499135 0.479955
4 68 0.462244 0.556569 0.467182 0.568473 0.46436 0.570678 0.458364 0.573323 0.450957 0.573764 0.444255 0.572882 0.437906 0.568473 0.434026 0.560978 0.432615 0.55216 0.432615 0.539814 0.436142 0.520855 0.442844 0.505864 0.456569 0.489116 0.464504 0.479198 0.473949 0.470225 0.482262 0.462196 0.493219 0.459362 0.499017 0.459159 0.498579 0.463974 0.498444 0.469175 0.495583 0.470963 0.489287 0.47311 0.482132 0.479191 0.475264 0.485272 0.467251 0.494573 0.459811 0.507093 0.454659 0.519255 0.448077 0.536068 0.445216 0.546442 0.444929 0.552523 0.445788 0.557532 0.44865 0.560751 0.451798 0.56254 0.455804 0.562182 0.460097 0.558962 0.462244 0.556569 0.462244 0.556569 0.466476 0.551719 0.471415 0.545987 0.475647 0.536728 0.479175 0.530114 0.483407 0.52306 0.487287 0.516887 0.492226 0.506305 0.495753 0.497046 0.498222 0.485583 0.49931 0.480143 0.503026 0.484124 0.50858 0.486901 0.508098 0.492196 0.505629 0.505424 0.499985 0.523942 0.493989 0.536287 0.488346 0.544664 0.47988 0.555687 0.47212 0.564505 0.467182 0.568473 0.462244 0.556569
1 68 0.543549 0.445453 0.547815 0.440114 0.550166 0.431789 0.550558 0.424443 0.547424 0.419546 0.543506 0.415629 0.536062 0.41318 0.528227 0.412201 0.521268 0.414833 0.517653 0.418348 0.514143 0.426454 0.521369 0.427149 0.530263 0.432013 0.536933 0.436182 0.54138 0.439656
2 43 0.532843 0.903598 0.536012 0.897656 0.540766 0.892374 0.546048 0.891053 0.55133 0.889733 0.559781 0.888412 0.565063 0.888412 0.572986 0.890393 0.579853 0.895675 0.584079 0.900957 0.58287 0.903572 0.580844 0.906613 0.575257 0.91114 0.571625 0.915931 0.569889 0.919105 0.567462 0.923142 0.56638 0.92739 0.565329 0.932372 0.563479 0.939252 0.55714 0.937931 0.549217 0.93397 0.543407 0.928688 0.539181 0.924066 0.533371 0.915483 0.531786 0.90822
4 43 0.175936 0.785629 0.170456 0.785805 0.163874 0.784732 0.157292 0.782943 0.147562 0.779008 0.143555 0.775789 0.141266 0.771139 0.140121 0.765057 0.140693 0.760407 0.14241 0.756114 0.146417 0.751822 0.15071 0.748245 0.154144 0.746814 0.158436 0.746098 0.162157 0.747171 0.166163 0.751106 0.1716 0.756472 0.177038 0.7647 0.179899 0.770781 0.17883 0.771896 0.17528 0.773686 0.171552 0.776062 0.168739 0.770065 0.165018 0.763626 0.162443 0.759334 0.159581 0.756472 0.154144 0.757188 0.151282 0.760407 0.150996 0.763626 0.151854 0.766488 0.152999 0.768992 0.156147 0.772212 0.159295 0.774716 0.162729 0.776504 0.165877 0.777578 0.171675 0.775978 0.175936 0.785629 0.175936 0.785629 0.171552 0.776062 0.17528 0.773686 0.17883 0.771896 0.186051 0.768236 0.192121 0.764974 0.196196 0.76389 0.205603 0.7645 0.200634 0.770563 0.188294 0.777777 0.183343 0.780338 0.184737 0.78479 0.188281 0.788716 0.195336 0.795329 0.209797 0.808557 0.234488 0.827957 0.257768 0.846034 0.277874 0.859261 0.301153 0.876015 0.325139 0.891888 0.340659 0.901147 0.35371 0.90732 0.370288 0.913052 0.392157 0.917461 0.415437 0.922311 0.433426 0.923634 0.451062 0.922752 0.463055 0.921429 0.470046 0.920699 0.471256 0.93053 0.465639 0.932512 0.454144 0.934024 0.44265 0.933646 0.418259 0.932011 0.403444 0.929806 0.384397 0.926279 0.359001 0.920106 0.333957 0.911729 0.311735 0.89762 0.278226 0.876015 0.257063 0.859702 0.229903 0.838979 0.207681 0.819138 0.192514 0.80547 0.187576 0.800179 0.183343 0.805911 0.180168 0.814288 0.176288 0.822225 0.17135 0.828838 0.166765 0.832807 0.160063 0.836775 0.154948 0.837267 0.149834 0.835893 0.145601 0.828838 0.143837 0.819579 0.144896 0.808997 0.150187 0.802384 0.157241 0.797093 0.164648 0.794888 0.172056 0.794448 0.175583 0.797534 0.173114 0.801061 0.166765 0.803266 0.161827 0.805029 0.157594 0.808116 0.154772 0.811202 0.153361 0.816493 0.153361 0.820461 0.154419 0.822666 0.157241 0.822666 0.161827 0.821343 0.166765 0.813847 0.171703 0.805911 0.178757 0.794448 0.175936 0.785629
0 43 0.574032 0.924868 0.571829 0.924256 0.570116 0.925174 0.569626 0.927316 0.570361 0.929763 0.572074 0.930681 0.574032 0.929151 0.574766 0.926704 0.574032 0.924868 0.575492 0.917442 0.577561 0.917442 0.578595 0.91658 0.57894 0.91464 0.578595 0.912054 0.577216 0.91033 0.575837 0.910114 0.574285 0.910114 0.573078 0.911407 0.572561 0.9127 0.572561 0.91464 0.573078 0.916149 0.574113 0.917011 0.575492 0.917442
3 43 0.470046 0.920699 0.479299 0.91799 0.494948 0.913175 0.505541 0.909864 0.511319 0.906855 0.518782 0.903545 0.523116 0.903545 0.529857 0.90535 0.53236 0.905711 0.531786 0.90822 0.5328 0.912864 0.527517 0.912002 0.522072 0.910868 0.517233 0.910868 0.513301 0.913515 0.506343 0.91654 0.499084 0.919186 0.489707 0.923346 0.482447 0.92637 0.47549 0.928639 0.471256 0.93053
1 43 0.563479 0.939252 0.570559 0.938225 0.576333 0.934617 0.581144 0.930206 0.584672 0.924994 0.586597 0.917777 0.586918 0.909357 0.585955 0.903343 0.584079 0.900957 0.58287 0.903572 0.580844 0.906613 0.575257 0.91114 0.571625 0.915931 0.569889 0.919105 0.567462 0.923142 0.56638 0.92739 0.565329 0.932372
0 56 0.651016 0.0625 0.655234 0.0682617 0.660078 0.068457 0.662656 0.0645508 0.662109 0.0588867 0.654141 0.0518555 0.650547 0.0506836 0.648984 0.0509766 0.646953 0.0542969 0.649141 0.0571289 0.651016 0.0625 0.643594 0.0709961 0.641406 0.0696289 0.638984 0.0693359 0.638516 0.0704102 0.639062 0.0765625 0.641641 0.0817383 0.644766 0.0837891 0.6475 0.0828125 0.647891 0.0801758 0.646328 0.0741211 0.643594 0.0709961
0 11 0.623125 0.867188 0.622266 0.870898 0.622344 0.874609 0.624531 0.878125 0.628594 0.879297 0.630312 0.87793 0.63 0.875195 0.629297 0.869434 0.627109 0.866699 0.625469 0.86582
0 17 0.722772 0.479143 0.720452 0.483287 0.721336 0.485911 0.722551 0.486602 0.72443 0.487292 0.726861 0.48522 0.727303 0.482734 0.726529 0.479833 0.725977 0.479143
