4 16 0.146398 0.20322 0.143859 0.215007 0.115342 0.210023 0.09384 0.205448 0.078057 0.200874 0.040831 0.193648 0 0.184623 0 0.16883 0.038725 0.177479 0.0736298 0.185665 0.093467 0.191768 0.122735 0.19767
3 16 0.143859 0.215007 0.146398 0.20322 0.162899 0.205034 0.185929 0.208661 0.20033 0.2118 0.199013 0.213263 0.196126 0.217388 0.195919 0.222287 0.196685 0.225062 0.190281 0.223394 0.182665 0.221581 0.174142 0.220674 0.159998 0.218181
1 16 0.243362 0.208364 0.243362 0.211458 0.240681 0.217388 0.239031 0.22074 0.236762 0.227186 0.235318 0.232601 0.233047 0.241602 0.23125 0.245605 0.232171 0.245835 0.237505 0.245831 0.242529 0.243791 0.246443 0.240029 0.249939 0.233755 0.250667 0.227248 0.25103 0.221808 0.24976 0.215461 0.246496 0.210247
2 16 0.225154 0.202171 0.216753 0.202175 0.21139 0.20398 0.207058 0.206043 0.202726 0.209137 0.199013 0.213263 0.196126 0.217388 0.195919 0.222287 0.197982 0.229765 0.202933 0.234148 0.210771 0.239047 0.215722 0.242399 0.220672 0.243946 0.226094 0.245605 0.231172 0.245605 0.232969 0.241504 0.235318 0.232601 0.236762 0.227186 0.239031 0.22074 0.240681 0.217388 0.243362 0.211458 0.243362 0.208364 0.240268 0.206043 0.232017 0.203207
1 15 0.432284 0.746671 0.426878 0.749872 0.422041 0.753784 0.417789 0.757251 0.413506 0.764809 0.413506 0.771922 0.414644 0.777613 0.416614 0.781941 0.421188 0.785082 0.427447 0.787571 0.431797 0.78916 0.436406 0.78877 0.439453 0.788477 0.440625 0.783105 0.4425 0.77832 0.442734 0.77207 0.442188 0.768848 0.439844 0.762598 0.436641 0.758789 0.435 0.752637 0.433828 0.745508
2 15 0.437842 0.743046 0.435414 0.744892 0.433672 0.745605 0.435391 0.753613 0.436406 0.758496 0.439766 0.762891 0.442266 0.768652 0.442734 0.773242 0.4425 0.778223 0.441016 0.781543 0.440937 0.783496 0.439766 0.788281 0.444972 0.786938 0.451843 0.784522 0.458284 0.782912 0.46537 0.780765 0.476535 0.77003 0.476964 0.768956 0.479111 0.764393 0.479541 0.761441 0.480614 0.756879 0.480614 0.753121 0.479111 0.750169 0.474173 0.744801 0.468805 0.742117 0.452273 0.741044 0.444758 0.741044 0.440678 0.741849
3 15 0.479743 0.75141 0.484191 0.750174 0.493423 0.743465 0.507809 0.737829 0.520262 0.728167 0.530568 0.72092 0.533789 0.727898 0.52198 0.737829 0.51468 0.742391 0.506735 0.746954 0.496429 0.752858 0.491491 0.755005 0.480177 0.758737 0.480614 0.756879 0.480614 0.753121
4 15 0.530568 0.72092 0.533789 0.727898 0.548167 0.712654 0.555386 0.703253 0.567119 0.692348 0.579754 0.679563 0.605926 0.660009 0.650448 0.632934 0.677222 0.615637 0.702792 0.603979 0.739794 0.582921 0.786423 0.562992 0.813798 0.556599 0.83636 0.551335 0.868248 0.546822 0.895022 0.545318 0.921194 0.54607 0.944057 0.54607 0.958196 0.54795 0.981059 0.555471 1 0.562616 1 0.546822 0.972635 0.537045 0.948569 0.533285 0.90164 0.533285 0.858922 0.535917 0.824929 0.540053 0.799057 0.548326 0.778601 0.555095 0.759047 0.56224 0.741298 0.570888 0.718736 0.581793 0.674214 0.606236 0.628187 0.63519 0.604121 0.648728 0.577347 0.667153 0.562907 0.683164 0.548082 0.698953 0.534629 0.714158
3 36 0 0.412644 0.024349 0.415065 0.048419 0.414719 0.060792 0.413827 0.059486 0.415757 0.059486 0.42129 0.062806 0.426478 0.063821 0.427515 0.053953 0.427515 0.043439 0.427861 0.021029 0.427861 0 0.425376
2 36 0.101152 0.389367 0.102188 0.39248 0.101875 0.396387 0.101406 0.399414 0.100937 0.402148 0.100451 0.406457 0.100859 0.409766 0.102891 0.417383 0.104062 0.421387 0.106172 0.430273 0.102905 0.430996 0.09822 0.432357 0.092686 0.432357 0.086323 0.432357 0.080513 0.432357 0.075533 0.432011 0.069999 0.430974 0.065849 0.42959 0.062806 0.426478 0.059486 0.42129 0.059486 0.415757 0.062529 0.411261 0.069169 0.404344 0.078853 0.397081 0.08909 0.391202 0.0949 0.389473
1 36 0.101152 0.389367 0.105709 0.38849 0.111669 0.38849 0.117129 0.390243 0.121343 0.393295 0.124319 0.399368 0.125341 0.406676 0.12499 0.410839 0.122536 0.418288 0.117278 0.424423 0.112251 0.428367 0.106484 0.430273 0.105391 0.425781 0.103984 0.420996 0.102656 0.416992 0.101797 0.413867 0.100937 0.410254 0.100451 0.406457 0.100859 0.401953 0.101094 0.399414 0.101875 0.395605 0.102031 0.393164
2 31 0.763407 0.727005 0.753569 0.729549 0.744071 0.732941 0.732876 0.735486 0.72202 0.738878 0.714218 0.741846 0.707772 0.746511 0.704719 0.750752 0.703701 0.757112 0.705737 0.761353 0.70879 0.764321 0.716253 0.763897 0.726091 0.765169 0.733554 0.765593 0.742375 0.766441 0.748142 0.766441 0.754248 0.766441 0.75764 0.766441 0.758997 0.749903 0.761372 0.738878
3 31 0.626027 0.763019 0.62801 0.752609 0.632373 0.754096 0.642486 0.756079 0.650418 0.756574 0.667075 0.75707 0.676197 0.757318 0.688094 0.75707 0.698009 0.756822 0.703932 0.755671 0.703701 0.757112 0.705737 0.761353 0.708566 0.764104 0.696759 0.767481 0.690077 0.767729 0.674015 0.767233 0.661919 0.767233 0.656169 0.766241 0.646254 0.765994 0.637529 0.765498
4 31 0.62801 0.752609 0.626027 0.763019 0.603019 0.758921 0.569772 0.751587 0.541414 0.74517 0.531146 0.744253 0.521123 0.741197 0.490076 0.739364 0.473697 0.736919 0.430916 0.739058 0.418204 0.738141 0.394247 0.730196 0.382024 0.728974 0.345838 0.726935 0.321461 0.72832 0.275476 0.736631 0.250545 0.744249 0.232262 0.752559 0.222289 0.758792 0.2101 0.768488 0.19902 0.783031 0.187385 0.795497 0.181291 0.833587 0.176304 0.859903 0.17575 0.873061 0.16467 0.907688 0.151373 0.944393 0.141954 0.961014 0.131982 0.966554 0.134752 0.954781 0.147495 0.930542 0.160791 0.8973 0.16467 0.877909 0.17021 0.848822 0.175196 0.810733 0.182399 0.785109 0.202344 0.758792 0.216749 0.746326 0.226167 0.740786 0.240018 0.733861 0.284895 0.72001 0.324231 0.712392 0.360243 0.712392 0.392377 0.715162 0.423957 0.721395 0.449442 0.72555 0.481576 0.726243 0.500413 0.726243 0.536979 0.731091 0.564127 0.735938 0.595707 0.742864
1 31 0.75764 0.766441 0.758997 0.749903 0.761372 0.738878 0.763407 0.727005 0.767139 0.727429 0.769853 0.728277 0.773585 0.729549 0.776977 0.733365 0.778673 0.737182 0.780709 0.743543 0.780709 0.750327 0.779691 0.754568 0.776801 0.76052 0.771151 0.764688 0.765887 0.76596
0 31 0.762833 0.74986 0.762833 0.746275 0.76436 0.743943 0.765887 0.74161 0.76894 0.739914 0.771889 0.740794 0.774368 0.743307 0.774707 0.748819 0.773011 0.75306 0.770155 0.755488 0.766226 0.755604 0.763629 0.752388 0.762833 0.74986 0.731259 0.753336 0.730031 0.751544 0.728187 0.751032 0.726958 0.751288 0.72532 0.7518 0.724706 0.75308 0.724501 0.755897 0.72573 0.756921 0.727778 0.757177 0.730031 0.756665 0.731055 0.755385 0.731259 0.753336
4 28 0.718204 0.74033 0.72005 0.734561 0.728903 0.717615 0.74246 0.696173 0.76155 0.674385 0.778704 0.656747 0.793921 0.644297 0.806824 0.634739 0.822971 0.625276 0.839018 0.616284 0.852851 0.611097 0.861982 0.606947 0.875538 0.601413 0.889649 0.598647 0.912318 0.594842 0.922572 0.591384 0.949127 0.589957 0.965867 0.591364 0.977756 0.593953 0.994044 0.599106 1 0.603658 1 0.627351 0.994053 0.617447 0.983993 0.611097 0.973691 0.60574 0.963937 0.603017 0.948438 0.603017 0.924309 0.607771 0.904467 0.611491 0.892692 0.614555 0.859768 0.621472 0.841423 0.627053 0.819969 0.63911 0.794783 0.656915 0.779257 0.674731 0.77234 0.681993 0.758784 0.694789 0.7491 0.706202 0.73499 0.724877 0.728894 0.73673 0.72202 0.738878 0.718204 0.74033 0.711798 0.76415 0.709664 0.767811 0.703172 0.780002 0.700146 0.793709 0.699719 0.802774 0.698058 0.819985 0.689003 0.819679 0.692797 0.792372 0.696834 0.775015 0.704635 0.759058 0.705737 0.761353 0.70879 0.764321 0.711798 0.76415
2 28 0.681853 0.893449 0.684568 0.895307 0.686998 0.89833 0.690424 0.906269 0.693897 0.914514 0.693897 0.92308 0.693653 0.932563 0.692674 0.939294 0.69145 0.945412 0.688513 0.945106 0.685821 0.939905 0.682884 0.938376 0.676276 0.940517 0.670158 0.946024 0.664774 0.949695 0.660368 0.950001 0.655474 0.942965 0.657921 0.926139 0.660613 0.91635 0.664552 0.909029 0.668963 0.902307 0.673118 0.897732 0.677541 0.893777
1 28 0.69145 0.945412 0.688513 0.945106 0.685821 0.939905 0.682884 0.938376 0.676276 0.940517 0.670158 0.946024 0.664774 0.949695 0.660368 0.950001 0.655474 0.942965 0.655718 0.953672 0.656453 0.959484 0.657676 0.962849 0.659879 0.966215 0.663061 0.969274 0.666487 0.970497 0.669179 0.970803 0.678234 0.971109 0.682884 0.968356 0.687534 0.963155 0.689003 0.960096 0.69096 0.950919
0 28 0.67863 0.950779 0.681188 0.952111 0.683745 0.951312 0.685024 0.948647 0.684384 0.944918 0.682253 0.943852 0.679909 0.943852 0.67863 0.944651 0.677778 0.94625 0.677565 0.948914 0.67863 0.950779 0.671946 0.956387 0.670247 0.955174 0.66782 0.955174 0.666364 0.956084 0.664908 0.957904 0.664908 0.960634 0.666607 0.962757 0.668791 0.963364 0.671218 0.962757 0.672047 0.961072 0.67231 0.958207 0.671946 0.956387
3 28 0.677999 0.893742 0.682147 0.867208 0.685404 0.84215 0.689003 0.819679 0.698058 0.819985 0.694926 0.841524 0.691418 0.865955 0.686882 0.898185 0.684568 0.895307 0.681853 0.893449
1 14 0.851661 0.82502 0.847401 0.830032 0.840739 0.838322 0.837261 0.84444 0.835741 0.85227 0.836277 0.857906 0.83838 0.863546 0.841387 0.866365 0.845146 0.869184 0.85116 0.871377 0.85567 0.871349 0.860932 0.868871 0.86419 0.865739 0.863438 0.854463 0.863689 0.843814 0.861935 0.837549 0.857675 0.832224 0.853916 0.826586
4 14 0.94237 0.767701 0.948383 0.776158 0.96016 0.767388 0.969933 0.763629 0.975446 0.761123 0.986471 0.757678 1 0.754859 1 0.740451 0.984216 0.745776 0.979455 0.747028 0.96843 0.7511 0.955901 0.757051 0.950889 0.760497
3 14 0.896153 0.811208 0.902027 0.805287 0.907539 0.799649 0.915808 0.792759 0.922323 0.785241 0.934852 0.774905 0.94237 0.767701 0.948383 0.776158 0.936606 0.786807 0.922435 0.799865 0.91205 0.809672 0.905034 0.81531 0.899119 0.820086 0.898769 0.815937 0.897015 0.812178
2 14 0.86419 0.865739 0.863438 0.854463 0.863689 0.843814 0.861935 0.837549 0.857675 0.832224 0.853916 0.826586 0.851661 0.82502 0.859429 0.818129 0.86889 0.812783 0.875967 0.809986 0.882482 0.809359 0.89025 0.809359 0.894509 0.809359 0.897015 0.812178 0.898769 0.815937 0.89927 0.821888 0.897266 0.827526 0.893758 0.835357 0.889498 0.843814 0.883383 0.85037 0.876719 0.856656 0.869953 0.861667
0 36 0.108203 0.403809 0.106641 0.403613 0.104531 0.407031 0.105469 0.410352 0.107031 0.413184 0.110312 0.413281 0.111563 0.412109 0.112109 0.409668 0.111484 0.405859 0.109922 0.404687
0 15 0.433519 0.764958 0.431307 0.76713 0.43028 0.770783 0.430438 0.774536 0.432255 0.778189 0.436047 0.779966 0.439048 0.778584 0.441023 0.774832 0.440075 0.769203 0.438021 0.765254 0.435889 0.764168
0 14 0.85386 0.837926 0.851363 0.839549 0.850064 0.842421 0.850963 0.846043 0.852462 0.850538 0.855858 0.851038 0.857657 0.84904 0.858156 0.845918 0.857856 0.840673 0.856258 0.838425 0.854859 0.837301
