2 6 0.340069 0.407032 0.333394 0.418714 0.329388 0.430397 0.328721 0.437072 0.328721 0.451258 0.337399 0.449589 0.346745 0.445417 0.358761 0.439576 0.369442 0.437907 0.380123 0.434569 0.378788 0.427059 0.37011 0.415377 0.362099 0.408701 0.353421 0.40286 0.344742 0.402025
4 6 0.42247 0.3689 0.428244 0.377783 0.436239 0.377783 0.453561 0.378338 0.469551 0.376673 0.483319 0.373341 0.497088 0.36779 0.50686 0.362238 0.514854 0.35613 0.525433 0.342275 0.529311 0.330157 0.530765 0.317433 0.531734 0.305316 0.538035 0.285322 0.549184 0.247151 0.556454 0.227157 0.568087 0.198074 0.584567 0.165356 0.594746 0.144756 0.603956 0.130821 0.611226 0.121127 0.618497 0.11325 0.619951 0.104768 0.61268 0.103556 0.603956 0.110827 0.585537 0.13385 0.575358 0.153239 0.564694 0.176868 0.555969 0.199892 0.546275 0.225945 0.538035 0.24291 0.533673 0.257451 0.529032 0.269151 0.524343 0.285671 0.522211 0.296329 0.521785 0.308586 0.520932 0.321908 0.517095 0.336297 0.508143 0.346422 0.49919 0.354415 0.489384 0.358146 0.480432 0.361343 0.468921 0.363475 0.459968 0.36454 0.444195 0.366139 0.427994 0.366139
3 6 0.348137 0.402352 0.357624 0.39666 0.367839 0.390552 0.381608 0.38278 0.3936 0.377228 0.405592 0.374452 0.42247 0.3689 0.428244 0.377783 0.423803 0.382225 0.412699 0.386666 0.387826 0.39777 0.371837 0.404987 0.363234 0.409647 0.362099 0.408701 0.353421 0.40286
0 6 0.344299 0.447182 0.344299 0.452734 0.346076 0.45662 0.35185 0.458286 0.3594 0.457176 0.363842 0.454955 0.367839 0.449958 0.367839 0.444961 0.365174 0.44163 0.362065 0.439409 0.356291 0.44052 0.35185 0.441075 0.347408 0.443296
1 6 0.328721 0.451258 0.335397 0.466278 0.341405 0.472954 0.35075 0.478795 0.360764 0.480464 0.37011 0.476292 0.378788 0.47045 0.383461 0.459603 0.385464 0.445417 0.380123 0.434569 0.369442 0.437907 0.358761 0.439576 0.346745 0.445417 0.337399 0.449589
2 12 0.723083 0.174803 0.728736 0.167737 0.736901 0.159886 0.745065 0.152035 0.75323 0.145754 0.765164 0.141829 0.76956 0.145754 0.773957 0.15282 0.775213 0.159886 0.776469 0.169307 0.778992 0.179936 0.780469 0.189941 0.781562 0.195117 0.781406 0.19834 0.76328 0.19914 0.754487 0.195215 0.743809 0.190504 0.736272 0.187364 0.729364 0.187364 0.724967 0.183439 0.723711 0.180298
4 12 0.658816 0.238582 0.663915 0.244956 0.652327 0.265236 0.63703 0.288993 0.607191 0.343477 0.584726 0.384897 0.566754 0.415787 0.544851 0.460717 0.51314 0.522668 0.487495 0.574313 0.465412 0.614383 0.431932 0.684727 0.415548 0.723016 0.399164 0.769319 0.384917 0.809388 0.381355 0.828088 0.377793 0.850348 0.37067 0.876171 0.366395 0.886856 0.359272 0.889528 0.357847 0.879733 0.362121 0.861924 0.366395 0.828978 0.377081 0.787127 0.387054 0.757743 0.409849 0.703426 0.430507 0.654452 0.462563 0.596574 0.484558 0.553897 0.507685 0.510905 0.536742 0.453088 0.557496 0.413802 0.572321 0.385635 0.590111 0.353762 0.62154 0.295204 0.63755 0.267036 0.651189 0.247764
3 12 0.658816 0.238582 0.665769 0.228153 0.677822 0.211349 0.687556 0.198022 0.700072 0.187013 0.713515 0.178322 0.723162 0.174704 0.723083 0.174803 0.723711 0.180298 0.724967 0.183439 0.725547 0.183957 0.714442 0.19049 0.70378 0.198022 0.695436 0.204975 0.681994 0.218882 0.669478 0.235106 0.663915 0.244956
1 12 0.765164 0.141829 0.76956 0.145754 0.773957 0.15282 0.775213 0.159886 0.776469 0.169307 0.779082 0.179823 0.780618 0.189419 0.781702 0.195064 0.781494 0.198355 0.790287 0.192075 0.796567 0.181869 0.79908 0.171662 0.79908 0.159886 0.794055 0.147325 0.787774 0.141044 0.779609 0.138689 0.770816 0.138689
2 19 0.689131 0.420701 0.682761 0.427868 0.677028 0.43822 0.672569 0.449368 0.669383 0.458923 0.668746 0.467682 0.673843 0.469275 0.682804 0.4708 0.689283 0.471475 0.696841 0.471475 0.704939 0.471475 0.710877 0.470125 0.710877 0.460003 0.709797 0.447181 0.708178 0.436384 0.706018 0.430985 0.701699 0.424912 0.694141 0.419513
4 19 0.69781 0.343082 0.704015 0.344634 0.708566 0.332741 0.722045 0.303013 0.730375 0.286474 0.740666 0.269936 0.755857 0.248497 0.766147 0.235021 0.778888 0.218483 0.788199 0.209907 0.800939 0.201944 0.81123 0.189081 0.81466 0.174993 0.81564 0.154779 0.81515 0.141916 0.81221 0.130277 0.80437 0.118639 0.796529 0.113126 0.784768 0.109451 0.771538 0.108839 0.758307 0.110676 0.739686 0.116802 0.728905 0.124765 0.718124 0.133953 0.708814 0.146816 0.701954 0.156004 0.682842 0.170092 0.670592 0.178055 0.659811 0.184181 0.64903 0.194594 0.634329 0.212357 0.621589 0.225833 0.609828 0.236246 0.596107 0.247884 0.587777 0.259523 0.583366 0.274224 0.581896 0.287087 0.583366 0.2975 0.586307 0.288924 0.591207 0.271161 0.597087 0.259523 0.607868 0.249722 0.619629 0.242984 0.632859 0.231959 0.64119 0.221545 0.654421 0.206232 0.669122 0.190919 0.680882 0.181118 0.690193 0.175605 0.704404 0.165192 0.716654 0.153554 0.727435 0.140078 0.738706 0.127215 0.747036 0.121702 0.757817 0.118027 0.773008 0.118027 0.783788 0.119252 0.797019 0.124765 0.801919 0.130277 0.80486 0.13824 0.80584 0.150491 0.80633 0.164579 0.80437 0.180505 0.799469 0.190919 0.788199 0.201332 0.773988 0.209907 0.761737 0.22032 0.746056 0.235021 0.735766 0.252785 0.720575 0.277286 0.710284 0.2975 0.700973 0.323226
3 19 0.691192 0.408751 0.692019 0.386 0.695328 0.356526 0.69781 0.343082 0.704015 0.344634 0.702361 0.351873 0.700706 0.362731 0.699879 0.376175 0.699051 0.39117 0.698638 0.405649 0.697346 0.421802 0.694141 0.419513 0.691192 0.420213
1 19 0.668746 0.467682 0.667148 0.483622 0.668768 0.492395 0.672547 0.499143 0.677406 0.504542 0.684424 0.506566 0.693062 0.507241 0.70062 0.505216 0.704939 0.499143 0.709797 0.49172 0.711957 0.482272 0.710877 0.470125 0.704939 0.471475 0.696841 0.471475 0.689283 0.471475 0.682804 0.4708 0.673843 0.469275
2 25 0.837519 0.62314 0.837519 0.6144 0.841403 0.599834 0.846841 0.591094 0.85461 0.582354 0.859062 0.584961 0.863281 0.589941 0.868125 0.596094 0.872656 0.602637 0.874062 0.608984 0.879531 0.619043 0.881719 0.625977 0.885685 0.633822 0.87947 0.636735 0.867817 0.64062 0.858494 0.64062 0.849172 0.638678 0.840626 0.634793 0.838296 0.629938
4 25 0.775859 0.69401 0.783822 0.698987 0.769393 0.729649 0.755162 0.756757 0.742963 0.779629 0.73212 0.799113 0.713822 0.830456 0.69959 0.85587 0.682648 0.878545 0.660465 0.907696 0.640558 0.929025 0.610413 0.952487 0.586524 0.96884 0.563772 0.980926 0.538746 1 0.52737 1 0.541021 0.985192 0.556378 0.974528 0.583111 0.957464 0.595624 0.94751 0.614963 0.93258 0.634301 0.91836 0.650796 0.900586 0.668428 0.876413 0.684923 0.852239 0.707106 0.823089 0.722463 0.796072 0.740664 0.761945 0.756021 0.733506 0.770809 0.705067
3 25 0.775859 0.69401 0.781547 0.679791 0.787804 0.666993 0.793286 0.656056 0.802773 0.647585 0.819716 0.636572 0.832592 0.628948 0.837696 0.624695 0.838296 0.629938 0.840626 0.634793 0.841163 0.635037 0.823068 0.647797 0.812261 0.655617 0.804867 0.661305 0.800317 0.669126 0.795198 0.67908 0.790647 0.685479 0.783822 0.698987
1 25 0.859648 0.576318 0.854453 0.582422 0.859141 0.585156 0.862813 0.589941 0.868203 0.596191 0.872891 0.602734 0.874219 0.608203 0.879297 0.618945 0.881875 0.625879 0.882969 0.628418 0.885685 0.633822 0.895007 0.627996 0.900445 0.620227 0.905883 0.608574 0.90666 0.594979 0.901999 0.580412 0.896561 0.570701 0.888792 0.566817 0.878693 0.565846 0.866263 0.570701 0.862083 0.573639
2 31 0.150297 0.849048 0.148386 0.855418 0.144564 0.863381 0.140741 0.864177 0.133097 0.864177 0.122812 0.864648 0.113359 0.870313 0.106341 0.873733 0.10889 0.881696 0.113986 0.889659 0.118445 0.898418 0.119719 0.907177 0.121484 0.914453 0.123281 0.918457 0.124815 0.9239 0.129912 0.91514 0.135008 0.910363 0.140104 0.903992 0.146475 0.894437 0.14966 0.892844 0.150934 0.892844 0.15603 0.885677 0.157304 0.885677 0.161764 0.890455 0.167497 0.892844 0.173867 0.892844 0.176415 0.888066 0.17323 0.878511 0.167497 0.87214 0.163038 0.866566 0.160489 0.857807 0.156667 0.85064 0.153482 0.849048
4 31 0.248466 0.796773 0.251896 0.805961 0.257776 0.803511 0.258266 0.802899 0.266107 0.795548 0.273457 0.787585 0.277378 0.775334 0.278358 0.759408 0.276397 0.74287 0.272967 0.728782 0.261207 0.715918 0.245526 0.704893 0.228375 0.69693 0.211224 0.69693 0.192602 0.699992 0.172511 0.703055 0.161241 0.709793 0.1436 0.718981 0.128899 0.729394 0.115668 0.736132 0.096557 0.74287 0.068625 0.756958 0.056864 0.762471 0.036283 0.770434 0.023542 0.772884 0.007861 0.773497 0 0.768597 0 0.783297 0 0.785748 0.007371 0.785748 0.024032 0.784522 0.039713 0.779622 0.058334 0.772272 0.078426 0.763084 0.099007 0.753896 0.122038 0.74287 0.139679 0.731844 0.15928 0.721431 0.171041 0.714693 0.180842 0.710406 0.191132 0.709793 0.199463 0.708568 0.208773 0.708568 0.219064 0.708568 0.231315 0.712243 0.244546 0.718981 0.254346 0.725106 0.260227 0.733682 0.263657 0.74287 0.265127 0.755121 0.265617 0.767984 0.263657 0.77901 0.259736 0.785748 0.253366 0.793098
3 31 0.154955 0.849784 0.164181 0.843326 0.181822 0.831688 0.196523 0.824337 0.216614 0.813924 0.238175 0.802899 0.248466 0.796773 0.251896 0.805961 0.247976 0.812699 0.236215 0.818825 0.218574 0.826175 0.203383 0.833525 0.182802 0.845164 0.169571 0.852514 0.160421 0.857679 0.156667 0.85064
1 31 0.106341 0.873733 0.10889 0.881696 0.113986 0.889659 0.118445 0.898418 0.119719 0.907177 0.121094 0.913965 0.123047 0.918359 0.124844 0.924121 0.11526 0.93027 0.109141 0.931934 0.101245 0.931066 0.0941406 0.92627 0.089778 0.919918 0.087867 0.907177 0.088504 0.896826 0.092964 0.884085 0.101245 0.876122
0 12 0.773636 0.159575 0.773275 0.163865 0.773998 0.168155 0.775353 0.169962 0.77761 0.171204 0.781223 0.170413 0.784204 0.167591 0.78321 0.162285 0.78041 0.158446 0.777701 0.157543 0.775082 0.157543
0 31 0.108438 0.888184 0.107109 0.891602 0.108438 0.89541 0.109688 0.897852 0.113047 0.898535 0.115078 0.897656 0.115547 0.895508 0.114766 0.891992 0.112656 0.889062 0.110469 0.887793
0 19 0.681953 0.47959 0.679766 0.479395 0.678125 0.480273 0.677109 0.48418 0.678438 0.486133 0.68 0.487109 0.681172 0.486523 0.682891 0.485352 0.682891 0.482324 0.681953 0.47959 0.687656 0.473438 0.689688 0.474707 0.691875 0.474805 0.692734 0.474414 0.693984 0.474414 0.694531 0.472168 0.693984 0.469238 0.692734 0.468066 0.690937 0.468066 0.688906 0.468457 0.688047 0.469434 0.6875 0.471094 0.687656 0.473438
0 25 0.877656 0.608301 0.876484 0.611914 0.878203 0.616016 0.880547 0.616992 0.8825 0.616113 0.88375 0.613574 0.883203 0.609668 0.880859 0.607227 0.878906 0.607324
