2 24 0.783096 0.157199 0.793205 0.157199 0.802191 0.157199 0.809492 0.155795 0.817646 0.153883 0.825003 0.151515 0.832519 0.14737 0.837574 0.138697 0.837012 0.128416 0.831978 0.119095 0.823533 0.112269 0.81567 0.108057 0.807807 0.106653 0.803876 0.105249 0.799945 0.105249 0.794328 0.105249 0.785342 0.108057 0.779165 0.109461 0.774208 0.113372 0.783096 0.125607 0.784781 0.130522 0.784781 0.13684 0.783658 0.148775
4 24 0.907592 0.135762 0.91409 0.133066 0.937373 0.123694 0.959867 0.109882 1 0.079298 1 0.068446 0.984728 0.080285 0.969338 0.092617 0.945265 0.107909 0.93027 0.115801 0.915274 0.124187 0.90546 0.127236
3 24 0.837574 0.138697 0.859873 0.14269 0.878161 0.142434 0.894961 0.139532 0.907592 0.135762 0.90546 0.127236 0.896508 0.129367 0.884144 0.131499 0.870928 0.13363 0.856007 0.13363 0.842791 0.131499 0.837012 0.128416
0 24 0.77692 0.126168 0.774789 0.129718 0.774434 0.133712 0.774434 0.139038 0.775881 0.143817 0.77905 0.14491 0.781999 0.142761 0.7826 0.136375 0.782272 0.129582 0.780115 0.126168
1 24 0.783096 0.157199 0.777275 0.156274 0.76885 0.154168 0.763796 0.147148 0.759864 0.140829 0.760426 0.131001 0.765481 0.119768 0.774208 0.113372 0.783096 0.125607 0.784781 0.130522 0.784781 0.13684 0.783658 0.148775
2 25 0.842536 0.299443 0.847867 0.294596 0.859016 0.291566 0.870649 0.293384 0.877668 0.298691 0.880635 0.306108 0.881429 0.316481 0.879005 0.326394 0.875496 0.333978 0.870164 0.341855 0.862893 0.336402 0.853199 0.333372 0.849321 0.329131 0.848837 0.320043 0.84428 0.312632 0.837846 0.303443
4 25 0.935902 0.250995 0.946348 0.23809 0.96347 0.220017 1 0.170553 1 0.150578 0.982875 0.173883 0.960806 0.201943 0.93988 0.227626 0.929979 0.239633
3 25 0.880635 0.306108 0.889905 0.297186 0.912074 0.273205 0.935902 0.250995 0.929979 0.239633 0.90909 0.260416 0.874069 0.295704 0.877668 0.298691
1 25 0.870164 0.341855 0.864274 0.350536 0.857654 0.35815 0.850106 0.364109 0.840837 0.366426 0.83068 0.365118 0.823409 0.359665 0.817593 0.349365 0.817108 0.33543 0.820986 0.322706 0.827287 0.312406 0.837846 0.303443 0.84428 0.312632 0.848837 0.320043 0.849321 0.329131 0.853199 0.333372 0.862893 0.336402
2 26 0.650413 0.707933 0.652193 0.713276 0.653974 0.718619 0.658248 0.726633 0.66466 0.731975 0.673208 0.733756 0.684297 0.73584 0.684605 0.728413 0.681756 0.718619 0.680331 0.698139 0.678907 0.685672 0.678194 0.677658 0.675547 0.671777 0.668221 0.674097 0.660385 0.678549 0.656824 0.683001 0.653262 0.689234 0.651125 0.696358 0.650769 0.702146
4 26 0.592817 0.719699 0.558003 0.723865 0.484472 0.72683 0.403291 0.718753 0.377686 0.712301 0.33633 0.709849 0.221517 0.697317 0.184288 0.690014 0.117337 0.651069 0.081999 0.614942 0.067681 0.59265 0.06476 0.579262 0.0589539 0.561295 0.0575687 0.530128 0.0617243 0.504502 0.073637 0.476452 0.0750222 0.488918 0.0683732 0.523895 0.071575 0.575611 0.086631 0.601169 0.129994 0.640115 0.179342 0.671521 0.207755 0.68514 0.279912 0.69486 0.379376 0.700286 0.46996 0.714352 0.518967 0.716402 0.591819 0.709299
3 26 0.652193 0.713276 0.632648 0.716635 0.592817 0.719699 0.591819 0.709299 0.614781 0.707219 0.650769 0.702146 0.650413 0.707933
1 26 0.684297 0.735645 0.68697 0.73508 0.6942 0.732226 0.70257 0.728897 0.707897 0.721763 0.711702 0.708922 0.711702 0.697983 0.708658 0.684666 0.705234 0.678483 0.698766 0.673727 0.690395 0.670397 0.681263 0.669922 0.675625 0.671582 0.678194 0.677658 0.678907 0.685672 0.680331 0.698139 0.681756 0.718619 0.684605 0.728413
2 27 0.529838 0.55111 0.537474 0.557988 0.543582 0.564122 0.550455 0.567939 0.558261 0.57324 0.567846 0.577159 0.568781 0.563167 0.567253 0.549804 0.564199 0.541214 0.558854 0.52976 0.560633 0.510143 0.552745 0.511625 0.545873 0.516398 0.539765 0.522125 0.535183 0.525943 0.529838 0.532624 0.52834 0.544707
4 27 0.0734485 0.374807 0.0810134 0.367243 0.0927047 0.389937 0.108491 0.418377 0.123927 0.444267 0.137269 0.458537 0.152298 0.464009 0.169709 0.467519 0.19779 0.467519 0.242034 0.469516 0.28508 0.469707 0.335631 0.476792 0.392112 0.489984 0.459124 0.510864 0.457347 0.524189 0.396845 0.505878 0.360265 0.494754 0.335325 0.487707 0.293375 0.483353 0.222282 0.480751 0.186557 0.482118 0.164228 0.481247 0.142751 0.476646 0.129552 0.466817 0.115075 0.452193 0.098382 0.423993 0.0836268 0.38839 0.0734485 0.374807 0.0738611 0.374979 0.0602443 0.374292 0.051579 0.381685 0.0511664 0.396814 0.0544674 0.410225 0.0591439 0.42226 0.0706976 0.442032 0.0814261 0.461288 0.0944927 0.478653 0.100957 0.488969 0.11031 0.497394 0.0993068 0.495846 0.0748239 0.465243 0.0495158 0.420541 0.0412632 0.405067 0.0409881 0.383576 0.0492408 0.367243 0.065471 0.361397 0.078125 0.364148 0.0815636 0.366727 0.0738611 0.374979
3 27 0.528855 0.548443 0.508869 0.54251 0.468895 0.528075 0.457347 0.524189 0.459124 0.510864 0.529838 0.532624 0.52834 0.544707
1 27 0.567846 0.577159 0.57653 0.577376 0.587193 0.576164 0.596403 0.565258 0.598342 0.552535 0.596403 0.534358 0.590586 0.521635 0.581377 0.513152 0.572167 0.508911 0.560633 0.510143 0.558854 0.52976 0.564199 0.541214 0.567253 0.549804 0.568781 0.563167
2 28 0.365222 0.775892 0.357057 0.783743 0.34952 0.792379 0.343868 0.799445 0.341378 0.806258 0.340099 0.814362 0.342364 0.821427 0.345752 0.826923 0.350777 0.832419 0.360198 0.831634 0.366478 0.828493 0.375899 0.822998 0.381777 0.818596 0.388367 0.810526 0.394608 0.802362 0.390313 0.794727 0.386484 0.790039 0.382734 0.785156 0.378125 0.780566 0.375 0.776953 0.371953 0.77207 0.370547 0.769141 0.366563 0.77334
4 28 0.311039 0.889694 0.289427 0.897154 0.250113 0.909791 0.097538 0.946177 0 0.966657 0 0.948849 0.070469 0.935492 0.143841 0.921245 0.243569 0.898984 0.290585 0.882956 0.304105 0.877692
3 28 0.350777 0.832419 0.344981 0.847357 0.339114 0.859359 0.330775 0.871024 0.321707 0.880359 0.311039 0.889694 0.304105 0.877692 0.315306 0.869691 0.326439 0.856937 0.337641 0.840763 0.345752 0.826923
1 28 0.372031 0.771875 0.370458 0.768867 0.377244 0.765554 0.382091 0.766443 0.386938 0.767049 0.392755 0.772502 0.395663 0.776137 0.398087 0.78159 0.398087 0.789467 0.397602 0.793708 0.394608 0.802362 0.390703 0.794922 0.386484 0.789941 0.382656 0.785254 0.378359 0.780371 0.375156 0.776855
0 25 0.838178 0.319405 0.836853 0.323543 0.838045 0.326853 0.84162 0.326853 0.844136 0.325529 0.84599 0.32255 0.845328 0.318412 0.843474 0.316756 0.840958 0.316922
0 27 0.565156 0.526465 0.563125 0.527637 0.563438 0.530957 0.565156 0.534473 0.568281 0.535449 0.570781 0.53457 0.572031 0.532129 0.571797 0.52832 0.569609 0.525586 0.566875 0.525293
