4 17 0.396005 0.362496 0.401046 0.357245 0.414198 0.370386 0.440478 0.398309 0.470044 0.429517 0.490082 0.454155 0.515143 0.479108 0.529631 0.499125 0.549644 0.527244 0.573753 0.563031 0.608912 0.623932 0.640555 0.70053 0.667436 0.776197 0.67773 0.816707 0.681161 0.843396 0.681161 0.909165 0.674298 0.909165 0.675061 0.885335 0.676205 0.850068 0.672011 0.815754 0.660192 0.779056 0.633122 0.698513 0.617109 0.663722 0.603002 0.627978 0.580507 0.586991 0.545431 0.534566 0.513786 0.488337 0.482903 0.460695 0.466128 0.438296 0.429907 0.397786 0.405888 0.371573
2 17 0.310565 0.282402 0.311817 0.277705 0.313571 0.274574 0.314467 0.273583 0.31575 0.274011 0.321569 0.272689 0.324742 0.270705 0.326593 0.268722 0.32818 0.266738 0.330031 0.264094 0.331618 0.261118 0.333205 0.255168 0.333488 0.252808 0.335365 0.250462 0.339874 0.246704 0.34288 0.245139 0.344383 0.245139 0.346562 0.243848 0.349393 0.247957 0.354654 0.255159 0.359914 0.270503 0.361918 0.286473 0.360916 0.295554 0.359163 0.303069 0.357409 0.3062 0.351147 0.309332 0.345886 0.309332 0.33812 0.308705 0.330856 0.304948 0.319333 0.29618 0.314823 0.292109 0.311817 0.287412 0.311066 0.285533
1 17 0.311817 0.287412 0.311066 0.285533 0.310565 0.282402 0.311817 0.277705 0.313571 0.274574 0.314467 0.273583 0.31575 0.274011 0.321569 0.272689 0.324742 0.270705 0.326593 0.268722 0.32818 0.266738 0.330031 0.264094 0.331618 0.261118 0.333205 0.255168 0.333488 0.252808 0.335365 0.250462 0.339874 0.246704 0.34288 0.245139 0.344383 0.245139 0.346484 0.24375 0.340625 0.237988 0.335859 0.236621 0.328121 0.236 0.324584 0.236 0.319143 0.23838 0.314519 0.240421 0.311254 0.243141 0.307174 0.248242 0.305814 0.254703 0.304726 0.262864 0.304726 0.271705 0.30663 0.279186
3 17 0.354868 0.307471 0.357409 0.3062 0.359163 0.303069 0.359382 0.302129 0.3722 0.316986 0.390124 0.339391 0.401046 0.357245 0.396005 0.362496 0.374161 0.33239 0.360998 0.314886
4 22 0.626934 0.819734 0.627301 0.814236 0.617845 0.809613 0.602058 0.798258 0.583242 0.786633 0.565724 0.772846 0.536528 0.762573 0.521605 0.757977 0.499254 0.750429 0.479186 0.74464 0.47121 0.738851 0.459374 0.728559 0.446252 0.71891 0.399663 0.696614 0.361243 0.672006 0.341557 0.660496 0.326633 0.655336 0.311392 0.651764 0.269162 0.633506 0.252651 0.621599 0.241221 0.606914 0.233918 0.589053 0.225345 0.569208 0.218042 0.571986 0.220264 0.579924 0.227567 0.596197 0.23487 0.607708 0.242808 0.620805 0.253604 0.633903 0.259002 0.637079 0.263447 0.639063 0.278688 0.648589 0.305042 0.655733 0.325998 0.663274 0.347272 0.673991 0.379341 0.693439 0.404425 0.706934 0.427287 0.720825 0.44856 0.731542 0.461579 0.740274 0.466977 0.744243 0.488885 0.755753 0.502539 0.759325 0.523812 0.765675 0.557469 0.777583 0.576203 0.787108 0.589856 0.797428 0.60351 0.806557 0.61494 0.813304
1 22 0.731797 0.829688 0.7311 0.832417 0.730802 0.833533 0.729314 0.835021 0.727734 0.8375 0.724219 0.841992 0.722656 0.845508 0.721562 0.849414 0.720078 0.85166 0.71875 0.854199 0.718005 0.855854 0.715326 0.860319 0.713203 0.863379 0.712656 0.866992 0.71116 0.870363 0.710469 0.874121 0.708779 0.878176 0.706953 0.87998 0.710267 0.881896 0.717112 0.8845 0.722469 0.885616 0.729017 0.885616 0.734076 0.885244 0.741219 0.881152 0.743897 0.877432 0.746873 0.870735 0.748064 0.859203 0.748064 0.85511 0.748064 0.849902 0.74479 0.840229 0.743004 0.837253 0.737945 0.833161
2 22 0.705391 0.877539 0.701338 0.869619 0.696577 0.861063 0.690922 0.852134 0.688541 0.849158 0.687648 0.846554 0.68616 0.842462 0.68616 0.839485 0.686458 0.836137 0.688839 0.827209 0.690624 0.824977 0.6936 0.822372 0.696577 0.820884 0.700743 0.82014 0.70491 0.82014 0.709374 0.82014 0.722767 0.824604 0.730207 0.829441 0.730505 0.829441 0.731875 0.830273 0.730802 0.833533 0.729314 0.835021 0.727891 0.8375 0.725547 0.840625 0.724219 0.842187 0.722656 0.844727 0.721406 0.849902 0.719688 0.852051 0.719297 0.854004 0.718005 0.855854 0.715326 0.860319 0.713203 0.863867 0.712656 0.866992 0.71116 0.870363 0.709375 0.877441 0.707109 0.880176
3 22 0.626934 0.819734 0.627301 0.814236 0.636098 0.814694 0.646361 0.818818 0.651493 0.819734 0.658824 0.819734 0.672386 0.821109 0.678251 0.821109 0.682283 0.822941 0.689247 0.825691 0.689714 0.826115 0.688839 0.827209 0.686458 0.836137 0.68616 0.839485 0.68616 0.842185 0.677518 0.842185 0.673852 0.841269 0.669454 0.837145 0.662856 0.830273 0.656991 0.827982 0.653326 0.827065 0.650393 0.825691 0.645995 0.823858 0.636464 0.821109
4 16 0.314196 0.739198 0.317246 0.732526 0.293226 0.717275 0.23413 0.686773 0.160601 0.644676 0.089279 0.604494 0 0.556777 0 0.569334 0.058138 0.598215 0.120922 0.632747 0.212838 0.683603 0.293201 0.72818
2 16 0.371212 0.774659 0.373408 0.766726 0.375117 0.763065 0.378534 0.758184 0.384391 0.755133 0.390981 0.752387 0.39513 0.751777 0.402208 0.751777 0.408554 0.754218 0.414297 0.755469 0.414219 0.756738 0.413435 0.757879 0.413435 0.758489 0.413679 0.759404 0.411727 0.763981 0.410018 0.768557 0.40993 0.769001 0.408984 0.771582 0.407734 0.774023 0.406719 0.775781 0.406172 0.777539 0.405859 0.781348 0.40391 0.783679 0.404144 0.78499 0.403673 0.785947 0.400012 0.789913 0.397571 0.792354 0.396351 0.794794 0.395618 0.79876 0.395378 0.801772 0.395297 0.801973 0.394979 0.804752 0.396885 0.808721 0.397815 0.809593 0.398059 0.810964 0.398303 0.813405 0.398059 0.81554 0.395863 0.815845 0.387564 0.809438 0.382927 0.804862 0.38073 0.801811 0.379754 0.799981 0.378778 0.797845 0.377314 0.793879 0.375605 0.789608 0.374385 0.786862 0.373164 0.783506 0.372188 0.78076 0.371212 0.777709
1 16 0.414297 0.755762 0.413435 0.758489 0.413679 0.759404 0.411727 0.763981 0.410018 0.768557 0.40993 0.769001 0.409141 0.771582 0.407969 0.773633 0.407188 0.775488 0.406406 0.77793 0.405781 0.781445 0.40391 0.783679 0.404144 0.78499 0.403673 0.785947 0.400012 0.789913 0.397571 0.792354 0.396351 0.794794 0.395618 0.79876 0.395378 0.801772 0.395297 0.801973 0.394979 0.804752 0.396885 0.808721 0.397815 0.809593 0.398059 0.810964 0.398303 0.813405 0.398059 0.81554 0.395863 0.815845 0.405381 0.81676 0.418317 0.811269 0.424174 0.805472 0.427103 0.800286 0.429788 0.792964 0.430764 0.785642 0.430032 0.777099 0.428079 0.771303 0.425639 0.765201 0.421489 0.759099 0.416797 0.756445
3 16 0.314196 0.739198 0.317246 0.732526 0.352704 0.754449 0.373408 0.766726 0.371212 0.774659 0.371212 0.775351 0.350797 0.763027
4 28 0.810023 0.391429 0.812778 0.388298 0.823082 0.407586 0.834651 0.419496 0.848262 0.441189 0.865616 0.468837 0.89007 0.503653 0.910964 0.538288 0.935492 0.575193 0.956386 0.616641 0.96547 0.628565 0.970467 0.637082 0.985456 0.663767 0.987727 0.668877 1 0.691021 1 0.701809 0.988636 0.682504 0.976372 0.657522 0.963199 0.643327 0.955932 0.631971 0.947302 0.615506 0.943214 0.608125 0.940034 0.600744 0.928679 0.574058 0.912327 0.551914 0.883008 0.506202 0.86748 0.480173 0.851245 0.458115 0.840658 0.437381 0.825482 0.415764 0.820894 0.409587 0.817365 0.406499 0.811718 0.399
3 28 0.776817 0.335094 0.780014 0.334135 0.782805 0.331598 0.784221 0.336318 0.785724 0.34258 0.787728 0.348843 0.790483 0.355106 0.795494 0.361995 0.805263 0.376712 0.812778 0.388298 0.810023 0.391429 0.799752 0.379843 0.789732 0.366379 0.787227 0.361682 0.784221 0.356358 0.780463 0.349156 0.77896 0.343833 0.778209 0.337883 0.777708 0.336005
2 28 0.738234 0.296982 0.738234 0.292292 0.739172 0.287602 0.740512 0.284419 0.741986 0.282074 0.746275 0.278054 0.749223 0.274536 0.751769 0.272526 0.755387 0.269679 0.760613 0.269344 0.765571 0.270349 0.768654 0.271856 0.771736 0.275374 0.774148 0.279394 0.776292 0.282242 0.778838 0.285424 0.780848 0.289277 0.78259 0.293465 0.783662 0.296815 0.785002 0.301672 0.785538 0.305023 0.785672 0.30988 0.785672 0.314403 0.785002 0.319093 0.784466 0.323113 0.784064 0.327971 0.782992 0.331656 0.780178 0.333666 0.77656 0.335006 0.774148 0.334001 0.77053 0.333331 0.766643 0.332159 0.763427 0.330986 0.759675 0.329478 0.755387 0.327133 0.751501 0.324453 0.748151 0.320768 0.746007 0.317083 0.7437 0.312974 0.740942 0.309303 0.738904 0.30586 0.738368 0.303515 0.738234 0.299662
0 17 0.317812 0.251563 0.314141 0.256055 0.311719 0.262695 0.311719 0.265918 0.313047 0.268945 0.316641 0.269434 0.322109 0.26709 0.327188 0.262012 0.328906 0.258496 0.32875 0.25293 0.326094 0.25 0.323516 0.249512 0.320391 0.250391
0 28 0.760703 0.284473 0.765391 0.2875 0.772813 0.28623 0.775078 0.282324 0.773594 0.278516 0.771172 0.277539 0.7675 0.275781 0.763906 0.276074 0.763047 0.27666 0.760859 0.278613 0.760156 0.282422 0.760703 0.284473 0.744375 0.298633 0.742266 0.298242 0.739687 0.299902 0.739609 0.301758 0.740156 0.305957 0.742344 0.307227 0.743984 0.305078 0.744531 0.302148 0.744375 0.298633
0 16 0.401281 0.80345 0.39788 0.804867 0.397597 0.808764 0.399486 0.811834 0.401753 0.811952 0.403454 0.811834 0.404776 0.808646 0.404493 0.805221 0.402604 0.804277
