4 7 0.023557 0.157494 0 0.157952 0 0.166749 0.022552 0.165657
3 7 0.022552 0.165657 0.023557 0.157494 0.031656 0.157965 0.038876 0.157965 0.047164 0.160947 0.054573 0.164635 0.064242 0.171308 0.071777 0.178214 0.080215 0.181589 0.07992 0.181885 0.079392 0.184522 0.081712 0.188744 0.085195 0.191776 0.085804 0.19229 0.083832 0.195167 0.082325 0.202701 0.081823 0.208352 0.078307 0.208352 0.074288 0.202701 0.070772 0.195794 0.065749 0.187004 0.057713 0.180098 0.049174 0.174447 0.035109 0.168796
2 7 0.082557 0.179247 0.089943 0.17595 0.098383 0.170675 0.105241 0.166059 0.112099 0.164081 0.119484 0.162762 0.122122 0.164081 0.124232 0.170015 0.12687 0.177269 0.128452 0.183204 0.129507 0.187819 0.12898 0.191776 0.125287 0.197051 0.122649 0.201667 0.121594 0.206942 0.122649 0.212218 0.126342 0.216834 0.130035 0.222768 0.130035 0.226725 0.127397 0.227384 0.122122 0.225406 0.112626 0.222109 0.104186 0.218812 0.097328 0.211558 0.091841 0.200348 0.089415 0.195335 0.085195 0.191776 0.081712 0.188744 0.079392 0.184522 0.07992 0.181885
1 7 0.119484 0.162762 0.122122 0.164081 0.124232 0.170015 0.12687 0.177269 0.128452 0.183204 0.129507 0.187819 0.12898 0.191776 0.125287 0.197051 0.122649 0.201667 0.121594 0.206942 0.122649 0.212218 0.126342 0.216834 0.130035 0.222768 0.130035 0.226725 0.13886 0.224768 0.14501 0.220924 0.152038 0.212688 0.156431 0.203903 0.157748 0.193471 0.155991 0.183039 0.150281 0.174253 0.142814 0.166017 0.135786 0.162174 0.126561 0.161076
0 7 0.13321 0.201882 0.132656 0.205691 0.130994 0.208461 0.128223 0.210885 0.126561 0.210885 0.124622 0.209846 0.123514 0.207076 0.124345 0.204652 0.126284 0.201536 0.129054 0.199804 0.132102 0.199804 0.13321 0.201882 0.141367 0.202178 0.142717 0.197619 0.140384 0.191483 0.140713 0.187653 0.139837 0.183413 0.137868 0.18314 0.136117 0.184097 0.134366 0.186969 0.134804 0.190799 0.136445 0.193534 0.138743 0.192851 0.140384 0.191483 0.142717 0.197619 0.144953 0.195723 0.147987 0.196099 0.149203 0.200153 0.148797 0.204206 0.146771 0.207246 0.144744 0.20826 0.143123 0.20826 0.142042 0.20674 0.141367 0.202178
4 16 0.23086 0.304254 0.223407 0.294937 0.211605 0.301925 0.194834 0.310466 0.173715 0.32056 0.160671 0.325218 0.145142 0.330653 0.128992 0.33143 0.112843 0.33143 0.098556 0.3291 0.075574 0.322112 0.055076 0.313572 0.042653 0.305807 0.021534 0.294161 0.00849 0.287173 0 0.282514 0 0.291832 0.015322 0.301149 0.032093 0.311242 0.045759 0.319783 0.065014 0.328324 0.077437 0.332982 0.090481 0.336865 0.104768 0.33997 0.122781 0.341523 0.135825 0.341523 0.151975 0.339194 0.172473 0.333759 0.185517 0.327547 0.201045 0.32056 0.219059 0.312019 0.23086 0.304254 0.276321 0.258695 0.274367 0.248795 0.285759 0.237606 0.299591 0.226418 0.306231 0.222774 0.310922 0.22644 0.29802 0.238902 0.286878 0.249165 0.276321 0.258695
3 16 0.306231 0.222774 0.313855 0.213245 0.324411 0.199316 0.33438 0.184655 0.346696 0.17146 0.355744 0.161178 0.355744 0.164174 0.357854 0.171427 0.359141 0.172142 0.353147 0.178057 0.343177 0.189053 0.329689 0.205181 0.310922 0.22644
2 16 0.378955 0.113399 0.372097 0.119334 0.365239 0.129225 0.358909 0.138457 0.356799 0.147029 0.355744 0.155601 0.355744 0.164174 0.357854 0.171427 0.362602 0.174065 0.37157 0.174065 0.383703 0.173405 0.392671 0.172087 0.403749 0.167471 0.416592 0.15923 0.417213 0.15069 0.413487 0.131279 0.408517 0.118856 0.406654 0.114197 0.406654 0.107986 0.404169 0.104104 0.399821 0.104104 0.392989 0.107209 0.385535 0.110315
0 16 0.400873 0.118027 0.405187 0.12402 0.406626 0.127016 0.407105 0.128813 0.406146 0.131809 0.402791 0.133607 0.397997 0.133607 0.394162 0.131809 0.392724 0.128659 0.392245 0.12342 0.392724 0.119825 0.3956 0.11623 0.398956 0.115631 0.400873 0.118027 0.406923 0.10964 0.408012 0.107824 0.410785 0.107047 0.412472 0.108101 0.412893 0.111263 0.411628 0.113899 0.420245 0.113083 0.421749 0.110827 0.423855 0.110827 0.426262 0.113083 0.427465 0.116091 0.427766 0.12098 0.426562 0.123988 0.427199 0.12876 0.426093 0.131525 0.427436 0.134685 0.429411 0.136067 0.431228 0.135672 0.43186 0.133401 0.431623 0.129748 0.430043 0.128464 0.428858 0.128661 0.427199 0.12876 0.426562 0.123988 0.423855 0.123988 0.421448 0.123236 0.419944 0.120228 0.419343 0.116843 0.420245 0.113083 0.411628 0.113899 0.409653 0.114591 0.407978 0.114592 0.406923 0.112365 0.406923 0.10964
1 16 0.404169 0.104104 0.406654 0.107986 0.406654 0.114197 0.408517 0.118856 0.413487 0.131279 0.417213 0.15069 0.416592 0.15923 0.422183 0.156125 0.430258 0.146807 0.433363 0.135161 0.433363 0.120409 0.427773 0.107986 0.419698 0.103327 0.408517 0.102551
4 22 0.250335 0.569101 0.259968 0.5734 0.267638 0.573999 0.287292 0.571602 0.306467 0.566209 0.329955 0.561416 0.357279 0.556622 0.383165 0.551229 0.410968 0.541043 0.433498 0.533852 0.451234 0.524864 0.467533 0.51288 0.487187 0.491309 0.501567 0.47513 0.517386 0.455956 0.533205 0.43798 0.546628 0.424797 0.564843 0.411016 0.581142 0.402627 0.60511 0.389444 0.616135 0.382254 0.630996 0.372067 0.641542 0.363678 0.65784 0.348698 0.6727 0.331921 0.685164 0.31694 0.698586 0.297167 0.709132 0.280389 0.716802 0.267207 0.719198 0.245635 0.71008 0.23252 0.702158 0.220141 0.694236 0.205287 0.690934 0.196209 0.691595 0.190432 0.696876 0.187131 0.700177 0.190432 0.705459 0.19951 0.711401 0.211889 0.721304 0.224268 0.725925 0.231695 0.729226 0.241598 0.730547 0.253151 0.727906 0.262229 0.722624 0.277084 0.714702 0.296064 0.706119 0.309268 0.694896 0.324123 0.669808 0.353832 0.648682 0.373638 0.617569 0.39376 0.589628 0.408863 0.563197 0.428686 0.544318 0.445677 0.52695 0.466444 0.509581 0.487211 0.490702 0.508922 0.467292 0.528745 0.446902 0.541016 0.422073 0.550594 0.393024 0.559671 0.367276 0.567099 0.329644 0.574526 0.306537 0.577827 0.276168 0.582778 0.264284 0.581128 0.248578 0.577886
3 22 0.18737 0.532335 0.189386 0.527295 0.189704 0.522517 0.203334 0.533411 0.212998 0.541647 0.221344 0.549883 0.231446 0.55757 0.242428 0.565257 0.250335 0.569101 0.248578 0.577886 0.242428 0.57569 0.231007 0.56965 0.220026 0.562512 0.208605 0.552629 0.200259 0.544393 0.191035 0.535608
2 22 0.145132 0.520091 0.153026 0.522896 0.163582 0.530227 0.171792 0.533159 0.181762 0.533892 0.18704 0.533159 0.189386 0.527295 0.189972 0.518498 0.188213 0.508968 0.184108 0.497239 0.178243 0.486243 0.169446 0.47378 0.164168 0.467183 0.160611 0.472623 0.157388 0.477719 0.155586 0.480682 0.15388 0.482815 0.154164 0.485778 0.155372 0.492107 0.155372 0.497239 0.152439 0.501637 0.148921 0.503836 0.144229 0.503103 0.14071 0.501637 0.136605 0.501637 0.133116 0.508296 0.136019 0.5119 0.138951 0.514832
1 22 0.160391 0.464062 0.164297 0.467285 0.157266 0.477637 0.153906 0.482812 0.154062 0.485645 0.155372 0.492107 0.155372 0.497239 0.152439 0.501637 0.148921 0.503836 0.144229 0.503103 0.14071 0.501637 0.136605 0.501637 0.134846 0.505302 0.133125 0.508594 0.130703 0.506738 0.126282 0.496035 0.126282 0.482843 0.128504 0.475901 0.133503 0.466875 0.139057 0.460626 0.145167 0.458543 0.153498 0.458543
0 22 0.14366 0.501444 0.142961 0.497105 0.142961 0.493261 0.146036 0.489967 0.149111 0.489967 0.151307 0.490516 0.15317 0.492099 0.153026 0.495259 0.15187 0.499978 0.148352 0.502177
1 29 0.356003 0.748791 0.353457 0.750653 0.349944 0.753092 0.34448 0.755531 0.339407 0.756019 0.332382 0.757483 0.325747 0.760897 0.31677 0.765288 0.315209 0.768703 0.315209 0.773094 0.314038 0.777484 0.311697 0.779436 0.317161 0.786753 0.323015 0.791632 0.329259 0.793095 0.339797 0.792608 0.3437 0.790168 0.350334 0.786266 0.356969 0.776021 0.359701 0.767239 0.359701 0.756995 0.35775 0.749189
2 29 0.299988 0.762361 0.298818 0.748701 0.300379 0.735529 0.30233 0.724797 0.304672 0.717967 0.309355 0.713088 0.315209 0.710649 0.322625 0.710649 0.33082 0.71504 0.340187 0.72187 0.347602 0.730651 0.351505 0.737969 0.358105 0.749195 0.356164 0.748993 0.353457 0.750653 0.349944 0.753092 0.34448 0.755531 0.339407 0.756019 0.332382 0.757483 0.325747 0.760897 0.31677 0.765288 0.315209 0.768703 0.315209 0.773094 0.314038 0.777484 0.311697 0.779436 0.308184 0.776509 0.303501 0.768703
3 29 0.282484 0.651241 0.289899 0.647338 0.294973 0.664413 0.298486 0.677585 0.302388 0.689781 0.305901 0.69905 0.311413 0.712231 0.309355 0.713088 0.305233 0.717382 0.303169 0.712222 0.293802 0.691489 0.287831 0.672707
4 29 0.480431 0.383702 0.480431 0.387868 0.465989 0.401754 0.451548 0.417722 0.435996 0.430914 0.419888 0.448966 0.40267 0.46424 0.386562 0.478126 0.371566 0.487152 0.354347 0.498955 0.335462 0.517006 0.311023 0.540612 0.296582 0.559358 0.287695 0.575327 0.285473 0.587824 0.285473 0.601015 0.286029 0.612818 0.288251 0.628093 0.289899 0.647338 0.282484 0.651241 0.279917 0.638802 0.277737 0.625179 0.275557 0.606107 0.275557 0.592938 0.275557 0.583857 0.27919 0.570234 0.285366 0.558427 0.294084 0.545713 0.304619 0.532998 0.319514 0.515743 0.336587 0.49985 0.351118 0.488043 0.371462 0.473966 0.385741 0.463352 0.400333 0.451699 0.417357 0.435485 0.434787 0.418765 0.45377 0.399671 0.469877 0.387174 0.477654 0.381619 0.480431 0.383702 0.518801 0.34752 0.518411 0.337292 0.532828 0.328037 0.546856 0.321706 0.573157 0.31099 0.579197 0.305632 0.583678 0.279575 0.589522 0.238174 0.589912 0.201157 0.589327 0.178752 0.591471 0.174612 0.599069 0.17169 0.60355 0.171933 0.609394 0.175343 0.616213 0.189468 0.630436 0.203349 0.644853 0.206758 0.649139 0.203106 0.645827 0.193121 0.638034 0.174612 0.629267 0.153425 0.630241 0.144171 0.640372 0.161462 0.646606 0.180214 0.655958 0.197748 0.656737 0.20481 0.652451 0.211142 0.645437 0.216743 0.640761 0.217717 0.634527 0.214552 0.629072 0.210168 0.618746 0.202375 0.610174 0.188494 0.604524 0.180944 0.599264 0.180701 0.595367 0.18411 0.596146 0.206515 0.595757 0.220396 0.594977 0.236226 0.593029 0.251812 0.591665 0.268372 0.588159 0.293456 0.583483 0.311234 0.575105 0.321462 0.557376 0.328768 0.528347 0.341919 0.518801 0.34752
0 29 0.317941 0.769191 0.319516 0.767123 0.322423 0.766215 0.324602 0.767123 0.325692 0.769393 0.325692 0.773934 0.323876 0.775751 0.320405 0.776097 0.317941 0.773582 0.317941 0.769191 0.312931 0.763335 0.313901 0.761719 0.314224 0.75687 0.313362 0.749596 0.310776 0.747845 0.309267 0.748922 0.308405 0.749731 0.307543 0.755253 0.308513 0.760641 0.311099 0.763874 0.312931 0.763335
4 35 0.865689 0.701462 0.874932 0.71219 0.884835 0.724569 0.896718 0.741899 0.907942 0.756753 0.917185 0.774084 0.925107 0.790589 0.929728 0.807919 0.93501 0.8269 0.938971 0.846706 0.942933 0.873939 0.944913 0.885493 0.946234 0.897871 0.951515 0.91025 0.956797 0.919328 0.964719 0.930881 0.978583 0.94326 1 0.959765 1 0.944911 0.986506 0.932532 0.973962 0.920153 0.964719 0.909425 0.957457 0.89457 0.954156 0.87724 0.952175 0.849182 0.948874 0.827725 0.944253 0.804618 0.937651 0.784812 0.926427 0.763355 0.911903 0.741074 0.896718 0.720442 0.881534 0.703112 0.872951 0.691559
3 35 0.812403 0.639706 0.814839 0.63647 0.818532 0.630536 0.819524 0.626816 0.833339 0.637917 0.843902 0.649471 0.861728 0.673403 0.872951 0.691559 0.865689 0.701462 0.853145 0.684131 0.839941 0.668452 0.824757 0.652772
2 35 0.814839 0.63647 0.806399 0.64768 0.797431 0.652956 0.78899 0.652956 0.77844 0.64768 0.772168 0.644604 0.767361 0.638743 0.767361 0.628558 0.771582 0.62592 0.777385 0.624601 0.783187 0.618007 0.785297 0.610753 0.78688 0.606138 0.792683 0.600862 0.798486 0.596906 0.804816 0.594268 0.810619 0.600203 0.818004 0.610753 0.820642 0.622623 0.818532 0.630536
0 35 0.769179 0.621752 0.767557 0.616685 0.767557 0.613139 0.76999 0.609085 0.774043 0.607565 0.777691 0.609085 0.780123 0.612632 0.780123 0.617699 0.779431 0.620858 0.777385 0.624601 0.771582 0.62592
1 35 0.767361 0.638743 0.767361 0.628558 0.771582 0.62592 0.777385 0.624601 0.783187 0.618007 0.785297 0.610753 0.78688 0.606138 0.792683 0.600862 0.798486 0.596906 0.804816 0.594268 0.798829 0.585414 0.786513 0.578084 0.773611 0.576618 0.763641 0.57955 0.757777 0.586147 0.754258 0.597143 0.753672 0.60814 0.754844 0.619869 0.757252 0.625966 0.761913 0.634724
