2 6 0.257992 0.274398 0.257992 0.265142 0.254701 0.257943 0.247297 0.252801 0.241537 0.244574 0.238059 0.233232 0.235391 0.223069 0.241537 0.221948 0.248119 0.216806 0.257992 0.212692 0.268688 0.210635 0.277738 0.210635 0.283498 0.212692 0.28432 0.22092 0.281852 0.237375 0.281029 0.249716 0.27527 0.270285 0.270334 0.275427 0.263752 0.277484
4 6 0.274463 0.374619 0.282172 0.373136 0.286916 0.390185 0.291067 0.410939 0.296997 0.430953 0.304113 0.451708 0.310636 0.47691 0.316566 0.501371 0.320124 0.528797 0.320717 0.551034 0.320717 0.576236 0.319531 0.591061 0.308857 0.611816 0.298183 0.632571 0.290474 0.652584 0.282172 0.670374 0.2798 0.674821 0.270905 0.680751 0.253708 0.688905 0.235919 0.694094 0.212199 0.6978 0.200932 0.698541 0.184328 0.694094 0.164166 0.68594 0.137482 0.672598 0.114948 0.657032 0.091821 0.637018 0.070474 0.60811 0.062172 0.591061 0.054463 0.568083 0.05387 0.551775 0.059207 0.546587 0.062172 0.556964 0.067509 0.581425 0.081147 0.606627 0.095379 0.625158 0.115541 0.645913 0.138075 0.661479 0.154086 0.670374 0.175433 0.679269 0.192037 0.687422 0.211013 0.688905 0.231175 0.685199 0.249557 0.68001 0.264382 0.672598 0.274463 0.666668 0.280393 0.651843 0.289881 0.626641 0.299962 0.605145 0.307671 0.589579 0.311822 0.569565 0.312415 0.546587 0.308264 0.516196 0.302334 0.486546 0.292846 0.455414 0.28573 0.428729 0.275649 0.384996
3 6 0.260231 0.275598 0.263752 0.277484 0.270334 0.275427 0.272425 0.273249 0.272684 0.284928 0.273277 0.306424 0.275649 0.324214 0.277428 0.344228 0.280986 0.364241 0.282172 0.373136 0.274463 0.374619 0.272684 0.362017 0.266754 0.33385 0.262603 0.308648 0.260231 0.292341
1 6 0.235645 0.222752 0.235778 0.20755 0.239892 0.192123 0.243648 0.187659 0.248942 0.183896 0.25717 0.179782 0.269511 0.178754 0.276916 0.184924 0.281885 0.194328 0.283498 0.212692 0.277738 0.210635 0.268688 0.210635 0.257992 0.212692 0.248119 0.216806 0.241537 0.221948
2 12 0.186188 0.582344 0.183048 0.572138 0.18242 0.564287 0.18242 0.5478 0.184932 0.535239 0.192469 0.534454 0.201262 0.538379 0.208799 0.542305 0.21508 0.54623 0.22136 0.551726 0.226385 0.556436 0.228437 0.558984 0.221988 0.572923 0.213823 0.5847 0.208171 0.58784 0.202518 0.588625 0.194353 0.587055 0.191213 0.5847
4 12 0.165701 0.648788 0.161338 0.66333 0.156006 0.676053 0.147766 0.689383 0.137103 0.702106 0.131286 0.709983 0.122562 0.720283 0.114806 0.726342 0.10802 0.726947 0.099296 0.72513 0.082331 0.719677 0.066336 0.720283 0.054703 0.719677 0.042585 0.717253 0.027074 0.712406 0.00914 0.705136 0 0.699683 0 0.7118 0.010594 0.717253 0.025135 0.721495 0.049371 0.728159 0.071183 0.731189 0.089602 0.7324 0.107051 0.736036 0.118684 0.733612 0.132256 0.723312 0.145828 0.707559 0.157945 0.69423 0.162308 0.686959 0.166185 0.678477 0.170063 0.666965 0.17491 0.654241
3 12 0.165701 0.648788 0.170548 0.637277 0.175879 0.621524 0.180242 0.6088 0.185089 0.594865 0.188179 0.583277 0.191213 0.5847 0.194353 0.587055 0.19621 0.587412 0.191875 0.606377 0.187997 0.617282 0.18412 0.631218 0.178788 0.645759 0.17491 0.654241
1 12 0.184932 0.535239 0.188701 0.524248 0.194981 0.516397 0.203774 0.509331 0.213823 0.506976 0.22136 0.510116 0.226385 0.514041 0.229525 0.521892 0.232666 0.536024 0.230925 0.551052 0.228594 0.558594 0.226385 0.556436 0.22136 0.551726 0.21508 0.54623 0.208799 0.542305 0.201262 0.538379 0.192469 0.534454
2 18 0.323125 0.732227 0.313594 0.735645 0.302003 0.739527 0.295068 0.744861 0.291334 0.750862 0.289201 0.756863 0.289734 0.762864 0.291868 0.770865 0.296668 0.779533 0.301469 0.784867 0.310537 0.788201 0.316938 0.790868 0.326006 0.792868 0.330078 0.793652 0.32974 0.786867 0.32974 0.775532 0.32974 0.763531 0.327606 0.745528 0.325473 0.73686
4 18 0.215095 0.747307 0.214631 0.758317 0.207804 0.756952 0.197998 0.752689 0.190325 0.752689 0.181372 0.753222 0.16773 0.754821 0.155366 0.754821 0.143429 0.754288 0.128935 0.752689 0.114013 0.751623 0.099092 0.748959 0.090992 0.744696 0.079481 0.739367 0.068823 0.738834 0.053476 0.738834 0.029176 0.737235 0.013828 0.734038 0 0.729775 0 0.720715 0.004875 0.72338 0.015533 0.726577 0.031307 0.727643 0.039834 0.727643 0.049371 0.728159 0.071183 0.731189 0.089602 0.7324 0.099092 0.738301 0.111882 0.742564 0.129787 0.744163 0.149398 0.746294 0.170714 0.746294 0.183077 0.74363 0.193309 0.742031 0.20013 0.74363 0.209509 0.74736
3 18 0.214631 0.758317 0.215095 0.747307 0.224365 0.750784 0.239199 0.752522 0.256814 0.753681 0.282772 0.75426 0.290126 0.75426 0.289201 0.756863 0.289673 0.762173 0.278137 0.762952 0.252178 0.762952 0.241053 0.761793 0.229464 0.761214 0.220657 0.760634
1 18 0.325 0.734766 0.325473 0.73686 0.327606 0.745528 0.32974 0.763531 0.32974 0.775532 0.32974 0.786867 0.330313 0.793848 0.335074 0.794202 0.343075 0.790868 0.350543 0.784867 0.354277 0.775532 0.354277 0.763531 0.352143 0.752196 0.348943 0.742194 0.342008 0.736193 0.32974 0.732193 0.323339 0.732193
2 24 0.624048 0.906509 0.619651 0.906509 0.614627 0.913575 0.611486 0.922211 0.609602 0.930062 0.607718 0.938698 0.608346 0.945764 0.608974 0.950474 0.611486 0.95597 0.622792 0.959895 0.633469 0.959895 0.643518 0.95597 0.649799 0.949689 0.652939 0.941053 0.652311 0.932417 0.649171 0.925351 0.643518 0.916715 0.637865 0.91122 0.631585 0.908079
4 24 0.712216 0.940898 0.714883 0.950899 0.728218 0.948232 0.744754 0.943565 0.762357 0.943565 0.793828 0.940898 0.822632 0.936897 0.85197 0.932897 0.881841 0.929563 0.921846 0.927563 0.948517 0.929563 1 0.932897 1 0.924896 0.976788 0.922895 0.960252 0.920895 0.938382 0.916894 0.912778 0.916894 0.883441 0.920895 0.856237 0.924896 0.836501 0.927563 0.80983 0.931563 0.794895 0.931563 0.776759 0.930896 0.754356 0.93023 0.73622 0.93423 0.71595 0.938898
3 24 0.651303 0.945552 0.652939 0.941053 0.652474 0.934657 0.662076 0.940898 0.667943 0.944898 0.674877 0.946232 0.688746 0.946232 0.699948 0.943565 0.712216 0.940898 0.714883 0.950899 0.706882 0.9529 0.690346 0.9549 0.678078 0.955567 0.665809 0.952233 0.655675 0.947565
1 24 0.619651 0.906509 0.61023 0.905724 0.602065 0.910435 0.597669 0.918286 0.595785 0.927707 0.595785 0.937913 0.599553 0.944979 0.611486 0.95597 0.608974 0.950474 0.608346 0.945764 0.607718 0.938698 0.609602 0.930062 0.611486 0.922211 0.614627 0.913575
2 30 0.73321 0.124129 0.725813 0.131475 0.720442 0.141228 0.714797 0.150529 0.717762 0.158682 0.725471 0.164612 0.734959 0.170542 0.742668 0.172766 0.749191 0.172766 0.758679 0.171283 0.760974 0.162127 0.761051 0.150529 0.759865 0.137186 0.755714 0.126809 0.748598 0.120138 0.740708 0.120329
4 30 0.786866 0.052043 0.790929 0.058391 0.803627 0.045059 0.815816 0.027283 0.829021 0.009507 0.837148 0 0.823435 0 0.810229 0.01903 0.802611 0.029188 0.792961 0.043155
3 30 0.745849 0.119609 0.75233 0.100293 0.760964 0.085056 0.776708 0.064105 0.786866 0.052043 0.790929 0.058391 0.785343 0.06601 0.777216 0.076168 0.770614 0.087595 0.762995 0.099658 0.760456 0.111085 0.759948 0.123783 0.757299 0.130773 0.755714 0.126809 0.748598 0.120138
1 30 0.714797 0.150529 0.710053 0.163871 0.708867 0.180178 0.711667 0.189917 0.719541 0.200933 0.72725 0.203898 0.73911 0.203898 0.747412 0.19945 0.753935 0.189073 0.758086 0.176472 0.758679 0.171283 0.749191 0.172766 0.742668 0.172766 0.734959 0.170542 0.725471 0.164612 0.717762 0.158682
0 18 0.326728 0.754859 0.326474 0.759464 0.326855 0.761528 0.328379 0.764069 0.330469 0.765039 0.331301 0.762005 0.331301 0.756606 0.329141 0.754383 0.328125 0.754383
