4 9 0.083953 0.47973 0.091392 0.476448 0.080855 0.430734 0.064293 0.365558 0.042209 0.272011 0.028714 0.215269 0.007857 0.15086 0 0.135524 0 0.154694 0.021353 0.222937 0.043436 0.313417 0.060612 0.389328 0.073494 0.442235
3 9 0.083953 0.47973 0.091392 0.476448 0.101893 0.514735 0.110644 0.555756 0.11075 0.557203 0.107636 0.55696 0.102457 0.560736 0.096205 0.528955 0.084828 0.481918
1 9 0.095909 0.609601 0.096975 0.609601 0.103905 0.607602 0.112967 0.606269 0.127893 0.600938 0.13589 0.598273 0.143353 0.594941 0.14282 0.609601 0.139088 0.619596 0.133757 0.630258 0.123096 0.635589 0.114033 0.634922 0.104438 0.630258 0.098574 0.621595
2 9 0.094842 0.60427 0.093776 0.589611 0.096442 0.571619 0.101239 0.561624 0.107636 0.55696 0.116166 0.557626 0.129493 0.564956 0.138022 0.574951 0.14282 0.587612 0.143353 0.594941 0.13589 0.598273 0.127893 0.600938 0.112967 0.606269 0.103905 0.607602 0.096975 0.609601 0.095909 0.609601
4 16 0.377355 0.457439 0.377355 0.46571 0.40626 0.463419 0.460518 0.458497 0.500336 0.448652 0.514776 0.442088 0.521777 0.43826 0.530965 0.436619 0.540154 0.435525 0.56422 0.432243 0.606664 0.425133 0.652171 0.420757 0.697958 0.41949 0.717569 0.421329 0.739631 0.426845 0.756089 0.434811 0.763775 0.442165 0.769537 0.456261 0.77493 0.474033 0.777872 0.503449 0.780899 0.526971 0.785911 0.552428 0.795123 0.578337 0.805103 0.590812 0.808942 0.590812 0.802033 0.578337 0.789749 0.538033 0.786679 0.515962 0.784704 0.493492 0.780107 0.465399 0.772956 0.441138 0.766827 0.430922 0.747928 0.421345 0.737202 0.416876 0.723921 0.415599 0.694807 0.414322 0.658031 0.414322 0.599801 0.420706 0.548212 0.430284 0.534421 0.429645 0.52676 0.43156 0.514501 0.435391 0.497134 0.442415 0.466487 0.450715 0.450653 0.453269 0.420517 0.455822
3 16 0.316896 0.449907 0.31789 0.448186 0.31789 0.443297 0.335337 0.449581 0.358166 0.454957 0.377355 0.457439 0.377355 0.46571 0.358166 0.461988 0.341623 0.457852 0.326404 0.453303
1 16 0.284519 0.410891 0.284519 0.417227 0.283674 0.425676 0.281984 0.43254 0.280717 0.440461 0.279872 0.447325 0.279027 0.452077 0.27607 0.457358 0.270047 0.453234 0.263515 0.445579 0.260656 0.437413 0.261065 0.431288 0.263923 0.423633 0.268414 0.417508 0.27658 0.411894
2 16 0.289926 0.410731 0.298036 0.411752 0.306907 0.414392 0.311976 0.419673 0.316623 0.431289 0.31789 0.441322 0.31789 0.448186 0.312399 0.457691 0.30564 0.461915 0.297614 0.463499 0.285786 0.461915 0.279872 0.459275 0.27607 0.457163 0.279027 0.451882 0.279872 0.44713 0.280717 0.440266 0.281984 0.432345 0.283674 0.425481 0.284519 0.417032 0.284519 0.410696
4 23 0.629849 0.636488 0.624133 0.642102 0.687085 0.698946 0.726104 0.739358 0.738925 0.75399 0.746729 0.758868 0.760107 0.763048 0.765681 0.768622 0.768468 0.778377 0.772927 0.785345 0.778502 0.793009 0.781289 0.797887 0.797454 0.811125 0.811947 0.826454 0.823095 0.84248 0.840932 0.863383 0.864344 0.886376 0.879394 0.898918 0.895559 0.910763 0.912282 0.919821 0.951859 0.941421 1 0.961627 1 0.951872 0.963564 0.93724 0.931792 0.921911 0.90615 0.906582 0.881067 0.891253 0.85654 0.871047 0.837588 0.850144 0.828669 0.839693 0.820865 0.827848 0.816406 0.820183 0.811947 0.811822 0.805815 0.804854 0.798569 0.79928 0.791322 0.7951 0.785191 0.790222 0.781289 0.782558 0.770698 0.765139 0.761222 0.756081 0.751188 0.752597 0.742827 0.747023 0.7183 0.721242 0.656427 0.65923
3 23 0.571229 0.591648 0.572981 0.589614 0.573396 0.582866 0.598002 0.608417 0.629849 0.636488 0.624133 0.642102 0.609842 0.629853 0.59596 0.617604 0.578812 0.600762
0 23 0.520821 0.55379 0.525453 0.552136 0.527107 0.550068 0.527107 0.546759 0.525122 0.543864 0.522475 0.543451 0.519167 0.543864 0.51652 0.548 0.517181 0.552136 0.520821 0.55379 0.522144 0.564129 0.519828 0.566197 0.518505 0.57116 0.52049 0.57695 0.523468 0.579017 0.529092 0.579431 0.533393 0.576536 0.534055 0.570333 0.532401 0.56537 0.528761 0.562888 0.527107 0.562888 0.522144 0.564129
1 23 0.544888 0.541728 0.542845 0.546836 0.540802 0.551944 0.53978 0.556413 0.535694 0.564075 0.534162 0.569821 0.53314 0.57429 0.530586 0.57876 0.524967 0.583867 0.521903 0.586421 0.514752 0.581952 0.509644 0.575567 0.50709 0.567267 0.508622 0.554498 0.51373 0.543005 0.52037 0.537259 0.533651 0.537259
2 23 0.544888 0.541728 0.557657 0.54939 0.565319 0.556413 0.571959 0.567267 0.573492 0.581313 0.572981 0.589614 0.56583 0.597914 0.556636 0.600468 0.548463 0.601106 0.537737 0.597914 0.524967 0.588337 0.521903 0.586421 0.524967 0.583867 0.530586 0.57876 0.53314 0.57429 0.534162 0.569821 0.535694 0.564075 0.53978 0.556413 0.540802 0.551944 0.542845 0.546836
4 29 0.840985 0.822137 0.833254 0.827774 0.841321 0.836722 0.852543 0.846074 0.88587 0.863077 0.931779 0.885181 0.990271 0.915787 1 0.920038 1 0.908136 0.960685 0.888157 0.928718 0.872004 0.896412 0.857126 0.872607 0.844799 0.855603 0.835872 0.846422 0.828645
3 29 0.798143 0.779858 0.798465 0.777442 0.797578 0.772459 0.798513 0.768389 0.803855 0.765821 0.804263 0.769389 0.807484 0.775429 0.81135 0.779456 0.815537 0.783885 0.818437 0.79073 0.821014 0.795159 0.826168 0.801602 0.830033 0.806031 0.833963 0.812473 0.838505 0.818513 0.840985 0.822137 0.833254 0.827774 0.827134 0.822137 0.820691 0.814889 0.815537 0.806836 0.81135 0.797978 0.808128 0.793549 0.804585 0.789522 0.802008 0.786704 0.800543 0.784635 0.798699 0.781249
0 29 0.773839 0.721805 0.771841 0.719308 0.771592 0.717124 0.77284 0.714003 0.775087 0.712443 0.778832 0.713379 0.781079 0.717436 0.781079 0.721805 0.779082 0.723678 0.776835 0.72399 0.776086 0.723678
1 29 0.7664 0.72482 0.769228 0.722463 0.771113 0.719517 0.774884 0.71775 0.779126 0.716571 0.78384 0.715982 0.785725 0.711858 0.789496 0.707144 0.794209 0.705377 0.788082 0.697128 0.783231 0.692833 0.776341 0.690926 0.771336 0.691515 0.765749 0.696143 0.762629 0.705377 0.762629 0.713036 0.764514 0.719517
2 29 0.7664 0.72482 0.773941 0.741906 0.782897 0.756635 0.790438 0.764295 0.798451 0.768419 0.804579 0.765473 0.808821 0.758403 0.810235 0.750154 0.807878 0.736014 0.804108 0.721874 0.798451 0.710679 0.794209 0.705377 0.789496 0.707144 0.785725 0.711858 0.78384 0.715982 0.779126 0.716571 0.774884 0.71775 0.771113 0.719517 0.769228 0.722463
4 36 0.934774 0.54765 0.931278 0.551292 0.94678 0.573325 0.960139 0.595125 0.972756 0.614143 0.984259 0.635016 1 0.668412 1 0.649859 0.982404 0.61739 0.964221 0.588168 0.947152 0.563121
3 36 0.88819 0.496067 0.89202 0.492648 0.893153 0.489815 0.909716 0.510864 0.927198 0.535995 0.934774 0.54765 0.931278 0.551292 0.921079 0.537452 0.904762 0.51742 0.889611 0.498116
0 36 0.85401 0.458077 0.851263 0.457141 0.849516 0.453708 0.849266 0.449651 0.851014 0.445281 0.85376 0.442785 0.857006 0.442473 0.860252 0.444657 0.864995 0.449651 0.865994 0.45402 0.863248 0.458389 0.860252 0.459325 0.856756 0.459325
1 36 0.843046 0.456793 0.844445 0.455481 0.848293 0.454606 0.851953 0.457422 0.855312 0.458301 0.859531 0.458984 0.863672 0.457715 0.866016 0.45498 0.868516 0.453516 0.871562 0.45127 0.876016 0.450391 0.873047 0.446094 0.867183 0.439739 0.859837 0.433618 0.852841 0.433618 0.847244 0.436241 0.842346 0.4428 0.840597 0.450234 0.841647 0.453732
2 36 0.843046 0.456793 0.844795 0.462914 0.848643 0.472097 0.85459 0.483466 0.862636 0.494834 0.869982 0.500519 0.875928 0.500956 0.881525 0.500956 0.887122 0.497021 0.89202 0.492648 0.893769 0.488275 0.89132 0.477344 0.886773 0.465101 0.879427 0.453732 0.876016 0.450488 0.871328 0.452051 0.868516 0.454004 0.865547 0.455566 0.863281 0.45791 0.859688 0.458984 0.857031 0.458887 0.851797 0.457617 0.848293 0.454606 0.844445 0.455481
0 9 0.126641 0.591113 0.129141 0.593457 0.131016 0.593848 0.132109 0.59375 0.133047 0.591113 0.132031 0.587695 0.13125 0.585645 0.129297 0.584375 0.127188 0.585547 0.126641 0.587598 0.126641 0.591113 0.114375 0.611523 0.112656 0.610742 0.111328 0.611035 0.110703 0.611719 0.109453 0.615625 0.110781 0.618359 0.112578 0.619824 0.11375 0.619824 0.115469 0.618555 0.115937 0.615918 0.115547 0.612793 0.114375 0.611523
0 16 0.285312 0.436328 0.283281 0.437793 0.282344 0.439453 0.282344 0.442578 0.284375 0.445508 0.286953 0.445801 0.28875 0.443848 0.28875 0.44082 0.2875 0.437109
1 1 0.504384 0.324506 0.501948 0.307946 0.502533 0.294065 0.506916 0.287733 0.512566 0.28408 0.517827 0.282375 0.52825 0.28408 0.537894 0.289194 0.546466 0.296865 0.548219 0.299422 0.541887 0.305754 0.538673 0.311842 0.53312 0.315861 0.526594 0.321097 0.521723 0.324993 0.511884 0.325967 0.507014 0.325967
2 1 0.548512 0.299422 0.553577 0.307581 0.559422 0.319514 0.560201 0.327185 0.560201 0.336196 0.557863 0.341675 0.549388 0.352999 0.542082 0.357139 0.529711 0.355069 0.524061 0.353243 0.519872 0.348372 0.513638 0.338631 0.508572 0.329864 0.503994 0.324141 0.507403 0.325358 0.511982 0.326333 0.522015 0.324871 0.526886 0.321097 0.533413 0.315252 0.538965 0.311477 0.542082 0.305145
0 1 0.523282 0.312451 0.520651 0.31099 0.517827 0.31099 0.515976 0.311599 0.514904 0.311964 0.51393 0.316957 0.514709 0.321949 0.519093 0.323045 0.523282 0.32061 0.524743 0.315983 0.523282 0.312451 0.52786 0.309042 0.53088 0.311599 0.533705 0.312695 0.536432 0.311599 0.537406 0.307824 0.535945 0.30271 0.534289 0.301371 0.531757 0.300518 0.530588 0.301371 0.528639 0.302954 0.526594 0.291751 0.526204 0.296013 0.524451 0.297839 0.514904 0.295891 0.51354 0.293943 0.511787 0.293212 0.510813 0.293212 0.509546 0.293091 0.507988 0.2965 0.508865 0.301249 0.511105 0.302588 0.51354 0.301736 0.515002 0.299909 0.514904 0.295891 0.524451 0.297839 0.521236 0.296378 0.520359 0.291873 0.521041 0.289803 0.522697 0.288098 0.524353 0.288342 0.525425 0.289925 0.526594 0.291751 0.528639 0.302954 0.527665 0.304537 0.52786 0.309042
