2 21 0.238881 0.294439 0.249562 0.301114 0.258908 0.301949 0.267787 0.30103 0.273292 0.297925 0.27765 0.293194 0.28112 0.286243 0.282297 0.276989 0.283473 0.267736 0.281797 0.257031 0.279375 0.254102 0.273585 0.249204 0.263581 0.245206 0.257578 0.244043 0.249609 0.243652 0.244222 0.245206 0.247226 0.251215 0.249844 0.255176 0.253281 0.257227 0.255547 0.258398 0.257266 0.259961 0.257422 0.265137 0.2532 0.281838 0.245557 0.288597
4 21 0.316504 0.326473 0.324623 0.33558 0.338848 0.345632 0.366308 0.354968 0.413809 0.354363 0.450162 0.344668 0.473409 0.326508 0.482926 0.303939 0.485519 0.28419 0.486169 0.26689 0.492121 0.253625 0.50846 0.247518 0.532996 0.244851 0.562867 0.247518 0.598606 0.256186 0.627943 0.260187 0.649813 0.268188 0.682351 0.275522 0.704221 0.275522 0.728225 0.273522 0.741026 0.267521 0.770897 0.254186 0.793834 0.230182 0.812503 0.204179 0.836507 0.165506 0.844508 0.14617 0.848242 0.132835 0.842374 0.132168 0.83384 0.149504 0.825839 0.164173 0.804502 0.200178 0.785299 0.224848 0.773564 0.236183 0.752761 0.250185 0.735692 0.258186 0.722357 0.264187 0.700487 0.266854 0.678617 0.263521 0.656748 0.260187 0.630077 0.251519 0.613008 0.246851 0.591138 0.242184 0.567668 0.237517 0.538864 0.232183 0.514327 0.231516 0.492457 0.23685 0.480722 0.244184 0.473254 0.258853 0.472721 0.278856 0.472721 0.292858 0.471654 0.304193 0.466854 0.316195 0.460453 0.325529 0.448718 0.333531 0.438583 0.338198 0.422047 0.340198 0.405511 0.342199 0.385775 0.342199 0.368706 0.344199 0.351104 0.338865 0.329234 0.328863 0.322722 0.3187
3 21 0.27765 0.293194 0.292519 0.307041 0.316504 0.326473 0.322722 0.3187 0.295184 0.295937 0.281286 0.286419
1 21 0.244222 0.245206 0.239224 0.247529 0.235347 0.256011 0.232923 0.265099 0.231954 0.2754 0.232438 0.28267 0.238881 0.294439 0.245557 0.288597 0.253203 0.281738 0.255469 0.27373 0.256719 0.267383 0.2575 0.264453 0.256953 0.259863 0.255469 0.258203 0.253125 0.256836 0.250078 0.255176 0.247422 0.251563
2 22 0.683507 0.416754 0.685955 0.422032 0.690042 0.42936 0.700194 0.437825 0.71419 0.440475 0.719688 0.441016 0.721574 0.429021 0.723865 0.406114 0.723865 0.38607 0.723516 0.383398 0.714873 0.382354 0.704012 0.384161 0.695612 0.387979 0.687314 0.393949 0.683397 0.400387 0.681701 0.40516 0.681785 0.409932
4 22 0.62575 0.434588 0.580812 0.452539 0.486764 0.493685 0.436822 0.521195 0.374688 0.56262 0.369351 0.556691 0.42865 0.509251 0.523529 0.461812 0.623529 0.424039
3 22 0.683507 0.416754 0.669721 0.420708 0.62575 0.434588 0.623529 0.424039 0.647069 0.416266 0.664017 0.412074 0.681785 0.409932
1 22 0.719766 0.441406 0.724747 0.441834 0.731028 0.440491 0.73719 0.436857 0.743181 0.430451 0.747986 0.424562 0.750051 0.415141 0.74987 0.40572 0.746663 0.399047 0.742333 0.392374 0.736548 0.386652 0.728516 0.383738 0.723672 0.383008 0.723865 0.38607 0.723865 0.406114 0.721574 0.429021
2 25 0.61752 0.729825 0.611173 0.739531 0.609488 0.751588 0.611342 0.763522 0.616397 0.775457 0.622153 0.783603 0.632684 0.774053 0.637739 0.765629 0.648971 0.758608 0.659321 0.75278 0.654659 0.742584 0.647625 0.732878 0.64052 0.726103 0.631926 0.722716 0.623867 0.725033
4 25 0.575006 0.655211 0.567126 0.670874 0.541246 0.720533 0.506407 0.780988 0.471569 0.829659 0.446243 0.859587 0.429353 0.877305 0.413369 0.891138 0.4042 0.893129 0.395031 0.893283 0.354348 0.882941 0.295738 0.868083 0.282212 0.861423 0.285081 0.8563 0.311723 0.86296 0.357217 0.875768 0.391646 0.882941 0.402712 0.883453 0.425664 0.868083 0.460093 0.829146 0.506407 0.762031 0.540836 0.703114 0.558578 0.66636 0.565786 0.653956 0.570033 0.646731 0.57387 0.642582 0.57841 0.644839
3 25 0.623867 0.725033 0.57841 0.644839 0.575006 0.655211 0.614791 0.733361 0.61752 0.729825
1 25 0.622153 0.783603 0.630507 0.792578 0.638244 0.798783 0.647454 0.802053 0.656564 0.797885 0.660558 0.793184 0.663583 0.780555 0.661703 0.764897 0.659321 0.75278 0.648971 0.758608 0.637739 0.765629 0.632684 0.774053
1 24 0.867549 0.564414 0.867927 0.560172 0.867172 0.555929 0.864155 0.554043 0.861515 0.550743 0.857187 0.545898 0.853516 0.540234 0.851875 0.535254 0.851641 0.531152 0.852422 0.525391 0.855104 0.521987 0.860007 0.520101 0.863778 0.516802 0.863401 0.51303 0.858876 0.511145 0.867172 0.512087 0.872829 0.513973 0.876601 0.518216 0.878486 0.524344 0.878486 0.527644 0.878486 0.530473 0.880372 0.535658 0.881503 0.540372 0.88188 0.547915 0.879995 0.553101 0.876601 0.558286 0.872829 0.562057
0 24 0.865703 0.54375 0.866016 0.537988 0.865 0.531152 0.863594 0.526367 0.861649 0.523943 0.859496 0.522262 0.857074 0.521925 0.854652 0.522934 0.8525 0.524952 0.852231 0.529661 0.852231 0.534707 0.853576 0.540089 0.85546 0.544461 0.858958 0.546816 0.862578 0.54707 0.865703 0.54375 0.866633 0.54402 0.867576 0.546375 0.86946 0.548731 0.872601 0.549909 0.874799 0.548338 0.874485 0.544805 0.872915 0.542646 0.87103 0.541272 0.868518 0.541272 0.867262 0.541664 0.866633 0.54402
3 24 0.824681 0.56663 0.797478 0.582351 0.769993 0.600817 0.764497 0.591799 0.821702 0.55793
2 24 0.821702 0.55793 0.824681 0.56663 0.831345 0.5729 0.840773 0.574786 0.848316 0.574314 0.856613 0.571486 0.867549 0.564414 0.867927 0.560172 0.867172 0.555929 0.864155 0.554043 0.861515 0.550743 0.856328 0.545215 0.853281 0.540723 0.851875 0.535645 0.851562 0.530664 0.852344 0.525195 0.855104 0.521987 0.860007 0.520101 0.863778 0.516802 0.863401 0.51303 0.858876 0.511145 0.853973 0.511145 0.850579 0.511145 0.845676 0.51303 0.842659 0.513973 0.840019 0.514916 0.835116 0.51633 0.829837 0.51963 0.821917 0.528116 0.821163 0.533773 0.820031 0.541315 0.820031 0.550272
4 24 0.769993 0.600817 0.721127 0.636593 0.657621 0.692219 0.632126 0.715396 0.565726 0.774507 0.515659 0.813039 0.491064 0.823037 0.475605 0.821236 0.463589 0.816229 0.448903 0.796202 0.442227 0.780348 0.436886 0.766997 0.430211 0.741129 0.433549 0.731115 0.440423 0.754744 0.454064 0.782357 0.464924 0.802706 0.476273 0.811222 0.489624 0.811222 0.518681 0.796498 0.559718 0.765328 0.597769 0.731115 0.657182 0.67771 0.701908 0.636822 0.764497 0.591799
0 21 0.253594 0.258984 0.252656 0.261621 0.253281 0.263672 0.254219 0.264453 0.256484 0.263965 0.257109 0.2625 0.257031 0.260059 0.256016 0.258984 0.255078 0.258301 0.254609 0.258594
0 22 0.726562 0.414941 0.725703 0.41748 0.726094 0.420996 0.727187 0.422363 0.728828 0.421777 0.729609 0.419141 0.729688 0.415918 0.728594 0.414746 0.727422 0.414551
0 25 0.650156 0.763379 0.648828 0.765137 0.65 0.769141 0.652187 0.771191 0.654453 0.771582 0.655234 0.768945 0.654687 0.766113 0.653359 0.763477 0.651953 0.762793
