4 20 0.804439 0.773321 0.831686 0.767806 0.87892 0.766664 0.942915 0.76971 1 0.770345 1 0.758918 0.97542 0.759553 0.924123 0.758918 0.880952 0.755109 0.853526 0.755743 0.803811 0.760091
3 20 0.74107 0.780251 0.758951 0.782592 0.792506 0.775977 0.804439 0.773321 0.803811 0.760091 0.769372 0.767676 0.741246 0.773258
1 20 0.718396 0.815505 0.711089 0.819216 0.701879 0.819216 0.689277 0.814369 0.681521 0.808916 0.676097 0.796799 0.675705 0.781651 0.681037 0.768322 0.686853 0.760445 0.696182 0.755856 0.698291 0.764903 0.701941 0.774368 0.706055 0.785681 0.708523 0.796994 0.710169 0.803164
2 20 0.718396 0.815505 0.732772 0.802622 0.738991 0.79068 0.74107 0.780251 0.741246 0.773258 0.73742 0.76414 0.730861 0.757649 0.724376 0.754198 0.714867 0.75047 0.705232 0.751256 0.696182 0.755856 0.69852 0.76519 0.701941 0.774368 0.706055 0.785681 0.708523 0.796994 0.710169 0.803164
4 21 0.271159 0.451398 0.293857 0.421817 0.36338 0.342214 0.414488 0.29588 0.464472 0.25797 0.529621 0.222167 0.595999 0.201669 0.667946 0.198997 0.783347 0.213244 0.784059 0.203449 0.719948 0.194545 0.643014 0.188312 0.591012 0.191874 0.52049 0.214135 0.455666 0.247971 0.372321 0.316535 0.315333 0.376194 0.262624 0.44273
3 21 0.229606 0.514084 0.247155 0.491404 0.271159 0.451398 0.262624 0.44273 0.230163 0.490896 0.218258 0.509988
1 21 0.177341 0.557427 0.177254 0.568128 0.178777 0.58019 0.183856 0.590348 0.188935 0.597967 0.198077 0.601776 0.210775 0.598601 0.222964 0.586539 0.227979 0.577332 0.231311 0.570756 0.216649 0.565148 0.197503 0.559651 0.179884 0.550787
2 21 0.179884 0.550513 0.183864 0.539637 0.195383 0.520152 0.206991 0.512211 0.218258 0.509988 0.229606 0.514084 0.235872 0.523539 0.23919 0.531276 0.237911 0.541436 0.23596 0.560179 0.231202 0.571029 0.216977 0.564874 0.197503 0.559651 0.187544 0.55448
4 22 0.63648 0.53218 0.623751 0.535356 0.602428 0.540571 0.578323 0.535356 0.541703 0.523188 0.478661 0.489001 0.42628 0.458871 0.362311 0.421208 0.32623 0.39417 0.297259 0.358244 0.283469 0.336345 0.269679 0.311116 0.274237 0.299527 0.281654 0.309957 0.292084 0.330068 0.305178 0.352956 0.322245 0.369588 0.341048 0.388759 0.409129 0.436852 0.4629 0.467562 0.50601 0.492478 0.558854 0.517393 0.578787 0.524347 0.601037 0.527823 0.622824 0.525505 0.634449 0.523926
3 22 0.696635 0.492421 0.661367 0.508689 0.634449 0.523926 0.63648 0.53218 0.702306 0.499833
1 22 0.716703 0.449219 0.723653 0.442016 0.735283 0.434275 0.75157 0.432871 0.759587 0.436891 0.764487 0.445508 0.766734 0.462356 0.761118 0.479205 0.75157 0.492544 0.743146 0.499564 0.733876 0.500389 0.733734 0.492421 0.732548 0.481302 0.729583 0.471666 0.725431 0.461072 0.720151 0.455415
2 22 0.696078 0.478788 0.703282 0.46462 0.710607 0.453873 0.71681 0.448545 0.720259 0.45528 0.725539 0.461746 0.729583 0.471666 0.732548 0.481302 0.733734 0.492421 0.733876 0.500389 0.720764 0.503216 0.710607 0.50354 0.702306 0.499833 0.696635 0.492421
2 25 0.702093 0.539008 0.708201 0.549727 0.71431 0.555674 0.720419 0.560446 0.728818 0.567551 0.737217 0.540402 0.738745 0.520358 0.736939 0.506041 0.721946 0.506041 0.71271 0.507858 0.704348 0.511037 0.701608 0.517312 0.699596 0.527114
4 25 0.421867 0.538801 0.415137 0.608885 0.413221 0.637634 0.407098 0.631601 0.408383 0.591307 0.416347 0.533051 0.421867 0.538801 0.421867 0.538801 0.416347 0.533051 0.422327 0.516375 0.426468 0.503724 0.431068 0.485897 0.433828 0.471521 0.432908 0.45772 0.426468 0.450244 0.420947 0.448519 0.415427 0.45197 0.409906 0.461745 0.407606 0.473246 0.404933 0.489104 0.406444 0.508899 0.408986 0.5273 0.414967 0.542827 0.421407 0.554327 0.429228 0.568703 0.436128 0.577904 0.45453 0.595155 0.466491 0.599756 0.502421 0.603206 0.527675 0.601481 0.543317 0.598031 0.564938 0.59343 0.59254 0.582505 0.614162 0.567553 0.63715 0.542112 0.640852 0.554284 0.627503 0.566403 0.610482 0.580204 0.59484 0.59228 0.558958 0.605506 0.532736 0.610682 0.488112 0.614449 0.46005 0.607806 0.435208 0.59343 0.412207 0.564678 0.403379 0.543402 0.396105 0.504874 0.396105 0.479572 0.401166 0.459445 0.411287 0.443919 0.423707 0.438169 0.433368 0.439894 0.438889 0.446219 0.442569 0.453695 0.442898 0.465771 0.437969 0.488197 0.433368 0.508899 0.426964 0.525275 0.421867 0.538801
3 25 0.702093 0.539008 0.686177 0.53998 0.664861 0.544412 0.640852 0.554284 0.63715 0.542112 0.652071 0.535717 0.667419 0.530921 0.684471 0.528256 0.699596 0.527114
1 25 0.728818 0.567551 0.734614 0.569271 0.751996 0.573307 0.760324 0.568518 0.76662 0.56373 0.773366 0.549615 0.774467 0.537751 0.772158 0.525887 0.763879 0.510844 0.752024 0.505387 0.736939 0.506041 0.738745 0.520358 0.737217 0.540402
0 21 0.210084 0.56378 0.209646 0.566652 0.212601 0.570756 0.215336 0.572807 0.219275 0.573354 0.220698 0.571987 0.221682 0.567336 0.219932 0.564327 0.215774 0.562549 0.213038 0.562412 0.211178 0.56296
0 25 0.744861 0.534563 0.742774 0.537497 0.743296 0.541247 0.744079 0.544345 0.747731 0.544671 0.750339 0.542714 0.750078 0.538476 0.749165 0.535704 0.7476 0.535052
0 22 0.738539 0.448113 0.736226 0.450004 0.736048 0.453786 0.737205 0.458235 0.739518 0.459569 0.741921 0.459458 0.743166 0.456121 0.742721 0.45234 0.741031 0.449114 0.739696 0.448336
