2 8 0.628975 0.342895 0.641461 0.338436 0.653947 0.330632 0.661973 0.328402 0.669996 0.32654 0.673568 0.332861 0.678919 0.342895 0.679811 0.356273 0.679811 0.368536 0.678027 0.380799 0.673568 0.386373 0.661973 0.380799 0.647704 0.369651 0.637893 0.364077 0.630758 0.357388 0.628975 0.350699
4 8 0.531933 0.330391 0.532821 0.339829 0.505724 0.349926 0.481187 0.356594 0.450249 0.363262 0.428913 0.363262 0.413444 0.365929 0.377705 0.37393 0.346768 0.378597 0.316363 0.385932 0.277958 0.4006 0.253954 0.410602 0.226683 0.414948 0.213204 0.413544 0.200286 0.40863 0.1913 0.40161 0.190177 0.3981 0.200286 0.393887 0.206464 0.398802 0.217135 0.403014 0.230052 0.404418 0.241846 0.402312 0.261503 0.394589 0.286777 0.383357 0.315981 0.374932 0.35361 0.365806 0.380568 0.362296 0.424936 0.355276 0.438977 0.354574 0.457511 0.353169 0.490085 0.344043 0.507495 0.337023 0.523221 0.332109
3 8 0.531933 0.330391 0.549255 0.326505 0.558138 0.32706 0.564801 0.328725 0.573684 0.329281 0.594115 0.331501 0.615434 0.335943 0.626982 0.339829 0.630087 0.342498 0.628975 0.342895 0.628975 0.350116 0.605219 0.341495 0.593226 0.338719 0.584787 0.339274 0.574572 0.339274 0.563912 0.338719 0.552364 0.335388 0.541704 0.336498 0.532821 0.339829
1 8 0.669996 0.32654 0.673568 0.332861 0.678919 0.342895 0.679811 0.356273 0.679811 0.368536 0.678027 0.380799 0.673568 0.386373 0.679418 0.38994 0.691773 0.391228 0.703633 0.388263 0.714307 0.379368 0.716864 0.371981 0.717272 0.357131 0.715493 0.345271 0.709563 0.334894 0.701854 0.327481 0.690823 0.325285 0.677443 0.324724
2 14 0.747996 0.234569 0.747996 0.225674 0.755112 0.220486 0.765786 0.213814 0.773495 0.205661 0.778832 0.19899 0.78832 0.193801 0.791245 0.19162 0.795759 0.205263 0.796908 0.213879 0.800519 0.226497 0.802242 0.238088 0.80454 0.255835 0.80018 0.255324 0.796029 0.256806 0.790692 0.256806 0.781797 0.251618 0.775867 0.24717 0.769937 0.249394 0.764007 0.2531 0.756891 0.253841 0.751554 0.250135 0.748589 0.242723
4 14 0.667367 0.275423 0.668553 0.284318 0.65589 0.28817 0.638479 0.287468 0.625562 0.286064 0.608152 0.281149 0.599166 0.279043 0.575341 0.280855 0.565292 0.279285 0.545822 0.273789 0.523212 0.265938 0.511906 0.260442 0.496204 0.255732 0.483015 0.252592 0.466057 0.252592 0.440934 0.254162 0.426489 0.255732 0.410787 0.253377 0.388804 0.249451 0.369334 0.246311 0.359285 0.24317 0.346095 0.23846 0.311379 0.237104 0.296693 0.237104 0.268655 0.242945 0.247961 0.247952 0.226599 0.25129 0.210577 0.248786 0.195891 0.247118 0.181205 0.247118 0.1525 0.252959 0.120457 0.262138 0.099095 0.270482 0.083073 0.271317 0.069722 0.269648 0.055703 0.262972 0.036344 0.256297 0.021658 0.252124 0.016985 0.252124 0.012312 0.255462 0.006971 0.261303 0.006304 0.269648 0.006304 0.277992 0.010309 0.283833 0.01565 0.289675 0.022993 0.291343 0.030336 0.287171 0.035009 0.278827 0.036344 0.268813 0.041684 0.264641 0.04569 0.265476 0.047692 0.27382 0.046357 0.284668 0.039014 0.297185 0.028333 0.300522 0.019655 0.300522 0.012979 0.298019 0.001631 0.289675 0 0.283833 0 0.254628 0.005636 0.242945 0.012979 0.238773 0.024995 0.238773 0.036344 0.242111 0.049695 0.250455 0.060376 0.255462 0.071725 0.260469 0.082406 0.261303 0.098427 0.2588 0.115784 0.252124 0.131138 0.245449 0.158508 0.237104 0.17987 0.233766 0.194556 0.233766 0.211913 0.235435 0.228602 0.235435 0.241953 0.235435 0.259309 0.234601 0.271325 0.231263 0.286679 0.227925 0.299363 0.225422 0.318722 0.224587 0.334076 0.224587 0.345425 0.226256 0.354103 0.22876 0.368122 0.233766 0.389484 0.237939 0.409173 0.242759 0.4323 0.244241 0.451275 0.244241 0.4661 0.242759 0.479739 0.242759 0.492785 0.244983 0.510575 0.250913 0.527772 0.257584 0.545561 0.263514 0.566909 0.269444 0.582327 0.270185 0.594187 0.269444 0.608419 0.270926 0.617313 0.273891 0.630952 0.276856 0.644591 0.277597 0.659416 0.275374
3 14 0.667367 0.275423 0.681006 0.270976 0.698796 0.263563 0.717179 0.251703 0.73734 0.240585 0.748007 0.234718 0.748589 0.242723 0.750256 0.246889 0.738526 0.253927 0.722516 0.261339 0.713028 0.267269 0.702354 0.27394 0.69168 0.279129 0.679227 0.284318 0.668553 0.284318
1 14 0.79141 0.191825 0.792476 0.195723 0.795923 0.204647 0.796908 0.213367 0.800601 0.226292 0.802242 0.238088 0.803309 0.245884 0.804622 0.255937 0.81054 0.255971 0.818562 0.252359 0.826271 0.244947 0.830422 0.233828 0.832201 0.219003 0.829236 0.20492 0.821527 0.192318 0.813074 0.186491 0.803391 0.185875 0.795759 0.18844
1 20 0.779385 0.479364 0.773788 0.482162 0.769311 0.487759 0.767632 0.495454 0.768751 0.503149 0.773228 0.510844 0.778265 0.513643 0.7861 0.514342 0.793376 0.514342 0.792816 0.510145 0.789458 0.505248 0.785541 0.497553 0.782743 0.491956 0.781064 0.483561
4 20 0.90121 0.450427 0.903447 0.459515 0.911835 0.453573 0.926095 0.445185 0.939517 0.436796 0.946507 0.430505 0.960675 0.419009 0.973072 0.410154 0.98901 0.398716 1 0.390968 1 0.382113 0.988125 0.389861 0.973072 0.401668 0.963331 0.409785 0.949459 0.41864 0.939718 0.426019 0.93352 0.432291 0.925255 0.437825 0.908726 0.447049
3 20 0.83589 0.473189 0.846685 0.475942 0.856192 0.473845 0.870172 0.466505 0.88611 0.458466 0.90121 0.450427 0.903447 0.459515 0.891143 0.465806 0.878002 0.472447 0.870172 0.47734 0.863462 0.481884 0.85703 0.483282 0.850879 0.483632 0.845566 0.483981 0.836275 0.48282 0.836275 0.47336
2 20 0.779385 0.479364 0.781064 0.483561 0.782743 0.491956 0.785541 0.497553 0.789458 0.505248 0.792816 0.510145 0.793376 0.514342 0.799672 0.5135 0.806911 0.511413 0.817543 0.506983 0.825137 0.50192 0.833237 0.494959 0.836275 0.48863 0.836275 0.479137 0.836275 0.47336 0.829187 0.470196 0.819883 0.469563 0.807749 0.467903 0.797117 0.470237 0.788147 0.47359 0.782462 0.476197
1 26 0.851875 0.65332 0.846143 0.66058 0.842389 0.669965 0.841764 0.680131 0.841764 0.690297 0.846768 0.698899 0.853024 0.705937 0.86366 0.709065 0.864285 0.696553 0.865536 0.684823 0.868665 0.670747 0.872418 0.662144 0.876172 0.651978 0.876797 0.64494 0.868665 0.64494 0.861783 0.647286 0.856172 0.650684
4 26 0.975771 0.701219 0.97492 0.710785 1 0.715037 1 0.706002
3 26 0.911274 0.696722 0.91216 0.695171 0.912903 0.688211 0.929851 0.692184 0.944307 0.695904 0.953661 0.69803 0.966417 0.700156 0.975771 0.701219 0.97492 0.710785 0.958338 0.708659 0.931977 0.702813 0.916671 0.698561
2 26 0.86366 0.709065 0.864285 0.696553 0.865536 0.684823 0.868665 0.670747 0.872418 0.662144 0.876172 0.651978 0.876797 0.64494 0.888684 0.65667 0.898068 0.664491 0.906201 0.672311 0.910389 0.677454 0.913046 0.686866 0.91216 0.695171 0.907731 0.702922 0.900202 0.707905 0.893558 0.71012 0.884699 0.710673 0.877613 0.710673 0.86964 0.710673
2 32 0.126385 0.893296 0.115039 0.899501 0.105819 0.906593 0.104401 0.913685 0.105819 0.924323 0.110783 0.932301 0.116457 0.93762 0.124258 0.942938 0.132059 0.944711 0.137732 0.945598 0.141278 0.936733 0.143406 0.925209 0.142696 0.906593 0.141278 0.896842 0.134895 0.89241
4 32 0.168929 0.816228 0.175862 0.822005 0.182333 0.812183 0.197586 0.789073 0.212743 0.768824 0.227758 0.747709 0.241521 0.724249 0.255284 0.706263 0.268422 0.691405 0.284062 0.675765 0.298451 0.664817 0.314091 0.658561 0.330982 0.653869 0.343494 0.649959 0.361011 0.656215 0.379779 0.667163 0.404804 0.681239 0.427325 0.692969 0.446093 0.700007 0.46361 0.704699 0.480502 0.707045 0.496142 0.706263 0.511156 0.698443 0.528673 0.689841 0.543688 0.681239 0.558702 0.674201 0.570589 0.672637 0.584352 0.672637 0.598741 0.674983 0.615007 0.674983 0.638154 0.671855 0.666932 0.669509 0.681946 0.668727 0.707596 0.668727 0.735123 0.670291 0.753891 0.671073 0.757644 0.670291 0.755767 0.664035 0.741379 0.660125 0.71135 0.658561 0.679444 0.657779 0.662552 0.658561 0.639405 0.662471 0.616258 0.666381 0.602494 0.666381 0.588106 0.663253 0.568086 0.663253 0.550569 0.664035 0.538683 0.671073 0.523043 0.680457 0.505526 0.689841 0.493014 0.696879 0.480502 0.696879 0.462985 0.693751 0.44797 0.689059 0.428577 0.680457 0.410434 0.671855 0.387912 0.657779 0.377277 0.650741 0.361637 0.645267 0.348499 0.641357 0.330357 0.643703 0.304707 0.650741 0.289067 0.659343 0.257787 0.689841 0.240895 0.709391 0.229009 0.727377 0.209615 0.75553 0.178335 0.797758
3 32 0.135189 0.891913 0.143508 0.880936 0.149517 0.871114 0.153214 0.859559 0.157836 0.843382 0.165232 0.823161 0.168929 0.816228 0.175862 0.822005 0.173551 0.827783 0.170778 0.838182 0.164769 0.854359 0.16061 0.863603 0.159223 0.871692 0.155063 0.883247 0.149055 0.893646 0.141898 0.901101 0.141278 0.896842 0.135359 0.892732
1 32 0.105819 0.906593 0.097878 0.914183 0.092248 0.922003 0.089746 0.936079 0.089746 0.950155 0.091622 0.957193 0.096627 0.963449 0.102883 0.967359 0.11039 0.968141 0.117272 0.967359 0.126656 0.961103 0.13604 0.950937 0.137732 0.945598 0.132059 0.944711 0.124258 0.942938 0.116457 0.93762 0.110783 0.932301 0.105819 0.924323 0.104401 0.913685
0 8 0.683549 0.375348 0.680765 0.378715 0.681573 0.381746 0.683369 0.383654 0.684088 0.383991 0.68768 0.382307 0.688308 0.381185 0.68759 0.378266 0.686333 0.376246 0.684986 0.375909 0.683549 0.375348 0.682292 0.346276 0.683728 0.344816 0.683549 0.342122 0.682381 0.338418 0.680047 0.33752 0.67879 0.337745 0.676006 0.339204 0.676006 0.341449 0.677622 0.345378 0.679867 0.3465 0.682292 0.346276
0 20 0.781328 0.490332 0.780391 0.49248 0.779922 0.495312 0.780781 0.497754 0.782969 0.498437 0.783828 0.49873 0.785547 0.498535 0.785937 0.496484 0.785937 0.492969 0.784141 0.490137 0.7825 0.489941
0 26 0.860234 0.692285 0.858906 0.694238 0.859531 0.696875 0.861172 0.698926 0.862266 0.699902 0.863906 0.699805 0.865078 0.698828 0.865312 0.696289 0.864219 0.691992 0.862813 0.691797 0.861094 0.691895
1 1 0.284684 0.6232 0.288199 0.631108 0.297739 0.639769 0.307981 0.645166 0.319228 0.64479 0.326558 0.642279 0.330876 0.63889 0.320533 0.628849 0.316215 0.62207 0.310893 0.62207 0.306977 0.618932 0.304065 0.612029 0.305069 0.604121 0.308785 0.597719 0.313404 0.594706 0.314609 0.587426 0.311797 0.582029 0.308282 0.582405 0.300149 0.588179 0.29081 0.595962 0.285688 0.604121 0.283881 0.613535 0.28368 0.618932
2 1 0.311953 0.581934 0.315814 0.581276 0.327563 0.586548 0.337805 0.58843 0.342625 0.591819 0.345939 0.598723 0.344835 0.608639 0.342324 0.618179 0.337203 0.6291 0.331178 0.639016 0.31973 0.628597 0.316617 0.622572 0.311094 0.622321 0.306776 0.619434 0.304266 0.612782 0.304768 0.60387 0.308985 0.59684 0.313705 0.594581 0.314508 0.587928
0 1 0.305391 0.625098 0.305391 0.620117 0.303594 0.616602 0.301172 0.614551 0.299766 0.614258 0.296484 0.61543 0.294141 0.617871 0.294844 0.622168 0.298047 0.626074 0.300469 0.627539 0.303203 0.626465 0.305391 0.625098 0.310547 0.625684 0.310469 0.627344 0.310859 0.630664 0.313437 0.633984 0.316328 0.634766 0.318672 0.633789 0.319141 0.631055 0.318203 0.626758 0.316016 0.624609 0.313437 0.623926 0.312656 0.624512 0.310547 0.625684
3 1 0.343672 0.591699 0.352734 0.5875 0.363281 0.579004 0.370156 0.564746 0.373437 0.561523 0.379062 0.562891 0.378828 0.569238 0.374141 0.578613 0.371719 0.585059 0.360703 0.594238 0.345859 0.599512 0.342656 0.592676
0 32 0.124654 0.940681 0.123239 0.942646 0.124025 0.9452 0.125676 0.946281 0.126776 0.946281 0.128348 0.943825 0.128348 0.941762 0.127091 0.94019 0.125519 0.939993
