2 6 0.142815 0.131384 0.136463 0.106238 0.127993 0.097414 0.123405 0.094767 0.120581 0.094767 0.117758 0.094767 0.11564 0.094767 0.112464 0.096532 0.10717 0.101385 0.10117 0.119031 0.099053 0.126531 0.096548 0.137944 0.102229 0.140207 0.106111 0.141089 0.11317 0.142413 0.119522 0.142854 0.130463 0.144177 0.133992 0.147266 0.136463 0.147266 0.141051 0.146824 0.143521 0.144619
1 6 0.096548 0.137944 0.102229 0.140207 0.106111 0.141089 0.11317 0.142413 0.119522 0.142854 0.130463 0.144177 0.133992 0.147266 0.136463 0.147266 0.141051 0.146824 0.143521 0.144619 0.143035 0.153637 0.140058 0.162194 0.134404 0.173355 0.131428 0.177819 0.127856 0.181539 0.122797 0.183399 0.114043 0.183629 0.106428 0.180795 0.102896 0.177198 0.100773 0.172611 0.098988 0.162938 0.097797 0.155498 0.096904 0.146569
3 6 0.115287 0.094964 0.11754 0.07838 0.119445 0.057345 0.119445 0.014082 0.117857 0 0.12262 0 0.125478 0.016463 0.124843 0.048216 0.124525 0.073221 0.121745 0.094767 0.11564 0.094767
4 24 0.89568 0.419931 0.887444 0.429684 0.876173 0.451359 0.850598 0.491998 0.831525 0.526677 0.822855 0.548352 0.811151 0.567317 0.802915 0.578154 0.786009 0.592242 0.757012 0.614279 0.736189 0.626631 0.72419 0.631484 0.713602 0.637219 0.701603 0.646483 0.694897 0.656189 0.690309 0.665894 0.684079 0.675492 0.679138 0.675051 0.689373 0.654317 0.697843 0.640199 0.71196 0.627406 0.723607 0.620347 0.73243 0.617259 0.747606 0.611083 0.761723 0.603142 0.773016 0.594319 0.787133 0.582407 0.79878 0.570055 0.813752 0.546184 0.829357 0.516924 0.84713 0.488747 0.864036 0.462738 0.880075 0.434019 0.893513 0.412345 0.89568 0.419931 0.895669 0.419453 0.893516 0.411763 0.904435 0.401575 0.913047 0.398307 0.923967 0.398307 0.942883 0.404651 0.958108 0.410418 0.977178 0.420222 0.999219 0.431842 0.998708 0.440791 0.97687 0.42695 0.937346 0.409649 0.921967 0.40542 0.909818 0.406188 0.895977 0.418684 0.895669 0.419453
1 24 0.675803 0.801472 0.679886 0.802748 0.687712 0.800621 0.693497 0.804024 0.695699 0.80363 0.69814 0.804265 0.702344 0.803598 0.703365 0.802748 0.705407 0.801897 0.708469 0.800196 0.716976 0.800196 0.719401 0.800451 0.724462 0.796367 0.72818 0.804084 0.729541 0.81727 0.727159 0.829179 0.724096 0.838963 0.721374 0.842791 0.714569 0.845343 0.705381 0.846619 0.696534 0.844067 0.690069 0.838963 0.685305 0.830881 0.681222 0.822799 0.675437 0.808337
2 24 0.675803 0.801472 0.677844 0.792114 0.678525 0.782756 0.678865 0.777227 0.679205 0.773398 0.680907 0.767444 0.681587 0.764891 0.68533 0.761914 0.691796 0.761063 0.699282 0.761063 0.702004 0.763615 0.705407 0.767444 0.708809 0.771697 0.711872 0.776801 0.715955 0.786584 0.718677 0.78786 0.72174 0.790412 0.724462 0.796367 0.719503 0.800196 0.716976 0.800196 0.708469 0.800196 0.705407 0.801897 0.703365 0.802748 0.702344 0.803598 0.697327 0.804265 0.695699 0.803502 0.693497 0.804024 0.687712 0.800621 0.679886 0.802748
3 24 0.67208 0.707256 0.675256 0.685639 0.679138 0.675051 0.684079 0.675492 0.679138 0.696227 0.678786 0.709903 0.680197 0.72402 0.681609 0.739902 0.688952 0.761437 0.68533 0.761914 0.682326 0.764304 0.677021 0.751372 0.673845 0.737696 0.67208 0.720932
0 24 0.717014 0.829834 0.719055 0.830259 0.720757 0.831961 0.721437 0.834513 0.721097 0.83749 0.718034 0.840043 0.714291 0.83749 0.713951 0.834088 0.714632 0.831536 0.716333 0.830259 0.717014 0.829834 0.714969 0.819929 0.72214 0.818571 0.724313 0.815176 0.725509 0.810829 0.724422 0.807434 0.72051 0.802137 0.717359 0.799828 0.710405 0.799692 0.706493 0.801458 0.703342 0.802952 0.700409 0.804717 0.699539 0.808249 0.699865 0.813953 0.703886 0.817349 0.714969 0.819929
4 12 0.502554 0.663553 0.467759 0.68603 0.446016 0.704592 0.414197 0.72912 0.376296 0.755873 0.352658 0.779226 0.318668 0.811095 0.296865 0.837781 0.27688 0.869577 0.265978 0.89172 0.260982 0.924651 0.255986 0.969506 0.254623 1 0.242813 1 0.248718 0.951337 0.253715 0.911025 0.257803 0.89172 0.26507 0.873551 0.280059 0.852543 0.300872 0.819737 0.332029 0.789038 0.373082 0.751466 0.409737 0.7226 0.442726 0.6974 0.477548 0.669909 0.501569 0.654519
2 12 0.547692 0.589023 0.551294 0.577123 0.556182 0.567796 0.561328 0.561042 0.562872 0.561042 0.566217 0.561685 0.570848 0.566509 0.572392 0.568118 0.576766 0.574228 0.578567 0.577766 0.581654 0.582269 0.585514 0.58645 0.587929 0.590018 0.590703 0.590723 0.592812 0.591797 0.594844 0.592871 0.596094 0.593164 0.590469 0.599316 0.588281 0.602051 0.584227 0.605747 0.577023 0.612823 0.571105 0.617325 0.567246 0.618934 0.5621 0.618934 0.557983 0.61829 0.55258 0.614752 0.548721 0.610893 0.547949 0.605104 0.547692 0.596098
1 12 0.561328 0.561042 0.568532 0.553001 0.578052 0.547855 0.584999 0.546569 0.590145 0.546569 0.59632 0.548499 0.600694 0.552358 0.603781 0.562007 0.603781 0.567796 0.603524 0.572299 0.601466 0.581304 0.600694 0.584842 0.596328 0.592969 0.594922 0.592578 0.592734 0.591699 0.590938 0.590625 0.587929 0.590018 0.585514 0.58645 0.581654 0.582269 0.578567 0.577766 0.576766 0.574228 0.572392 0.568118 0.570848 0.566509 0.566217 0.561685 0.562872 0.561042
3 12 0.501569 0.654519 0.513395 0.646306 0.526206 0.63563 0.541318 0.618794 0.548683 0.61061 0.548721 0.610893 0.55258 0.614752 0.553138 0.615118 0.54712 0.6217 0.531886 0.638362 0.510438 0.658215 0.502554 0.663553
4 30 0.685863 0.563149 0.684535 0.558446 0.698908 0.548956 0.713437 0.540501 0.728969 0.531107 0.765292 0.509501 0.788589 0.491965 0.80412 0.478813 0.818399 0.466288 0.82917 0.454076 0.858601 0.425025 0.882406 0.40647 0.90257 0.393517 0.912372 0.389317 0.923014 0.388966 0.931416 0.388966 0.939818 0.391067 0.977906 0.408571 1 0.415923 1 0.422574 0.987708 0.418373 0.957461 0.40647 0.942618 0.399469 0.926935 0.394918 0.918813 0.394568 0.906491 0.397018 0.893048 0.40402 0.880445 0.412422 0.862801 0.429225 0.834235 0.454431 0.823313 0.467034 0.81043 0.480687 0.790546 0.496791 0.761956 0.516132 0.746013 0.525947 0.718887 0.542604 0.692712 0.558963
2 30 0.606641 0.64248 0.609027 0.639377 0.610541 0.637214 0.612487 0.635592 0.614434 0.632618 0.618543 0.628292 0.628059 0.619371 0.632601 0.617208 0.635845 0.615046 0.639305 0.612883 0.64363 0.612072 0.646226 0.611802 0.647523 0.612072 0.650335 0.612883 0.652281 0.614775 0.653363 0.616397 0.654444 0.61883 0.655309 0.622075 0.656174 0.62613 0.65639 0.631266 0.655958 0.635321 0.654876 0.639377 0.655525 0.645054 0.655525 0.649379 0.656823 0.652894 0.657904 0.656678 0.657688 0.661004 0.655938 0.663281 0.653795 0.667762 0.647956 0.666681 0.647523 0.666681 0.644063 0.665329 0.641251 0.663437 0.635845 0.662626 0.632891 0.660156 0.630156 0.657129 0.626953 0.654492 0.625312 0.653613 0.623846 0.652273 0.622486 0.650573 0.620038 0.649553 0.617317 0.649553 0.614531 0.648633 0.613125 0.648535 0.609844 0.645996 0.608378 0.644513
1 30 0.653795 0.667664 0.647956 0.666583 0.647523 0.666583 0.644063 0.665231 0.641251 0.663339 0.635845 0.662528 0.632656 0.659863 0.630625 0.657324 0.626875 0.654199 0.625 0.653613 0.623846 0.652175 0.622486 0.650475 0.620038 0.649455 0.617317 0.649455 0.615078 0.648242 0.612734 0.647949 0.611094 0.646777 0.609063 0.644922 0.606875 0.642578 0.605567 0.644956 0.604485 0.653066 0.604269 0.660095 0.605783 0.664961 0.60946 0.67172 0.612704 0.676315 0.615083 0.67983 0.617894 0.681993 0.620922 0.683885 0.624599 0.685507 0.62914 0.686588 0.632601 0.686588 0.63671 0.686588 0.641684 0.684426 0.644063 0.682804 0.647307 0.6801 0.651632 0.673342
3 30 0.647338 0.612033 0.65001 0.606582 0.652002 0.601879 0.659305 0.586941 0.661297 0.583621 0.663953 0.578641 0.667273 0.573662 0.671478 0.568682 0.67856 0.562319 0.684535 0.558446 0.685863 0.563149 0.67856 0.570065 0.670592 0.583898 0.663068 0.593857 0.655986 0.606029 0.652855 0.615636 0.652281 0.614775 0.650335 0.612883 0.647523 0.612072
2 17 0.838415 0.830878 0.833192 0.840095 0.825818 0.84624 0.821823 0.848161 0.815679 0.851233 0.813528 0.852385 0.809841 0.853538 0.807997 0.852001 0.806768 0.850849 0.805232 0.847393 0.803082 0.8424 0.800316 0.833182 0.799087 0.827805 0.797551 0.823197 0.797551 0.81782 0.797551 0.813595 0.798166 0.80745 0.799702 0.802457 0.800624 0.799385 0.801389 0.797537 0.803463 0.798648 0.805734 0.800006 0.808105 0.801241 0.812253 0.804574 0.817784 0.806549 0.821516 0.807834 0.825203 0.810139 0.828056 0.811735 0.832599 0.812475 0.843167 0.816796 0.841587 0.822599 0.840703 0.825879
1 17 0.839315 0.815191 0.834179 0.813216 0.831719 0.812109 0.827812 0.811426 0.825203 0.810139 0.821516 0.807834 0.8175 0.806445 0.812109 0.804297 0.805156 0.799609 0.801719 0.797559 0.802578 0.794043 0.805847 0.786327 0.812299 0.778262 0.821209 0.770964 0.826125 0.769428 0.834421 0.770196 0.8378 0.772501 0.842716 0.777109 0.845789 0.785559 0.846096 0.790552 0.845789 0.80745 0.84456 0.812059 0.843464 0.816673
4 17 0.8117 0.91957 0.811746 0.943261 0.811131 0.970914 0.812053 1 0.804372 1 0.804372 0.955167 0.804456 0.920046
3 17 0.804075 0.897647 0.804456 0.872388 0.807052 0.851115 0.807997 0.852001 0.809841 0.853538 0.813528 0.852385 0.81554 0.851307 0.813607 0.859043 0.813225 0.870005 0.8117 0.89574 0.811319 0.911468 0.8117 0.91957 0.804456 0.920046
0 12 0.587891 0.591895 0.587578 0.593652 0.588203 0.597852 0.589687 0.599023 0.592266 0.597949 0.594844 0.594336 0.593359 0.591504 0.591016 0.590625 0.589375 0.590527 0.588594 0.591406
0 30 0.614628 0.657101 0.614177 0.660201 0.614516 0.661611 0.616996 0.663724 0.6188 0.663161 0.619701 0.660906 0.6188 0.657947 0.617785 0.656537 0.616545 0.657101
