4 7 0.907081 0.306758 0.911737 0.303849 0.9123 0.304553 0.917833 0.3107 0.92603 0.325045 0.939759 0.345793 0.952874 0.360393 0.965374 0.372432 0.978694 0.386264 0.991194 0.39651 1 0.404451 1 0.412135 0.973161 0.390619 0.948776 0.367565 0.931767 0.346305 0.919882 0.330168 0.9123 0.317873
3 7 0.881404 0.272725 0.885679 0.271961 0.889102 0.269259 0.890542 0.264659 0.894066 0.27328 0.899747 0.281801 0.912018 0.303673 0.907019 0.306797 0.897475 0.292311 0.887022 0.278108
2 7 0.840547 0.23877 0.843115 0.236332 0.846535 0.23372 0.849004 0.23087 0.849207 0.230644 0.850938 0.229883 0.852812 0.227539 0.853483 0.223838 0.853624 0.223969 0.853754 0.223745 0.856604 0.218045 0.857902 0.216328 0.857663 0.216308 0.864044 0.211746 0.865914 0.210683 0.867054 0.209258 0.868828 0.206738 0.870625 0.203906 0.878473 0.21454 0.882256 0.221745 0.884958 0.229627 0.889282 0.241111 0.890903 0.248542 0.890903 0.256424 0.890723 0.26408 0.889102 0.269259 0.885679 0.271961 0.880635 0.272862 0.87397 0.271736 0.8628 0.265431 0.854334 0.259351 0.846407 0.249218 0.841903 0.240436
1 7 0.833805 0.214246 0.834185 0.208071 0.835895 0.203559 0.838935 0.199284 0.842355 0.196672 0.845395 0.195484 0.849194 0.194059 0.852424 0.194059 0.859264 0.195009 0.862874 0.196197 0.866797 0.19834 0.870391 0.203613 0.869063 0.206445 0.867054 0.209258 0.865914 0.210683 0.864044 0.211746 0.860469 0.214062 0.857663 0.216308 0.857902 0.216328 0.856604 0.218045 0.853754 0.223745 0.853624 0.223969 0.853483 0.223838 0.852969 0.227246 0.850391 0.230078 0.849207 0.230644 0.849004 0.23087 0.846535 0.23372 0.843115 0.236332 0.840547 0.23916 0.836845 0.232057 0.834185 0.22612 0.833805 0.22137
0 7 0.851355 0.222628 0.852734 0.224316 0.853594 0.225977 0.852891 0.227539 0.852109 0.229785 0.85 0.231094 0.847871 0.229885 0.846517 0.226499 0.846904 0.22408 0.848258 0.222144 0.851355 0.222628 0.855204 0.214003 0.857663 0.216308 0.860313 0.215137 0.862266 0.213574 0.863359 0.211621 0.862891 0.210352 0.861641 0.20791 0.859507 0.20555 0.857458 0.20555 0.856433 0.206062 0.854794 0.208368 0.854384 0.210929 0.855204 0.214003
4 14 0.429282 0.078004 0.429868 0.075438 0.431628 0.075438 0.43808 0.078737 0.446291 0.084602 0.453329 0.094867 0.458901 0.106231 0.464473 0.120161 0.464868 0.132134 0.464265 0.145335 0.462455 0.157028 0.459135 0.167589 0.453704 0.180036 0.448876 0.194747 0.446764 0.207571 0.448272 0.220772 0.449781 0.229825 0.452799 0.235483 0.457928 0.243781 0.464868 0.24793 0.472714 0.250193 0.479352 0.252079 0.486293 0.252456 0.496552 0.252456 0.514355 0.252079 0.530046 0.25321 0.547849 0.262263 0.571622 0.285732 0.5855 0.305144 0.600369 0.331991 0.628378 0.39604 0.648585 0.445209 0.670937 0.502826 0.680533 0.536763 0.68849 0.559875 0.695746 0.57421 0.699725 0.578891 0.699725 0.578891 0.693709 0.582814 0.69386 0.583094 0.693516 0.582922 0.684739 0.565768 0.6778 0.551312 0.66954 0.529422 0.66194 0.501336 0.64898 0.468908 0.628745 0.414288 0.615548 0.383495 0.592118 0.331344 0.579728 0.309925 0.567865 0.293778 0.555427 0.279091 0.544879 0.271316 0.534061 0.264554 0.526759 0.261512 0.517293 0.261512 0.507827 0.262188 0.498902 0.262864 0.485109 0.262864 0.471316 0.26016 0.460497 0.25475 0.44995 0.244608 0.444541 0.234804 0.44011 0.219594 0.438398 0.207828 0.439254 0.198201 0.441821 0.187147 0.444959 0.17752 0.448097 0.16825 0.452661 0.154701 0.456654 0.141151 0.456939 0.130455 0.455228 0.119758 0.452375 0.109061 0.445529 0.095512 0.437543 0.086598 0.432508 0.082769
3 14 0.693709 0.582814 0.700095 0.578649 0.707995 0.593363 0.713457 0.604741 0.7173 0.612579 0.72175 0.618394 0.722197 0.619018 0.721652 0.619044 0.715832 0.622094 0.713069 0.626362 0.706481 0.610579 0.701206 0.596697
2 14 0.709262 0.650486 0.70945 0.645559 0.710764 0.640162 0.711703 0.636407 0.712641 0.63148 0.712641 0.627022 0.715832 0.622094 0.721652 0.619044 0.72672 0.618809 0.731976 0.618574 0.737044 0.616228 0.743615 0.614585 0.749246 0.61482 0.752437 0.616932 0.757318 0.623267 0.759348 0.626249 0.755702 0.628873 0.752608 0.633431 0.74653 0.638404 0.7399 0.644482 0.733933 0.648902 0.726087 0.656084 0.721778 0.659814 0.714143 0.668085 0.711327 0.662688 0.709262 0.655414
1 14 0.720562 0.678599 0.717358 0.674593 0.714043 0.667687 0.719126 0.663267 0.723104 0.658985 0.727524 0.654012 0.733933 0.648763 0.739127 0.644896 0.745094 0.639509 0.752497 0.633017 0.755702 0.628873 0.759569 0.625834 0.769144 0.644151 0.771397 0.651425 0.773274 0.659403 0.773274 0.670431 0.772711 0.678174 0.769144 0.685214 0.764451 0.688499 0.755065 0.692957 0.745867 0.692957 0.739297 0.692488 0.731413 0.689437 0.725031 0.682163
0 14 0.734833 0.68012 0.735052 0.676556 0.735149 0.673074 0.738022 0.671693 0.739877 0.672993 0.741412 0.673267 0.742289 0.674912 0.743604 0.679297 0.743385 0.683409 0.741631 0.684231 0.738342 0.683683
4 18 0.446439 0.917143 0.447746 0.914282 0.454612 0.913056 0.460825 0.913056 0.474883 0.918778 0.484365 0.921638 0.491885 0.921638 0.503982 0.91796 0.514118 0.909378 0.532754 0.886491 0.546486 0.864013 0.558393 0.84238 0.561971 0.83206 0.566924 0.814172 0.571603 0.794908 0.575455 0.7753 0.578483 0.751908 0.58206 0.734365 0.584812 0.723013 0.585638 0.716133 0.586102 0.715359 0.585936 0.71587 0.595739 0.71622 0.58899 0.748762 0.585393 0.772058 0.581143 0.792084 0.574931 0.815788 0.569046 0.839083 0.565122 0.8493 0.556949 0.864013 0.549756 0.877909 0.536024 0.899569 0.52458 0.910604 0.513464 0.922047 0.503328 0.926951 0.492212 0.93063 0.481423 0.930221 0.470633 0.92736 0.462786 0.923682 0.455593 0.92123 0.449054 0.919595
3 18 0.585936 0.71587 0.589611 0.704564 0.596394 0.687604 0.600352 0.672765 0.601456 0.666416 0.601765 0.667112 0.608549 0.672412 0.609093 0.672358 0.602047 0.695731 0.595829 0.716223
2 18 0.596677 0.648739 0.598373 0.639906 0.603178 0.632133 0.614202 0.62436 0.625791 0.617294 0.631726 0.618 0.632857 0.618707 0.636814 0.6233 0.640489 0.6392 0.639358 0.648386 0.637379 0.654039 0.63427 0.660399 0.627486 0.666405 0.619289 0.671352 0.608549 0.672412 0.601765 0.667112 0.597525 0.657572
4 26 0.379001 0.335048 0.38574 0.331602 0.389489 0.343319 0.398496 0.360387 0.406049 0.37564 0.414184 0.393072 0.422028 0.414135 0.440469 0.464085 0.482938 0.576287 0.495244 0.604747 0.506628 0.625899 0.514627 0.633975 0.527549 0.642051 0.537702 0.645512 0.548471 0.645512 0.557701 0.643974 0.567854 0.642436 0.581391 0.638205 0.596159 0.634744 0.60785 0.627437 0.60739 0.629163 0.603178 0.632133 0.598373 0.639906 0.598114 0.641254 0.590396 0.645158 0.579209 0.648316 0.566938 0.651474 0.552503 0.654632 0.538067 0.654181 0.523993 0.651023 0.515693 0.646061 0.509918 0.64155 0.500535 0.631625 0.489709 0.614032 0.480687 0.593732 0.470582 0.567117 0.461199 0.544561 0.450733 0.514788 0.431567 0.459104 0.421646 0.431286 0.416016 0.415869 0.410117 0.400452 0.399928 0.378667 0.389471 0.358893 0.379819 0.338113
3 26 0.356885 0.276009 0.357378 0.27606 0.362275 0.275448 0.365265 0.273292 0.369921 0.285222 0.378797 0.308206 0.385772 0.331586 0.378797 0.335152 0.374042 0.317717 0.366751 0.296714 0.360093 0.280863
2 26 0.32552 0.248953 0.33057 0.249465 0.330215 0.247982 0.330563 0.24537 0.33213 0.243846 0.334548 0.244048 0.335015 0.240353 0.337137 0.235048 0.339586 0.232395 0.34383 0.230763 0.34791 0.228111 0.352644 0.224642 0.355419 0.220561 0.355538 0.217142 0.356725 0.217501 0.361295 0.220969 0.36554 0.22607 0.368478 0.2326 0.370273 0.238313 0.371906 0.244842 0.372395 0.251779 0.372232 0.259125 0.37011 0.26749 0.366519 0.272387 0.362275 0.275448 0.357378 0.27606 0.351502 0.275448 0.346605 0.273612 0.340728 0.269735 0.334525 0.263614 0.331097 0.258513 0.32767 0.253004 0.325548 0.249127
1 26 0.31608 0.22607 0.316733 0.221173 0.317876 0.21648 0.320161 0.211991 0.323426 0.207911 0.328975 0.204646 0.333872 0.203422 0.340402 0.202606 0.345788 0.203422 0.349216 0.205258 0.352154 0.208115 0.354276 0.211379 0.355582 0.215868 0.355419 0.220561 0.352644 0.224642 0.34791 0.228111 0.34383 0.230763 0.339586 0.232395 0.337137 0.235048 0.335015 0.240353 0.334548 0.244048 0.33213 0.243846 0.330563 0.24537 0.330215 0.247982 0.33057 0.249465 0.325221 0.248923 0.321793 0.24627 0.318855 0.241781 0.316407 0.236476 0.31608 0.230967
0 26 0.329164 0.236846 0.325962 0.237899 0.32394 0.236003 0.323603 0.232633 0.324783 0.229474 0.327479 0.229263 0.329501 0.232212 0.329501 0.234739 0.329164 0.236846 0.33213 0.243846 0.334742 0.244064 0.337903 0.226396 0.335239 0.223322 0.335854 0.218967 0.336674 0.216918 0.340362 0.215637 0.345111 0.215603 0.347042 0.218143 0.347346 0.221699 0.345213 0.225508 0.341182 0.226652 0.337903 0.226396 0.334742 0.244064 0.337006 0.245152 0.337006 0.248417 0.336657 0.251029 0.335264 0.251682 0.332304 0.251464 0.330737 0.250158 0.330215 0.247982 0.330563 0.24537 0.33213 0.243846
4 34 0 0.714036 0.010745 0.717807 0.019795 0.720549 0.042832 0.720549 0.050237 0.719178 0.06587 0.713007 0.080131 0.705808 0.093021 0.697581 0.114138 0.682154 0.137998 0.659871 0.15747 0.636902 0.162125 0.641755 0.135914 0.67133 0.120885 0.684359 0.109008 0.697387 0.094465 0.708598 0.07677 0.719202 0.063681 0.72405 0.051319 0.727383 0.040654 0.728595 0.027474 0.728777 0.011293 0.725349 0 0.721235
2 34 0.261393 0.538804 0.264867 0.54112 0.269177 0.54189 0.266604 0.546916 0.261513 0.553885 0.253514 0.56146 0.24188 0.572064 0.233281 0.577637 0.230313 0.572363 0.23073 0.571155 0.23582 0.568125 0.243092 0.56146 0.249151 0.552067 0.257393 0.539342 0.260801 0.532391 0.261393 0.538804 0.261393 0.538804 0.260698 0.531276 0.261856 0.521142 0.264636 0.513036 0.269268 0.501165 0.272717 0.491995 0.277397 0.484549 0.282715 0.476572 0.286544 0.472317 0.28782 0.47737 0.290373 0.480029 0.296117 0.484018 0.300159 0.486677 0.304413 0.491463 0.304413 0.499612 0.304626 0.499441 0.303233 0.506346 0.302499 0.509811 0.30101 0.515661 0.30335 0.52098 0.30517 0.524327 0.293821 0.532145 0.283861 0.537356 0.275522 0.540831 0.269732 0.541989 0.264867 0.54112 0.261393 0.538804
1 34 0.286531 0.472098 0.289948 0.469392 0.293564 0.46567 0.302499 0.459554 0.310157 0.455831 0.315688 0.455033 0.320794 0.456363 0.323572 0.45936 0.326325 0.466467 0.328027 0.474445 0.327601 0.484815 0.324197 0.495186 0.318879 0.50662 0.311859 0.516459 0.304844 0.524023 0.30335 0.52098 0.30101 0.515661 0.302499 0.509811 0.303233 0.506346 0.304626 0.499441 0.304413 0.499612 0.304413 0.491463 0.300159 0.486677 0.296117 0.484018 0.290373 0.480029 0.28782 0.47737
0 34 0.309636 0.49992 0.310486 0.502313 0.310274 0.504707 0.308359 0.507897 0.305168 0.509227 0.302403 0.5071 0.30219 0.503643 0.305168 0.50125 0.309636 0.49992 0.314651 0.486369 0.312566 0.483763 0.312566 0.480578 0.314419 0.477683 0.316272 0.475656 0.318589 0.474498 0.32021 0.475656 0.320905 0.478551 0.320673 0.482026 0.318589 0.484921 0.316967 0.486658 0.314651 0.486369
4 42 0 0.771371 0.038442 0.766775 0.073897 0.762179 0.104099 0.756927 0.152105 0.744771 0.192611 0.73477 0.259775 0.721878 0.2873 0.71867 0.299196 0.717504 0.29933 0.717549 0.299259 0.717556 0.299489 0.725507 0.264564 0.728038 0.236463 0.73329 0.209675 0.738215 0.172645 0.747407 0.139816 0.755942 0.106462 0.764477 0.078361 0.76973 0.049997 0.773998 0 0.777937
3 42 0.299259 0.717556 0.3044 0.717042 0.32435 0.716527 0.338747 0.716527 0.344315 0.715317 0.342569 0.719683 0.34218 0.72648 0.342228 0.726663 0.299496 0.725739
2 42 0.34218 0.72648 0.342569 0.719683 0.345287 0.712887 0.349947 0.707789 0.357132 0.704391 0.3649 0.702207 0.387231 0.702207 0.394191 0.702419 0.39003 0.704276 0.387188 0.709828 0.386477 0.71871 0.384346 0.724928 0.382924 0.731368 0.381503 0.739362 0.381503 0.744025 0.38399 0.747356 0.384315 0.747383 0.382725 0.747832 0.373132 0.747832 0.363361 0.746722 0.3559 0.743169 0.349149 0.737395 0.343465 0.731399
1 42 0.381503 0.739362 0.382924 0.731368 0.384346 0.724928 0.386477 0.71871 0.387188 0.709828 0.39003 0.704276 0.395005 0.702056 0.397847 0.702278 0.402999 0.703832 0.406552 0.706497 0.409572 0.711826 0.412236 0.71871 0.412947 0.722485 0.412414 0.727593 0.409927 0.733588 0.407085 0.738252 0.401222 0.742693 0.39607 0.746246 0.38932 0.7478 0.38399 0.747356 0.381503 0.744025
0 42 0.376425 0.728927 0.375051 0.731289 0.371271 0.733221 0.368007 0.733221 0.361994 0.732148 0.359589 0.727423 0.359589 0.721196 0.361994 0.717545 0.365946 0.716257 0.370241 0.715612 0.374879 0.718189 0.376769 0.721625 0.376425 0.728927 0.386561 0.732148 0.389654 0.73043 0.393433 0.719263 0.390169 0.718189 0.388279 0.716042 0.388623 0.71325 0.389997 0.712176 0.391715 0.712391 0.394636 0.713465 0.39601 0.715612 0.395838 0.717975 0.393433 0.719263 0.389654 0.73043 0.393605 0.731933 0.393605 0.735798 0.391543 0.737516 0.388279 0.737302 0.386561 0.734725 0.386561 0.732148
3 34 0.15625 0.636601 0.175664 0.617618 0.199775 0.594329 0.230304 0.571432 0.233364 0.577695 0.21637 0.590807 0.19633 0.606854 0.173159 0.628186 0.162199 0.641103
