4 7 0.576357 0.299519 0.633111 0.238922 0.684856 0.175575 0.697207 0.162995 0.70727 0.156134 0.713674 0.152703 0.719163 0.148129 0.775884 0.090379 0.799213 0.062361 0.845871 0 0.853647 0 0.795785 0.076613 0.776597 0.099067 0.721891 0.15367 0.711685 0.163366 0.701479 0.168469 0.697396 0.171021 0.674534 0.198067 0.628402 0.255733 0.581862 0.303702 0.58173 0.303743 0.576357 0.299611
3 7 0.544223 0.34408 0.549691 0.339524 0.565522 0.314787 0.576077 0.299395 0.581794 0.303793 0.548028 0.354858
2 7 0.501406 0.358887 0.506593 0.350518 0.513629 0.340073 0.524184 0.334027 0.534299 0.336775 0.543974 0.343372 0.55057 0.362062 0.55101 0.376904 0.547492 0.3846 0.537969 0.395508 0.536484 0.397168 0.534922 0.398633 0.527578 0.388477 0.519219 0.383789 0.511406 0.369922 0.50375 0.361328
1 7 0.50142 0.358743 0.496446 0.366204 0.495452 0.375529 0.496446 0.38672 0.50142 0.395424 0.508383 0.402885 0.514352 0.405993 0.521812 0.405993 0.529062 0.402734 0.534844 0.398926 0.531562 0.393555 0.527813 0.388086 0.519297 0.383789 0.511094 0.369727 0.503047 0.360742
0 7 0.511865 0.379881 0.512362 0.374908 0.510373 0.371177 0.506891 0.367447 0.504902 0.365582 0.502912 0.366825 0.500923 0.373042 0.502415 0.378016 0.507886 0.380503 0.511865 0.379881 0.519794 0.388246 0.5188 0.391355 0.519794 0.395085 0.524768 0.397572 0.529244 0.397572 0.529742 0.394464 0.528747 0.390112 0.52626 0.387625 0.522281 0.387003 0.519794 0.388246
1 14 0.710364 0.59664 0.711683 0.592242 0.721798 0.57795 0.722677 0.580148 0.723117 0.582897 0.723997 0.589494 0.734991 0.598839 0.741587 0.603236 0.742467 0.604886 0.743047 0.605859 0.741148 0.608184 0.733232 0.612032 0.726196 0.612032 0.71828 0.610383 0.713882 0.606535 0.710804 0.601587
0 14 0.722677 0.599938 0.725756 0.59664 0.732792 0.599938 0.73587 0.601038 0.73675 0.602137 0.735431 0.605985 0.731473 0.607084 0.725316 0.606535 0.722677 0.602137
3 14 0.760183 0.559259 0.760937 0.55871 0.77457 0.549365 0.800956 0.528476 0.805794 0.522979 0.809752 0.527926 0.765759 0.567064 0.765775 0.566955 0.764895 0.562008 0.761817 0.559259
4 14 0.806 0.523237 0.855381 0.485097 0.87661 0.463664 0.882326 0.454478 0.884775 0.449375 0.889674 0.439679 0.894165 0.432025 0.911311 0.415184 0.95826 0.371808 1 0.340679 1 0.350885 0.953361 0.383545 0.914577 0.422329 0.899472 0.438659 0.891715 0.454989 0.888041 0.464685 0.883142 0.469278 0.859055 0.491221 0.809391 0.527476
2 14 0.722238 0.575751 0.724876 0.572453 0.728394 0.568055 0.73675 0.563657 0.754341 0.559259 0.761817 0.559259 0.764895 0.562008 0.765775 0.566955 0.764895 0.573002 0.759618 0.587844 0.751702 0.598839 0.743347 0.605985 0.742467 0.604886 0.741587 0.603236 0.734991 0.598839 0.723997 0.589494 0.723117 0.582897 0.722677 0.580148 0.721798 0.57795
4 24 0.601454 0.477115 0.607577 0.478136 0.610027 0.479157 0.630031 0.587343 0.629991 0.587844 0.629772 0.587033 0.622237 0.591219
3 24 0.621856 0.591431 0.629772 0.587033 0.64733 0.651856 0.638471 0.66102 0.638567 0.658496 0.624494 0.606823
1 24 0.630048 0.69771 0.638889 0.686008 0.64565 0.682107 0.654492 0.677557 0.663333 0.671056 0.667494 0.663255 0.671654 0.660004 0.675295 0.661955 0.688297 0.677557 0.691417 0.693809 0.691417 0.706161 0.690377 0.717212 0.686216 0.725664 0.679975 0.732165 0.674255 0.736065 0.665413 0.738666 0.652411 0.734115 0.635249 0.714612
2 24 0.626928 0.681457 0.628488 0.673656 0.633169 0.666505 0.648251 0.650903 0.655532 0.650253 0.660213 0.651553 0.664893 0.654153 0.669574 0.658054 0.670967 0.660541 0.667494 0.663255 0.663333 0.671056 0.654492 0.677557 0.64565 0.682107 0.638889 0.686008 0.630509 0.697099 0.629528 0.696409 0.626928 0.690559
0 24 0.675529 0.702007 0.673009 0.697281 0.671371 0.691138 0.669597 0.683977 0.67198 0.678616 0.676746 0.679807 0.681511 0.685764 0.682941 0.691721 0.682941 0.697678 0.680082 0.702444 0.675529 0.702007 0.670111 0.71067 0.67111 0.713078 0.669791 0.715277 0.674628 0.721713 0.645163 0.709619 0.642525 0.711818 0.639886 0.711818 0.637853 0.707677 0.638105 0.704527 0.640499 0.702637 0.644405 0.702794 0.645035 0.705314 0.645163 0.709619 0.674628 0.721713 0.678049 0.708307 0.681664 0.704671 0.682544 0.70742 0.682544 0.714566 0.680785 0.722812 0.678586 0.725011 0.674628 0.725561 0.674628 0.721713 0.669791 0.715277 0.666272 0.718025 0.663634 0.718025 0.658357 0.719125 0.655718 0.719125 0.655278 0.717475 0.659676 0.713078 0.665393 0.710879 0.670111 0.71067
4 31 0.276175 1 0.287136 0.880808 0.288365 0.878419 0.288089 0.879658 0.292703 0.880427 0.281472 1
3 31 0.288089 0.879658 0.301091 0.82115 0.303619 0.815462 0.304732 0.816599 0.309382 0.818924 0.295891 0.880958
2 31 0.29277 0.788645 0.29381 0.786045 0.294389 0.784779 0.301091 0.788645 0.326575 0.797747 0.333359 0.802734 0.336133 0.803123 0.338906 0.805664 0.336976 0.809448 0.333336 0.814649 0.328135 0.81985 0.322414 0.82115 0.316694 0.82115 0.309933 0.8192 0.304732 0.816599 0.299011 0.810748 0.295891 0.804898 0.29329 0.795146 0.29277 0.792546
1 31 0.29433 0.784745 0.297971 0.762641 0.303692 0.75159 0.310453 0.747039 0.322934 0.747039 0.332296 0.75029 0.336976 0.758741 0.341137 0.774343 0.340097 0.794496 0.339141 0.805859 0.33625 0.803223 0.33375 0.802832 0.326575 0.797747 0.301091 0.788645
1 39 0.230311 0.514264 0.239917 0.502257 0.247235 0.498826 0.253639 0.498254 0.260043 0.501113 0.265075 0.505687 0.268277 0.513692 0.271016 0.536523 0.269649 0.53542 0.265532 0.536564 0.258671 0.536564 0.245406 0.534848 0.229396 0.531418 0.225279 0.530846
0 39 0.255469 0.529131 0.255926 0.526272 0.258281 0.524512 0.260781 0.524219 0.263437 0.525781 0.263703 0.527987 0.263828 0.529395 0.261873 0.530846 0.260958 0.531418 0.257299 0.531418
2 39 0.224821 0.55143 0.225709 0.530906 0.229396 0.531418 0.245406 0.534848 0.258671 0.536564 0.265532 0.536564 0.269453 0.535475 0.270781 0.536719 0.269649 0.547428 0.265075 0.561722 0.259586 0.571443 0.256841 0.576589 0.252724 0.580019 0.246321 0.58345 0.242204 0.582878 0.237629 0.581163 0.231225 0.575445 0.227109 0.566868
3 39 0.222992 0.644631 0.234693 0.578541 0.237629 0.581163 0.241737 0.582703 0.231225 0.645775
4 39 0.191318 0.918207 0.195373 0.854159 0.197585 0.806239 0.203114 0.756014 0.223019 0.644967 0.223222 0.644663 0.230611 0.645689 0.23076 0.64681 0.210118 0.754632 0.203851 0.805778 0.200534 0.852777 0.196479 0.917746 0.199428 1 0.193161 1
2 48 0.551484 0.746777 0.552109 0.742285 0.553006 0.738788 0.558906 0.726496 0.569527 0.717645 0.577788 0.71617 0.587622 0.717645 0.591162 0.724529 0.593916 0.739772 0.591949 0.765341 0.589922 0.777344 0.585781 0.776367 0.580078 0.771094 0.572969 0.76875 0.568281 0.768555 0.563047 0.765234 0.558594 0.76416 0.555312 0.762207 0.550156 0.756738
4 48 0.895353 0.238986 0.890789 0.230999 0.899087 0.224595 0.902767 0.224135 0.903871 0.220456 0.903135 0.217696 0.899823 0.216316 0.893936 0.216316 0.888417 0.219076 0.882897 0.222295 0.877746 0.225975 0.874434 0.229655 0.856416 0.249382 0.836979 0.265755 0.831909 0.269453 0.830641 0.270509 0.829373 0.268396 0.829373 0.263643 0.834444 0.257833 0.878389 0.212409 0.894868 0.202373 0.902052 0.202373 0.906277 0.204486 0.91008 0.206071 0.912193 0.210824 0.912615 0.216106 0.911348 0.224557 0.899939 0.237233 0.895353 0.238986 0.895353 0.238986 0.890789 0.230999 0.883943 0.233852 0.873445 0.233281 0.847887 0.227576 0.841497 0.226435 0.834651 0.227576 0.825979 0.23157 0.812744 0.240698 0.793118 0.260095 0.777144 0.276069 0.752955 0.31144 0.712335 0.357651 0.675366 0.407285 0.647525 0.453496 0.624705 0.497425 0.610556 0.541354 0.596864 0.613808 0.591162 0.659132 0.597456 0.66159 0.618305 0.539155 0.632466 0.50031 0.654888 0.45704 0.684784 0.406885 0.72176 0.358698 0.76149 0.315428 0.786272 0.278351 0.805898 0.257813 0.822328 0.241839 0.834651 0.234422 0.845148 0.236134 0.85382 0.239557 0.864317 0.24355 0.87162 0.24355 0.887138 0.24355 0.891687 0.243329 0.895353 0.238986
3 48 0.579824 0.716475 0.591162 0.659132 0.597456 0.66159 0.588791 0.719917 0.587622 0.717645
1 48 0.550279 0.75693 0.555469 0.762012 0.558281 0.764258 0.562891 0.765625 0.568125 0.768262 0.572891 0.768848 0.580234 0.771289 0.585625 0.776172 0.59 0.777637 0.588578 0.783413 0.586541 0.787488 0.583689 0.789016 0.579207 0.790034 0.57554 0.790544 0.568614 0.790034 0.562095 0.786979 0.558021 0.781886 0.555169 0.776283 0.552316 0.767116
1 56 0.29713 0.414555 0.279974 0.413396 0.268846 0.418612 0.259573 0.430203 0.258645 0.439477 0.259573 0.44933 0.265137 0.458024 0.272092 0.466717 0.28322 0.470774 0.29203 0.473168 0.293884 0.437159 0.296666 0.418612
2 56 0.29203 0.473168 0.293884 0.437159 0.296666 0.418612 0.29713 0.414555 0.303023 0.417909 0.313766 0.426174 0.320791 0.433405 0.32327 0.43857 0.324097 0.445801 0.32327 0.455099 0.318312 0.460264 0.3117 0.466462 0.298891 0.472144
3 56 0.324097 0.445801 0.32327 0.455099 0.378228 0.461297 0.377401 0.452516
4 56 0.710364 0.59664 0.710364 0.59664 0.698078 0.57339 0.660322 0.538235 0.630656 0.523305 0.564391 0.4973 0.527791 0.481889 0.509683 0.472258 0.495043 0.471295 0.473083 0.471295 0.441876 0.470331 0.386783 0.463589 0.378228 0.461297 0.377401 0.452516 0.451367 0.462846 0.486077 0.463363 0.495581 0.463363 0.510043 0.465429 0.529877 0.475759 0.568076 0.488057 0.635798 0.517574 0.663421 0.529269 0.705747 0.567697 0.715103 0.584961 0.711683 0.592242 0.710364 0.59664 0.710804 0.601587 0.713882 0.606535 0.71828 0.610383 0.716956 0.62203 0.722735 0.668743 0.728129 0.710159 0.73044 0.736165 0.725432 0.770357 0.721194 0.78336 0.719653 0.793954 0.717341 0.805994 0.71503 0.826702 0.713103 0.830073 0.708095 0.830555 0.707324 0.830073 0.707324 0.823812 0.713874 0.777581 0.721579 0.747723 0.721964 0.737128 0.721579 0.727496 0.712691 0.659475 0.708703 0.614616 0.709102 0.606142 0.710804 0.601587
1 65 0.850313 0.89834 0.847131 0.910664 0.845934 0.917642 0.847131 0.926614 0.849922 0.931598 0.855106 0.936084 0.868264 0.936084 0.874644 0.932096 0.885809 0.922626 0.883047 0.921191 0.880078 0.921191 0.877656 0.920703 0.872734 0.919629 0.866016 0.918066 0.861875 0.915918 0.859093 0.914153 0.853359 0.904687 0.851875 0.901855
0 65 0.867076 0.921111 0.864285 0.923603 0.864285 0.928089 0.866278 0.929584 0.86907 0.929584 0.871462 0.928089 0.87226 0.925597 0.871861 0.922606 0.870665 0.921609
2 65 0.850234 0.898828 0.851797 0.901465 0.852891 0.904687 0.859093 0.914153 0.865781 0.917676 0.873203 0.919922 0.879141 0.920508 0.883516 0.921289 0.886172 0.922949 0.888984 0.91709 0.894981 0.903187 0.896177 0.894714 0.895379 0.874776 0.893386 0.87029 0.890594 0.865306 0.886208 0.864807 0.878632 0.866303 0.866669 0.87029 0.857099 0.878763 0.851916 0.891224
3 65 0.890056 0.865245 0.895213 0.856957 0.915914 0.827688 0.925416 0.815386 0.929149 0.820476 0.893677 0.870945 0.893386 0.87029 0.890594 0.865306
4 65 0.834128 0.548989 0.834468 0.547717 0.873833 0.540081 0.895213 0.535839 0.90743 0.537536 0.921343 0.54602 0.935597 0.556201 0.946456 0.570199 0.957655 0.589712 0.967157 0.612195 0.973265 0.636374 0.977338 0.653342 0.979713 0.676673 0.976998 0.698731 0.968514 0.735637 0.957655 0.767876 0.942723 0.803932 0.930506 0.818779 0.928799 0.819999 0.925416 0.815386 0.925078 0.815824 0.925076 0.81581 0.936954 0.800115 0.954261 0.76024 0.963424 0.731819 0.970211 0.694489 0.972247 0.669037 0.970211 0.650797 0.965799 0.632132 0.955958 0.605832 0.945099 0.582925 0.931185 0.56426 0.921343 0.554928 0.908448 0.547292 0.896231 0.54305 0.873833 0.547292 0.840576 0.552807 0.835146 0.552807
0 48 0.570234 0.775391 0.566875 0.778027 0.568047 0.780762 0.569609 0.781738 0.572813 0.78125 0.576328 0.782617 0.579453 0.784766 0.581719 0.783398 0.581953 0.780176 0.580234 0.77627 0.5775 0.774414 0.572813 0.774512
