4 8 0.773993 0.791435 0.779753 0.799058 0.755065 0.818691 0.723349 0.837992 0.689965 0.853641 0.638636 0.871898 0.58541 0.881067 0.567774 0.882197 0.548328 0.891242 0.536118 0.906504 0.531144 0.92855 0.528883 0.975468 0.528883 1 0.516673 1 0.519386 0.948335 0.529335 0.901417 0.540188 0.882763 0.560086 0.872588 0.594907 0.8675 0.633346 0.861282 0.674498 0.849977 0.724242 0.8268 0.754993 0.807581
3 8 0.773993 0.791435 0.824478 0.748234 0.839048 0.735105 0.839299 0.735006 0.840227 0.739183 0.844019 0.745238 0.818718 0.767293 0.798388 0.784235 0.779753 0.799058
1 8 0.870722 0.69937 0.871923 0.708821 0.872755 0.729018 0.874256 0.745484 0.876408 0.758378 0.882856 0.75573 0.894334 0.746962 0.900711 0.733012 0.901986 0.719063 0.899755 0.704715 0.893697 0.696744 0.886363 0.694752 0.881262 0.694752
2 8 0.863267 0.759936 0.855813 0.7557 0.846326 0.748924 0.840227 0.739183 0.838533 0.731559 0.840566 0.721394 0.84531 0.711653 0.85378 0.7053 0.870722 0.69937 0.872103 0.708484 0.872755 0.729018 0.874166 0.74526 0.876139 0.758602 0.87106 0.759512
4 16 0.650672 0.778019 0.656947 0.786218 0.639522 0.79903 0.617485 0.813896 0.589502 0.837944 0.566066 0.856745 0.546827 0.868114 0.537733 0.875547 0.535984 0.883417 0.535284 0.896972 0.54263 0.915773 0.558371 0.922769 0.573761 0.917522 0.594049 0.910526 0.616786 0.90353 0.634625 0.902218 0.654563 0.902218 0.673102 0.902218 0.709131 0.899595 0.764958 0.892223 0.786265 0.888349 0.798662 0.887381 0.791689 0.892707 0.778517 0.899487 0.735904 0.905782 0.670821 0.912077 0.637505 0.912561 0.622009 0.91353 0.594116 0.922731 0.570485 0.931447 0.548791 0.933384 0.537944 0.929994 0.530583 0.916435 0.527871 0.899487 0.527484 0.880117 0.53407 0.866074 0.549178 0.858326 0.566998 0.844283 0.593341 0.822976 0.623946 0.799732
3 16 0.709067 0.718041 0.713074 0.730677 0.702292 0.736309 0.692311 0.744865 0.680618 0.760551 0.656947 0.786218 0.650672 0.778019 0.663506 0.766611 0.674914 0.750212 0.683755 0.739874 0.694592 0.728466
1 16 0.735432 0.675946 0.740613 0.684963 0.746404 0.703122 0.750163 0.713282 0.754023 0.724584 0.75783 0.72157 0.766227 0.710734 0.7681 0.704141 0.768936 0.697866 0.767533 0.689498 0.765686 0.683983 0.763377 0.678634 0.759997 0.675178 0.752411 0.671792 0.74591 0.671115 0.741575 0.672469
2 16 0.735533 0.675946 0.716111 0.691432 0.70988 0.699898 0.708526 0.710057 0.709067 0.718041 0.713074 0.730677 0.722342 0.735454 0.736428 0.733083 0.746993 0.728343 0.754226 0.724838 0.750264 0.713409 0.746607 0.704011 0.740714 0.68509
4 24 0.157001 0.843181 0.161174 0.854657 0.132365 0.863082 0.091512 0.878596 0.058934 0.893463 0.024804 0.912208 0 0.932247 0 0.916733 0.05066 0.885706 0.08479 0.868253 0.124091 0.85274
3 24 0.157001 0.843181 0.187047 0.831183 0.223353 0.816056 0.23685 0.806131 0.237329 0.813018 0.242191 0.819563 0.243971 0.820755 0.225022 0.83014 0.202487 0.839008 0.173693 0.84944 0.161174 0.854657
1 24 0.264631 0.769541 0.266127 0.777021 0.270241 0.792449 0.276972 0.806941 0.284081 0.823183 0.294253 0.817153 0.300126 0.812041 0.303027 0.807468 0.305159 0.799851 0.306175 0.789978 0.30453 0.78045 0.301628 0.7738 0.292883 0.765493 0.282739 0.763744 0.273295 0.765493
2 24 0.276224 0.826576 0.263883 0.827511 0.252663 0.826576 0.242191 0.819563 0.237329 0.813018 0.236581 0.802266 0.243687 0.785904 0.252663 0.777021 0.264631 0.769541 0.266127 0.777021 0.270241 0.792449 0.276972 0.806941 0.283977 0.823183
4 31 0.128515 0.274068 0.135211 0.282438 0.120307 0.300325 0.098616 0.31996 0.078794 0.333518 0.05598 0.341932 0.032044 0.34801 0 0.35362 0 0.34053 0.015215 0.337725 0.042516 0.33118 0.072062 0.320428 0.09525 0.30687 0.110583 0.294716
3 31 0.128515 0.274068 0.144138 0.256133 0.163587 0.231423 0.173471 0.219467 0.181761 0.21309 0.192011 0.207004 0.196347 0.216683 0.20208 0.221034 0.19037 0.227039 0.176341 0.239394 0.15179 0.267691 0.135211 0.282438
1 31 0.218026 0.159387 0.219884 0.171001 0.22453 0.188035 0.230414 0.202359 0.237847 0.212424 0.239086 0.216683 0.246209 0.207391 0.250551 0.200463 0.253023 0.192293 0.254571 0.177582 0.254255 0.170531 0.252094 0.164033 0.242493 0.15629 0.227008 0.155516
2 31 0.218955 0.223651 0.205018 0.223264 0.196347 0.216683 0.192011 0.207004 0.19232 0.193455 0.194798 0.183776 0.201921 0.171388 0.218026 0.159387 0.219884 0.171001 0.22453 0.188035 0.230414 0.202359 0.237847 0.212424 0.239086 0.216683
4 38 0.220741 0.11778 0.221728 0.104825 0.249324 0.129269 0.30166 0.142013 0.334285 0.15051 0.370308 0.161554 0.461386 0.188742 0.462066 0.198087 0.417886 0.187892 0.367589 0.172599 0.326129 0.161554 0.287387 0.152209 0.264957 0.14881 0.242527 0.137765
3 38 0.141965 0.094231 0.161026 0.092487 0.200013 0.091253 0.221728 0.104825 0.220741 0.11778 0.204948 0.107909 0.190143 0.104825 0.149333 0.108793 0.1471 0.098866
2 38 0.10784 0.0985368 0.114133 0.095215 0.127069 0.091563 0.139588 0.092085 0.1471 0.098866 0.150856 0.115558 0.15169 0.133294 0.149928 0.144712 0.145592 0.153631 0.139171 0.145813 0.129573 0.134859 0.11914 0.120253 0.111814 0.107456
1 38 0.107569 0.0985368 0.111543 0.10802 0.11914 0.120253 0.129573 0.134859 0.139171 0.145813 0.145683 0.153857 0.134163 0.16407 0.117471 0.1672 0.102031 0.166157 0.090764 0.154159 0.087425 0.135902 0.089094 0.124426 0.096189 0.111385
0 31 0.238593 0.177578 0.241005 0.177255 0.243072 0.174886 0.241952 0.170687 0.23911 0.169395 0.236353 0.168964 0.232649 0.172302 0.233425 0.175424 0.238593 0.177578 0.239268 0.193357 0.237717 0.193788 0.235478 0.19508 0.234616 0.198956 0.23608 0.199817 0.238751 0.199171 0.240387 0.197341 0.240904 0.195403 0.23987 0.194111 0.239268 0.193357
0 24 0.282377 0.801819 0.278287 0.805883 0.276924 0.808767 0.278811 0.812568 0.284789 0.812437 0.289088 0.810209 0.290661 0.805621 0.288564 0.802475 0.285628 0.801819 0.284684 0.801819
0 8 0.875156 0.71123 0.874609 0.71709 0.875078 0.726074 0.876406 0.732324 0.879453 0.73252 0.882266 0.731055 0.882578 0.727441 0.881797 0.720703 0.880312 0.713379 0.878828 0.710254 0.876719 0.709766
0 16 0.745 0.714746 0.743437 0.715332 0.743437 0.718945 0.744062 0.720508 0.746563 0.720605 0.748516 0.719336 0.748359 0.716992 0.747656 0.714648 0.746172 0.714258
