4 7 0.345793 0.740427 0.346661 0.750736 0.367108 0.74695 0.396369 0.734561 0.422327 0.724532 0.450173 0.703293 0.477075 0.677925 0.497842 0.651377 0.519552 0.622469 0.54297 0.59631 0.555898 0.589199 0.569343 0.593724 0.574514 0.609884 0.576583 0.629922 0.5771 0.640911 0.570894 0.654485 0.554346 0.672585 0.532627 0.694562 0.514011 0.721064 0.499015 0.754677 0.48919 0.790875 0.483501 0.823195 0.483501 0.848405 0.48557 0.859393 0.492809 0.866504 0.495912 0.863918 0.490224 0.851637 0.493844 0.821902 0.50522 0.774715 0.516597 0.738517 0.536247 0.704904 0.557449 0.683573 0.579168 0.662889 0.587959 0.64285 0.588476 0.621519 0.584856 0.598895 0.56986 0.582089 0.556932 0.576918 0.547624 0.579503 0.532627 0.592431 0.512977 0.616348 0.487638 0.650607 0.465919 0.677109 0.449889 0.693916 0.423516 0.710722 0.399211 0.724943 0.379043 0.73076
3 7 0.286427 0.759417 0.289189 0.751073 0.288423 0.747929 0.306727 0.74748 0.318881 0.745853 0.334507 0.742597 0.345793 0.740427 0.346661 0.750736 0.339716 0.752363 0.314974 0.759417
2 7 0.261233 0.777695 0.26678 0.776994 0.273477 0.774832 0.279317 0.772335 0.285755 0.762171 0.289118 0.751134 0.28817 0.74748 0.286274 0.740272 0.279995 0.7321 0.261359 0.720664 0.254921 0.719394 0.256616 0.727441 0.260343 0.738029 0.263392 0.758782 0.261698 0.767253 0.257293 0.774877 0.256572 0.77651
1 7 0.256098 0.776609 0.25733 0.774816 0.261735 0.767192 0.263429 0.758721 0.26038 0.737968 0.256653 0.72738 0.254958 0.719333 0.249146 0.717014 0.238943 0.719007 0.23129 0.725383 0.22874 0.734152 0.227783 0.746507 0.229377 0.753681 0.234479 0.76205 0.24245 0.769224
4 13 0.052056 0.750501 0.056004 0.755436 0.066367 0.754819 0.053214 0.764893 0.037775 0.786336 0.021192 0.817786 0 0.878543 0 0.854955 0.019476 0.794913 0.032056 0.771326
3 13 0.085218 0.702016 0.089637 0.713567 0.084627 0.716572 0.077225 0.72891 0.074264 0.733845 0.074264 0.73878 0.066367 0.754819 0.056004 0.755436 0.052056 0.750501 0.061926 0.735079 0.070315 0.715955 0.077718 0.70917
1 13 0.106111 0.656814 0.110531 0.660329 0.11495 0.670876 0.121379 0.683433 0.133031 0.693477 0.136186 0.689363 0.139058 0.684939 0.14164 0.678244 0.142674 0.671881 0.14164 0.665132 0.140665 0.659325 0.138032 0.652755 0.13504 0.648275 0.126603 0.644257 0.11937 0.645262 0.112138 0.648778
2 13 0.116558 0.709549 0.105709 0.716078 0.095664 0.717083 0.089637 0.713567 0.085218 0.702016 0.087227 0.689459 0.094057 0.672885 0.106111 0.656814 0.110531 0.660329 0.11495 0.670876 0.121379 0.683433 0.133031 0.693477 0.128612 0.701011
4 20 0.092526 0.310111 0.100672 0.31079 0.103419 0.259684 0.103419 0.182911 0.090979 0.112941 0.07854 0.060463 0.046665 0 0.035781 0 0.061436 0.051717 0.072321 0.084758 0.080873 0.128489 0.088647 0.191657 0.090202 0.241219
3 20 0.083508 0.391213 0.091782 0.398323 0.095784 0.37121 0.100672 0.31079 0.092526 0.310111 0.087638 0.335908 0.087095 0.364421
1 20 0.047827 0.430643 0.047309 0.415776 0.047827 0.402848 0.046275 0.391213 0.037484 0.392506 0.0324219 0.396289 0.028693 0.401555 0.0273438 0.408008 0.028176 0.413837 0.030245 0.42224 0.034899 0.425472
2 20 0.047827 0.430643 0.065409 0.433875 0.0734375 0.43418 0.081956 0.433229 0.08875 0.429102 0.09385 0.423533 0.0950781 0.416211 0.095401 0.409312 0.0941406 0.403027 0.091782 0.398323 0.083508 0.391213 0.071097 0.387981 0.046275 0.391213 0.047827 0.402848 0.047309 0.415776
4 28 0.324352 0.503132 0.331261 0.493878 0.314207 0.447382 0.289329 0.372552 0.271448 0.299667 0.259786 0.203457 0.256676 0.143205 0.25826 0.10226 0.262731 0.0743108 0.266783 0 0.254344 0 0.253566 0.043109 0.245014 0.105305 0.244318 0.142374 0.248124 0.202486 0.253566 0.278287 0.269115 0.346313 0.293216 0.428917 0.30721 0.46779
3 28 0.372573 0.586038 0.373377 0.573985 0.363833 0.557418 0.343599 0.521021 0.331261 0.493878 0.324352 0.503132 0.33669 0.532125 0.350508 0.558652
1 28 0.410547 0.629785 0.411146 0.626218 0.412753 0.610146 0.417574 0.587545 0.421592 0.575491 0.426414 0.561931 0.435655 0.566953 0.440156 0.575391 0.442084 0.585536 0.442969 0.591211 0.442888 0.599599 0.441484 0.608496 0.438468 0.614164 0.432441 0.623205 0.428203 0.627734 0.422798 0.629232 0.415164 0.631241
2 28 0.410625 0.62998 0.397485 0.623707 0.386234 0.613662 0.376189 0.597088 0.372573 0.586038 0.373377 0.573985 0.379806 0.563437 0.389449 0.558415 0.407529 0.557411 0.426414 0.561931 0.421592 0.575491 0.417574 0.587545 0.412753 0.610146 0.411146 0.626218
4 35 0.571648 0.194273 0.579159 0.191143 0.55774 0.129107 0.541728 0.071209 0.520571 0 0.512565 0 0.530292 0.061917 0.549162 0.127677
3 35 0.599747 0.267066 0.605589 0.260807 0.589174 0.21879 0.579159 0.191143 0.571648 0.194273 0.576655 0.214095 0.583332 0.229222
1 35 0.609345 0.327054 0.611431 0.326011 0.615604 0.317143 0.622281 0.306189 0.632296 0.30358 0.64106 0.30358 0.642312 0.310883 0.641894 0.321838 0.636887 0.330184 0.628541 0.334878 0.621029 0.3354 0.6131 0.332792
2 35 0.609345 0.327054 0.60225 0.315578 0.595991 0.299929 0.595991 0.279585 0.599747 0.267066 0.605589 0.260807 0.6131 0.259242 0.618943 0.260285 0.627289 0.269674 0.635218 0.282715 0.64106 0.30358 0.632296 0.30358 0.622281 0.306189 0.615604 0.317143 0.611431 0.326011
4 43 0.73432 0.118344 0.740304 0.113669 0.728271 0.078134 0.71544 0.042354 0.707543 0 0.699154 0 0.700141 0.017679 0.707543 0.045438
3 43 0.759763 0.172293 0.766371 0.168754 0.752271 0.144056 0.740304 0.113669 0.73432 0.118344 0.7418 0.138446 0.748905 0.156678
1 43 0.779844 0.231348 0.781016 0.228906 0.776641 0.221875 0.775469 0.2125 0.778552 0.203674 0.787519 0.198954 0.799318 0.196594 0.80575 0.208396 0.80575 0.221418 0.800975 0.230642 0.7962 0.23661 0.788387 0.239323 0.78231 0.238238 0.775365 0.233355
2 43 0.775078 0.233105 0.770146 0.224209 0.761651 0.21182 0.755988 0.200611 0.755044 0.184682 0.759763 0.172293 0.766371 0.168754 0.773922 0.168754 0.785249 0.175243 0.791857 0.182322 0.799408 0.196481 0.787609 0.198841 0.778642 0.203561 0.775859 0.2125 0.776328 0.221973 0.781172 0.228418 0.780078 0.231152
4 51 0.993879 0.361722 0.999993 0.355954 1 0.355961 1 0.386697
3 51 0.968842 0.318292 0.977957 0.317206 0.983731 0.308908 0.99312 0.33294 1 0.355948 0.99312 0.362438 0.9884 0.345329 0.977545 0.32527
1 51 0.940628 0.300929 0.950612 0.291163 0.962765 0.281396 0.972315 0.270545 0.97926 0.265661 0.976629 0.254922 0.974638 0.249117 0.969579 0.241964 0.964502 0.237447 0.958715 0.236158 0.953216 0.23582 0.94644 0.23678 0.941496 0.24016 0.934332 0.247354 0.929777 0.256438 0.928908 0.271087 0.930645 0.284109
2 51 0.943667 0.306355 0.957122 0.316121 0.968842 0.318292 0.977957 0.317206 0.986639 0.304727 0.987073 0.291163 0.97926 0.265661 0.972315 0.270545 0.962765 0.281396 0.950612 0.291163 0.940628 0.300929
0 20 0.0340625 0.409766 0.0319531 0.410938 0.0310937 0.416113 0.0323437 0.418848 0.0366406 0.419922 0.0397656 0.418359 0.041875 0.416016 0.0409375 0.412598 0.0385937 0.409863 0.0357031 0.40957
0 7 0.25752 0.758441 0.255861 0.759625 0.255703 0.763279 0.257204 0.766142 0.258705 0.766241 0.260127 0.764266 0.260522 0.761502 0.259732 0.758638 0.258784 0.757848
0 13 0.117305 0.656531 0.114871 0.658105 0.114452 0.661356 0.115291 0.663874 0.11806 0.664398 0.12041 0.663559 0.123011 0.660622 0.122508 0.656426 0.121165 0.655272 0.118564 0.655797
0 35 0.621094 0.308691 0.619453 0.312012 0.617266 0.314941 0.617734 0.31875 0.619219 0.319336 0.621953 0.321094 0.626641 0.31875 0.631172 0.314355 0.634219 0.311719 0.633516 0.308008 0.630078 0.304883 0.625781 0.304883 0.623047 0.306348
0 51 0.960291 0.249946 0.962779 0.250464 0.966013 0.249117 0.966677 0.246421 0.965267 0.244555 0.963276 0.243622 0.961286 0.243933 0.960456 0.244659 0.95971 0.247354 0.960291 0.249946 0.949924 0.275034 0.947519 0.274619 0.945113 0.27493 0.944201 0.275656 0.942128 0.277107 0.941381 0.281461 0.942708 0.284261 0.944782 0.284883 0.949592 0.282498 0.951914 0.280425 0.951748 0.277418 0.949924 0.275034
