4 6 0.566391 0.828655 0.572183 0.831068 0.60466 0.848222 0.653461 0.884814 0.718107 0.933738 0.737017 0.946381 0.766041 0.966171 0.801223 0.982113 0.84432 1 0.82541 1 0.776156 0.981563 0.747571 0.965621 0.714149 0.944183 0.649777 0.893454 0.6147 0.866358 0.594205 0.854042 0.566391 0.836903
1 6 0.485427 0.779159 0.477193 0.777443 0.466215 0.779159 0.456151 0.789451 0.451577 0.799743 0.451577 0.811179 0.454779 0.820899 0.459353 0.828332 0.46713 0.832906 0.474449 0.834622 0.478108 0.83405 0.478108 0.832335 0.476278 0.823186 0.475821 0.816896 0.475821 0.804889 0.477651 0.795169 0.481767 0.784877 0.484054 0.780874
2 6 0.475821 0.804889 0.477651 0.795169 0.481767 0.784877 0.484054 0.780874 0.484758 0.779994 0.488629 0.780874 0.500979 0.786592 0.507383 0.79231 0.511958 0.810035 0.511043 0.823758 0.506926 0.830619 0.499607 0.835765 0.491831 0.838052 0.47948 0.835194 0.478108 0.83405 0.478108 0.832335 0.476278 0.823186 0.475821 0.816896
3 6 0.50989 0.825679 0.511043 0.823758 0.511518 0.816633 0.520191 0.819184 0.550839 0.822614 0.566391 0.827189 0.566391 0.836909 0.55953 0.833478 0.550381 0.831763 0.521564 0.828332
4 14 0 0.720762 0.041663 0.717905 0.095377 0.714095 0.124329 0.713143 0.179947 0.718381 0.23366 0.724095 0.277469 0.733143 0.302515 0.738207 0.300478 0.744571 0.300326 0.744571 0.276326 0.74219 0.22528 0.731238 0.182233 0.725047 0.1209 0.721714 0.094615 0.723619 0.042044 0.725524 0 0.732666
3 14 0.300326 0.745047 0.302612 0.737904 0.354079 0.755848 0.351319 0.765669
1 14 0.374506 0.79334 0.375198 0.788271 0.376978 0.778382 0.379846 0.768616 0.383604 0.756873 0.384691 0.746737 0.383208 0.737713 0.386758 0.737771 0.399566 0.742917 0.407799 0.751494 0.410544 0.759498 0.411916 0.777796 0.410087 0.793806 0.403683 0.800667 0.391713 0.804094 0.384098 0.802734 0.375791 0.800509 0.371737 0.799397
2 14 0.349981 0.770428 0.355288 0.751546 0.361412 0.74134 0.372026 0.737258 0.383208 0.737589 0.384593 0.747355 0.383703 0.757244 0.379549 0.769111 0.376681 0.778877 0.374901 0.788024 0.374604 0.794081 0.371539 0.79952 0.361056 0.79507 0.35532 0.790744 0.35243 0.783696
1 23 0.165567 0.758825 0.168066 0.753915 0.172351 0.747666 0.178561 0.739785 0.193061 0.732045 0.197703 0.731152 0.203059 0.731152 0.207701 0.73383 0.211628 0.739186 0.215199 0.746327 0.215913 0.752576 0.215913 0.76061 0.213057 0.768198 0.207701 0.773107 0.20413 0.769537 0.200916 0.767305 0.188776 0.764181 0.176993 0.762842
2 23 0.163781 0.766859 0.164138 0.761503 0.165567 0.758825 0.176993 0.762842 0.188776 0.764181 0.200916 0.767305 0.20413 0.769537 0.2076 0.773241 0.195917 0.790514 0.184491 0.804351 0.180206 0.808814 0.176279 0.811046 0.173065 0.811046 0.169137 0.809707 0.166638 0.80569 0.164853 0.795424 0.163781 0.777571
3 23 0.124133 0.842248 0.164688 0.806292 0.166533 0.805085 0.166638 0.80569 0.169137 0.809707 0.173065 0.811046 0.174951 0.811046 0.128786 0.848313
4 23 0.000333156 0.956859 0.124596 0.842777 0.12881 0.849098 0.128793 0.849154 0.000333156 0.971519
4 31 0.507084 0 0.514898 0 0.559078 0.053892 0.58763 0.084698 0.621119 0.12463 0.662483 0.163602 0.683165 0.186754 0.710947 0.21878 0.733482 0.248492 0.751386 0.275502 0.770216 0.306371 0.781801 0.33419 0.774834 0.337674 0.760107 0.307457 0.741726 0.275429 0.724737 0.250712 0.70385 0.225299 0.678996 0.196275 0.649843 0.163591 0.611974 0.125647 0.582521 0.089206 0.551565 0.05577
3 31 0.774672 0.337755 0.782185 0.333998 0.804709 0.386829 0.799168 0.389797 0.798125 0.391232 0.797213 0.388096 0.781284 0.352031
2 31 0.791988 0.4053 0.795904 0.394285 0.799168 0.389797 0.806022 0.386126 0.819077 0.384902 0.823972 0.386942 0.830174 0.392653 0.834417 0.400405 0.836797 0.405957 0.838516 0.408691 0.833906 0.412598 0.830547 0.415332 0.827187 0.418066 0.819531 0.421387 0.802578 0.426953 0.795547 0.429199 0.793984 0.424316 0.793293 0.418355 0.792314 0.415908
1 31 0.795547 0.429297 0.799453 0.428125 0.803281 0.426855 0.811875 0.424121 0.819531 0.421289 0.827109 0.418066 0.830234 0.415625 0.832812 0.413477 0.835625 0.411426 0.838672 0.408984 0.840746 0.413954 0.842888 0.421542 0.842888 0.431808 0.84146 0.440734 0.839317 0.448322 0.833604 0.453232 0.828605 0.45591 0.821406 0.45752 0.814063 0.456055 0.807188 0.450781 0.80254 0.444751 0.798969 0.439395 0.797541 0.435825 0.796469 0.431361
3 39 0.80576 0.079683 0.805833 0.079456 0.808862 0.067017 0.847681 0.091019 0.843887 0.105509
2 39 0.780715 0.0883708 0.782708 0.0790278 0.786197 0.0559808 0.788688 0.0360478 0.788688 0.0354248 0.789206 0.0342278 0.791849 0.0353288 0.798016 0.0402848 0.805505 0.0479938 0.808589 0.0590068 0.808589 0.0678168 0.805505 0.0804818 0.802862 0.0887408 0.794933 0.0953488 0.787031 0.100195 0.779219 0.100879
1 39 0.748154 0.067413 0.749151 0.058692 0.755131 0.045611 0.767589 0.036268 0.78503 0.033153 0.789016 0.034399 0.789016 0.035022 0.786525 0.054955 0.783036 0.078002 0.781043 0.087345 0.779297 0.100781 0.775063 0.099803 0.764599 0.093574 0.757622 0.087968 0.752141 0.080493
0 31 0.834922 0.430469 0.836953 0.42998 0.8375 0.428027 0.837891 0.422559 0.836328 0.419531 0.834453 0.419727 0.833125 0.421777 0.833359 0.426563 0.834922 0.430469 0.822188 0.441016 0.820625 0.437207 0.817578 0.43457 0.813438 0.432617 0.810078 0.431836 0.809375 0.435937 0.811875 0.439258 0.816641 0.442383 0.82125 0.443359 0.822188 0.441016
0 14 0.381725 0.771212 0.380538 0.774179 0.380538 0.778877 0.382516 0.781596 0.384395 0.782214 0.386966 0.778629 0.387065 0.774179 0.386472 0.771336 0.384593 0.770471 0.382812 0.770223
0 23 0.188895 0.751023 0.182488 0.753607 0.181971 0.758644 0.186725 0.760194 0.196542 0.76097 0.203776 0.76097 0.20574 0.759419 0.20667 0.756319 0.205429 0.749344 0.201399 0.74521 0.195406 0.74676 0.190755 0.749473
4 39 0.847926 0.0905004 0.891197 0.116598 0.930765 0.141854 0.96444 0.160586 0.992053 0.182264 0.998451 0.188999 0.997441 0.190472 0.990201 0.192156 0.976057 0.182895 0.931775 0.151115 0.914433 0.139539 0.914096 0.14459 0.945414 0.170057 0.967807 0.183947 0.98717 0.192156 0.99542 0.192787 0.999219 0.192787 0.998619 0.203731 0.98515 0.201837 0.965113 0.191945 0.917295 0.159323 0.861059 0.119545 0.844231 0.105222
