2 11 0.46954 0.713513 0.482179 0.705061 0.492857 0.70349 0.501022 0.702705 0.50793 0.704275 0.513583 0.708986 0.517351 0.714482 0.517999 0.716837 0.518922 0.721915 0.519236 0.725473 0.51798 0.735679 0.514839 0.745885 0.509815 0.752166 0.505087 0.759329 0.502243 0.763575 0.494741 0.757662 0.489088 0.749811 0.480923 0.738034 0.476175 0.729509 0.47213 0.716052
4 11 0.569038 0.678254 0.608795 0.642523 0.667492 0.594518 0.69612 0.561087 0.716744 0.522969 0.730721 0.489275 0.747061 0.422239 0.749866 0.394335 0.748902 0.364861 0.744504 0.336442 0.722335 0.27729 0.706135 0.235191 0.696756 0.196289 0.694198 0.162184 0.697608 0.149394 0.702724 0.142999 0.712103 0.13021 0.719351 0.123815 0.732567 0.116887 0.744077 0.110492 0.749193 0.106229 0.752604 0.098236 0.749193 0.098236 0.741093 0.104631 0.724893 0.112091 0.709972 0.121151 0.697182 0.135539 0.690361 0.145131 0.68695 0.160052 0.684902 0.173454 0.688759 0.201618 0.701124 0.244518 0.722761 0.299276 0.736732 0.337674 0.739635 0.367912 0.741093 0.389732 0.73534 0.432095 0.720799 0.490259 0.689778 0.551454 0.676094 0.568433 0.66241 0.585412 0.605569 0.633174 0.563563 0.674451
3 11 0.518544 0.718938 0.536178 0.705057 0.56061 0.685377 0.569038 0.678254 0.563563 0.674451 0.546833 0.686999 0.514894 0.711334 0.517351 0.714482
1 11 0.469619 0.71371 0.464759 0.719441 0.456769 0.732758 0.455247 0.744648 0.456769 0.758441 0.463237 0.767953 0.474271 0.774136 0.485686 0.772709 0.497481 0.768429 0.502401 0.764168 0.4994 0.761896 0.494741 0.757662 0.489088 0.749811 0.480923 0.738034 0.476412 0.729311 0.47213 0.716052
4 12 0.726652 0.260503 0.723186 0.252807 0.717735 0.245669 0.714101 0.237557 0.713063 0.231393 0.712803 0.224904 0.713582 0.21809 0.718773 0.209979 0.722407 0.207383 0.728636 0.204463 0.734606 0.204463 0.742393 0.207708 0.751218 0.21809 0.767571 0.241451 0.793268 0.303746 0.813371 0.351708 0.82809 0.38498 0.851889 0.427648 0.906251 0.496997 0.945187 0.534188 1 0.575053 1 0.561278 0.964429 0.536699 0.920749 0.498091 0.871918 0.436536 0.842532 0.393228 0.810747 0.321141 0.787238 0.266501 0.767035 0.224259 0.758954 0.212321 0.751608 0.204974 0.742425 0.199005 0.732507 0.196251 0.723324 0.197169 0.717447 0.200383 0.710468 0.209107 0.706427 0.215535 0.704958 0.227014 0.708998 0.23987 0.711937 0.249512 0.72371 0.267577
3 12 0.785744 0.249219 0.777863 0.259896 0.769587 0.268989 0.763096 0.274472 0.752647 0.280673 0.745525 0.281416 0.738876 0.278612 0.7305 0.272104 0.72371 0.267577 0.726652 0.260503 0.733769 0.265754 0.743177 0.27267 0.745893 0.27267 0.750647 0.272104 0.758569 0.265879 0.768483 0.256461 0.778207 0.243723 0.781581 0.246965
0 12 0.810057 0.200344 0.811775 0.199486 0.813149 0.196909 0.813492 0.194762 0.812285 0.190271 0.810924 0.18785 0.809517 0.186766 0.807488 0.185743 0.806278 0.185743 0.80456 0.185743 0.803529 0.185743 0.802155 0.186602 0.801278 0.187891 0.800781 0.190039 0.80147 0.192615 0.802907 0.195405 0.804687 0.19753 0.806965 0.19901
1 12 0.831369 0.225049 0.839125 0.216491 0.843392 0.201156 0.842276 0.190821 0.840191 0.180486 0.83219 0.16994 0.824189 0.165151 0.815121 0.165151 0.806053 0.170485 0.794537 0.184057 0.80019 0.196618 0.802702 0.198973 0.806471 0.204469 0.81652 0.21075 0.8228 0.21703
2 12 0.778207 0.243723 0.781581 0.246965 0.785744 0.249219 0.793366 0.247941 0.798306 0.245294 0.803958 0.241368 0.814541 0.234776 0.8228 0.231162 0.831369 0.225049 0.8228 0.21703 0.81652 0.21075 0.806471 0.204469 0.802702 0.198973 0.80019 0.196618 0.794537 0.184057 0.790769 0.190337 0.786716 0.199758 0.782604 0.21075 0.779957 0.222152 0.77725 0.23376 0.777528 0.238742
2 18 0.168059 0.646535 0.168878 0.654973 0.171152 0.66052 0.179168 0.669514 0.186962 0.675618 0.192738 0.678949 0.196656 0.666529 0.19908 0.651382 0.201019 0.636841 0.203684 0.622553 0.197141 0.622906 0.192779 0.622906 0.188416 0.623512 0.183085 0.625329 0.176933 0.631945 0.171975 0.637809
4 18 0.115296 0.634866 0 0.586657 0 0.573868 0.11696 0.626963
3 18 0.168878 0.654973 0.152568 0.647346 0.115296 0.634866 0.11696 0.626963 0.148242 0.638194 0.168059 0.646535
1 18 0.192738 0.678949 0.20084 0.681922 0.211056 0.684143 0.220383 0.68062 0.229266 0.672484 0.232152 0.666514 0.233708 0.658049 0.232597 0.649745 0.231487 0.640283 0.228455 0.632656 0.221271 0.628287 0.211075 0.624105 0.203684 0.622553 0.201019 0.636841 0.19908 0.651382 0.196656 0.666529
2 24 0.229258 0.625559 0.242048 0.625559 0.248443 0.625026 0.257396 0.62396 0.265069 0.620763 0.269896 0.616024 0.272238 0.605251 0.270612 0.595184 0.265952 0.58858 0.260214 0.583403 0.253756 0.57638 0.245459 0.571736 0.240547 0.57041 0.237188 0.569824 0.233594 0.585742 0.234297 0.594824 0.234374 0.602644 0.232669 0.612237 0.23139 0.617566
4 24 0.347412 0.637714 0.456346 0.656835 0.547859 0.669986 0.578748 0.669284 0.634911 0.662264 0.705676 0.657349 0.792728 0.651733 0.839342 0.643309 0.834849 0.63699 0.78318 0.642607 0.693881 0.649627 0.585488 0.660859 0.543927 0.660859 0.349267 0.628443
3 24 0.269896 0.616024 0.29874 0.624967 0.347412 0.637714 0.349267 0.628443 0.290396 0.612219 0.272238 0.605251
1 24 0.229258 0.625559 0.220933 0.621785 0.210278 0.613399 0.204792 0.606937 0.20061 0.599587 0.199623 0.592681 0.199623 0.582322 0.203569 0.57591 0.209094 0.56999 0.21896 0.566537 0.224485 0.566044 0.230404 0.566044 0.237188 0.569727 0.236506 0.572269 0.233672 0.585156 0.234453 0.594629 0.234374 0.602644 0.232669 0.612237 0.23139 0.617566
0 11 0.473569 0.756367 0.472226 0.752516 0.47033 0.75143 0.468118 0.751529 0.466538 0.755379 0.466933 0.758737 0.469698 0.760613 0.473095 0.758737 0.473569 0.756367 0.481942 0.758835 0.481152 0.762884 0.482653 0.764168 0.483601 0.764958 0.486366 0.763871 0.487472 0.761502 0.486129 0.758737 0.484391 0.758342 0.483206 0.758539 0.482337 0.751232 0.484944 0.749949 0.484865 0.746493 0.483206 0.744617 0.481073 0.743728 0.479809 0.743728 0.478229 0.744913 0.478703 0.748961 0.480125 0.750245 0.482337 0.751232 0.483206 0.758539 0.481942 0.758835
0 24 0.228828 0.615332 0.228594 0.618457 0.229766 0.620703 0.231406 0.620703 0.232813 0.619141 0.233047 0.616113 0.231562 0.614746 0.230313 0.614746
