4 9 0.486081 0.851775 0.489584 0.852372 0.487737 0.844985 0.539256 0.8462 0.633444 0.851897 0.743837 0.864556 0.821314 0.868987 0.837012 0.868987 0.859799 0.866455 0.880055 0.860758 0.900816 0.854429 0.920059 0.848099 0.946391 0.844301 0.961077 0.843668 0.971711 0.842402 0.980319 0.837971 0.985889 0.837971 0.986902 0.83987 0.984877 0.8462 0.9788 0.851897 0.970698 0.853163 0.945885 0.853163 0.921072 0.855694 0.905374 0.861391 0.885625 0.871519 0.856761 0.877849 0.821314 0.877849 0.745862 0.874051 0.667382 0.865483 0.583528 0.858495 0.490214 0.85312
2 9 0.412121 0.848233 0.39335 0.851384 0.386839 0.853128 0.382992 0.854352 0.381258 0.843826 0.376607 0.834525 0.373351 0.827548 0.369166 0.819991 0.36777 0.813014 0.365053 0.808607 0.372421 0.806038 0.378467 0.804875 0.390095 0.807201 0.398931 0.81127 0.404977 0.814177 0.412884 0.816502 0.42079 0.821153 0.424976 0.82813 0.424976 0.835687 0.424976 0.84092 0.42079 0.846733
3 9 0.424959 0.840944 0.424976 0.84092 0.424976 0.831112 0.449197 0.836377 0.487585 0.844374 0.489584 0.852372 0.463193 0.847873 0.434402 0.842375
1 9 0.34086 0.833662 0.34166 0.826665 0.347258 0.819167 0.357249 0.812419 0.364873 0.808495 0.36777 0.813014 0.369166 0.819991 0.373351 0.827548 0.376607 0.834525 0.381258 0.843826 0.383171 0.854801 0.378956 0.855361 0.369986 0.854464 0.358326 0.851773 0.348858 0.849157 0.344859 0.846158 0.34206 0.83966
0 9 0.3694 0.834368 0.372611 0.835974 0.374538 0.83798 0.375816 0.84101 0.375009 0.844598 0.371648 0.845205 0.368437 0.845205 0.36619 0.842796 0.36619 0.837579 0.3694 0.834368 0.374274 0.817626 0.362452 0.824192 0.358953 0.824752 0.355366 0.827219 0.353123 0.828789 0.35106 0.832377 0.351778 0.835852 0.355455 0.834955 0.357249 0.832937 0.35985 0.830358 0.36299 0.826434 0.362452 0.824192 0.374274 0.817626 0.372827 0.813103 0.374636 0.810842 0.379339 0.809033 0.38151 0.811294 0.38151 0.814912 0.377892 0.817626 0.374274 0.817626
2 18 0.575391 0.0869141 0.578984 0.0854492 0.587589 0.08319 0.596861 0.082224 0.604974 0.082707 0.6127 0.08657 0.618109 0.093813 0.621586 0.10154 0.621586 0.109266 0.620427 0.116993 0.617336 0.120373 0.611802 0.123159 0.60425 0.125247 0.589609 0.125977 0.584453 0.125586 0.582567 0.119407 0.582953 0.116027 0.584885 0.11313 0.587589 0.110715 0.587589 0.10492 0.584885 0.102023 0.581022 0.100091 0.578281 0.101367 0.576719 0.10166 0.571094 0.101758 0.565781 0.102148 0.561953 0.102441 0.560234 0.102148 0.560625 0.0972656 0.563984 0.0922852 0.570547 0.0883789
1 18 0.56 0.102637 0.562031 0.102441 0.565547 0.102051 0.570937 0.101758 0.577266 0.101953 0.581022 0.100091 0.584885 0.102023 0.587589 0.10492 0.587589 0.110715 0.584885 0.11313 0.582953 0.116027 0.582567 0.119407 0.584219 0.125781 0.578828 0.125 0.571953 0.123242 0.566622 0.118785 0.562373 0.111058
3 18 0.620591 0.115901 0.621586 0.109266 0.621586 0.107005 0.641619 0.11416 0.668459 0.121612 0.668729 0.129375 0.658802 0.125557 0.638813 0.120297
4 18 0.668469 0.121888 0.708712 0.126635 0.742708 0.130498 0.765888 0.13243 0.806838 0.132913 0.839289 0.127601 0.867491 0.12422 0.889125 0.122289 0.916554 0.116494 0.948619 0.109733 1 0.096491 1 0.104489 0.965041 0.112486 0.924514 0.123586 0.898283 0.129499 0.84711 0.134874 0.801245 0.140301 0.780622 0.14211 0.762893 0.141658 0.74227 0.140301 0.714048 0.136683 0.66892 0.129722 0.668727 0.129329
2 27 0.69517 0.736306 0.697102 0.729545 0.699033 0.726647 0.703669 0.728096 0.710623 0.733408 0.717191 0.739686 0.723758 0.744515 0.731871 0.749827 0.739597 0.754656 0.742688 0.759485 0.741915 0.763831 0.735348 0.769143 0.72878 0.776387 0.721826 0.779767 0.716032 0.783147 0.709464 0.784113 0.705601 0.784113 0.701351 0.778801 0.698261 0.772523 0.696715 0.763831
1 27 0.698358 0.726934 0.701557 0.719937 0.707955 0.71094 0.716352 0.705941 0.725549 0.704942 0.734746 0.711439 0.741544 0.717937 0.745143 0.727434 0.746342 0.74093 0.744343 0.750926 0.743144 0.758924 0.742623 0.759383 0.739597 0.754656 0.731871 0.749827 0.723758 0.744515 0.717191 0.739686 0.710623 0.733408 0.703669 0.728096 0.699033 0.726647 0.698629 0.727253
0 27 0.727753 0.739877 0.730001 0.73787 0.732569 0.738272 0.733854 0.738673 0.735138 0.741482 0.733854 0.745496 0.730322 0.745897 0.728395 0.743489 0.727753 0.739877 0.723484 0.729551 0.720327 0.729551 0.718925 0.726483 0.718925 0.722976 0.720327 0.721661 0.723509 0.720849 0.725588 0.722537 0.726383 0.725227 0.725665 0.727584 0.723484 0.729551
3 27 0.671496 0.838497 0.671943 0.831236 0.677752 0.815037 0.689818 0.793252 0.699934 0.775923 0.701351 0.778801 0.705601 0.784113 0.706107 0.784113 0.692946 0.803306 0.683115 0.820064 0.677305 0.839614
4 27 0.671496 0.838497 0.668457 0.877235 0.666867 0.917641 0.666757 0.931744 0.669083 0.943953 0.674199 0.959068 0.685501 0.979172 0.700982 1 0.711733 1 0.683781 0.960359 0.677761 0.945846 0.675181 0.93187 0.675181 0.921657 0.675181 0.904994 0.677305 0.839614
4 37 0.919091 0.488795 0.911099 0.496123 0.903368 0.517164 0.91726 0.503171 0.92458 0.485077 0.919091 0.488795 0.919091 0.488795 0.905969 0.501054 0.884072 0.523956 0.876475 0.530659 0.876475 0.536245 0.879603 0.537362 0.888988 0.531776 0.926524 0.493793 0.952783 0.469338 0.961486 0.460014 0.964386 0.452762 0.964801 0.447583 0.963558 0.440849 0.960242 0.438259 0.952369 0.436187 0.942009 0.439295 0.935379 0.442403 0.929991 0.451208 0.923361 0.463122 0.91383 0.489022 0.894353 0.541858 0.888552 0.550146 0.879849 0.563095 0.867003 0.578635 0.857058 0.587959 0.847941 0.594175 0.837581 0.599355 0.829708 0.604535 0.818933 0.608679 0.805258 0.610751 0.789097 0.613859 0.776665 0.612823 0.761747 0.610751 0.750972 0.606089 0.743099 0.600909 0.736468 0.593657 0.731081 0.587959 0.724037 0.581225 0.696279 0.557783 0.690484 0.552472 0.687393 0.546677 0.683916 0.537019 0.651465 0.44913 0.628273 0.394283 0.620884 0.399671 0.645278 0.454741 0.670467 0.522853 0.682151 0.552063 0.69033 0.565938 0.703766 0.575431 0.71954 0.587115 0.725966 0.598069 0.734729 0.606832 0.751671 0.616325 0.770949 0.621437 0.797822 0.622167 0.822358 0.618516 0.837548 0.611213 0.854489 0.60172 0.869678 0.587115 0.894862 0.557709 0.90499 0.53872 0.911066 0.518464 0.92518 0.483286 0.936081 0.453571 0.942297 0.448909 0.948928 0.446837 0.953072 0.446837 0.955144 0.449945 0.954315 0.454089 0.950585 0.460305 0.945613 0.467039 0.935667 0.477399 0.919091 0.488795
3 37 0.594888 0.332452 0.599964 0.331183 0.601878 0.329029 0.628273 0.394283 0.620884 0.399671 0.612264 0.37889
2 37 0.584894 0.329744 0.572361 0.318522 0.563752 0.307762 0.562233 0.302698 0.562739 0.300799 0.571854 0.298267 0.580463 0.293836 0.586539 0.290671 0.596667 0.285607 0.604769 0.281809 0.608314 0.281809 0.60882 0.288139 0.609661 0.305728 0.607722 0.315425 0.604812 0.325729 0.599964 0.331183 0.592691 0.333002
1 37 0.553226 0.277143 0.553907 0.267361 0.557309 0.260131 0.562753 0.253752 0.570578 0.25035 0.581125 0.248649 0.590311 0.254177 0.600858 0.263108 0.605621 0.276718 0.607658 0.281809 0.604769 0.281809 0.596667 0.285607 0.586539 0.290671 0.580463 0.293836 0.571854 0.298267 0.562739 0.300799 0.562233 0.302698 0.562498 0.303582 0.561392 0.30266 0.555268 0.289901
0 37 0.586441 0.282772 0.588173 0.280608 0.589904 0.279526 0.592213 0.280969 0.592502 0.283855 0.591059 0.287101 0.587596 0.28638
0 18 0.573906 0.105566 0.570391 0.107617 0.570625 0.11084 0.573594 0.113672 0.578828 0.113965 0.583359 0.1125 0.584922 0.110254 0.584844 0.107227 0.580781 0.105176 0.576406 0.104688
