4 9 0.126357 0.525388 0.120022 0.526225 0.109956 0.528023 0.100848 0.53042 0.090302 0.532816 0.077359 0.534614 0.069689 0.535213 0.057226 0.535812 0.0462 0.535812 0.028464 0.535812 0.015042 0.537011 0.004975 0.537011 0 0.536412 0 0.527424 0.018877 0.529221 0.029902 0.52982 0.03901 0.52982 0.049076 0.529221 0.058664 0.528622 0.06921 0.526824 0.076879 0.525626 0.089822 0.524428 0.097971 0.52263 0.107079 0.520832 0.117146 0.518435 0.128116 0.517325
3 9 0.210413 0.524036 0.204356 0.524655 0.197318 0.522456 0.190867 0.520257 0.185003 0.518791 0.177379 0.518791 0.168582 0.518791 0.159199 0.52099 0.148642 0.523189 0.132808 0.525388 0.126357 0.525388 0.128116 0.517325 0.132808 0.514392 0.140432 0.512926 0.155093 0.510727 0.159199 0.509994 0.170341 0.509994 0.177965 0.509994 0.187348 0.509261 0.198491 0.510459 0.210413 0.514959
1 9 0.252439 0.546627 0.256684 0.546288 0.262193 0.544482 0.268511 0.540541 0.273793 0.533114 0.275113 0.525687 0.274928 0.516935 0.273793 0.511658 0.271947 0.506096 0.270412 0.501242 0.26587 0.495978 0.262464 0.492775 0.259393 0.491533 0.256627 0.491026 0.248705 0.492677 0.248705 0.498454 0.248045 0.50423 0.248045 0.514959 0.248045 0.521561 0.248705 0.526512 0.250271 0.53466 0.251445 0.540417
2 9 0.248705 0.492677 0.226918 0.496803 0.217675 0.501755 0.213054 0.507531 0.211073 0.510832 0.210413 0.514959 0.210413 0.524036 0.215695 0.533939 0.224277 0.541367 0.23154 0.543842 0.239462 0.546318 0.246724 0.546318 0.252619 0.546965 0.251535 0.54053 0.250181 0.534547 0.248705 0.526512 0.248045 0.521561 0.248045 0.514959 0.248045 0.50423 0.248705 0.498454
4 10 0.357197 0.69091 0.361668 0.693155 0.368119 0.698286 0.372224 0.701952 0.37633 0.705617 0.380435 0.709282 0.385127 0.715147 0.389232 0.720278 0.395096 0.726876 0.400374 0.733474 0.40448 0.738605 0.409171 0.743737 0.417968 0.755466 0.422073 0.760597 0.433216 0.775992 0.437321 0.781856 0.444945 0.794318 0.448464 0.800916 0.453155 0.808247 0.459606 0.822175 0.464884 0.833171 0.472864 0.854476 0.484824 0.880153 0.494741 0.902636 0.498899 0.916741 0.501831 0.929203 0.500658 0.936534 0.497139 0.943864 0.494794 0.951928 0.491275 0.962191 0.486583 0.97392 0.484237 0.978319 0.479546 0.987116 0.473095 1 0.482478 1 0.486583 0.991514 0.492448 0.978319 0.498312 0.965857 0.502418 0.955594 0.504763 0.946797 0.506523 0.940199 0.506523 0.932135 0.506523 0.91894 0.503004 0.900613 0.499485 0.889617 0.49538 0.879354 0.491275 0.871291 0.488343 0.86396 0.481892 0.849299 0.472508 0.830239 0.463712 0.814844 0.456674 0.798717 0.449637 0.785522 0.444358 0.775992 0.433802 0.760597 0.426765 0.7518 0.419141 0.742271 0.41269 0.733474 0.405652 0.726143 0.397442 0.716613 0.389818 0.705617 0.383954 0.699753 0.37633 0.693888 0.36636 0.688023 0.361889 0.685045
3 10 0.292458 0.632876 0.295563 0.632099 0.295807 0.628134 0.303243 0.634464 0.307349 0.63593 0.31204 0.638862 0.315559 0.641794 0.320251 0.646926 0.326115 0.653523 0.329634 0.656456 0.34019 0.661587 0.344295 0.664519 0.350746 0.669651 0.357197 0.676249 0.361889 0.685045 0.357197 0.69091 0.349573 0.683579 0.344882 0.679181 0.34019 0.675516 0.329634 0.666719 0.324356 0.66232 0.316145 0.65499 0.310281 0.651324 0.30383 0.64546 0.299725 0.641061
1 10 0.273688 0.574541 0.268233 0.571537 0.262021 0.567655 0.254568 0.56455 0.248977 0.56455 0.244008 0.566102 0.241523 0.569985 0.239039 0.576196 0.237797 0.583184 0.237797 0.588619 0.240902 0.595607 0.244629 0.601042 0.248977 0.604148 0.253946 0.608806 0.257879 0.601516 0.260779 0.59483 0.264506 0.587843 0.26699 0.582407 0.271012 0.5782
2 10 0.253946 0.608806 0.260472 0.612495 0.266369 0.616571 0.270717 0.619676 0.275065 0.622006 0.280656 0.625888 0.285625 0.628994 0.292458 0.632876 0.295563 0.632099 0.296184 0.622006 0.296184 0.616571 0.294942 0.60803 0.291836 0.601042 0.288731 0.593278 0.285004 0.584737 0.281277 0.581631 0.273521 0.574959 0.26699 0.582407 0.264506 0.587843 0.260779 0.59483 0.257879 0.601935
2 14 0.653914 0.730876 0.650798 0.740563 0.649389 0.746727 0.649389 0.759056 0.650798 0.76522 0.652207 0.771384 0.65432 0.776668 0.659252 0.788116 0.666297 0.786355 0.671228 0.781071 0.67616 0.773146 0.680387 0.766981 0.688841 0.755533 0.684694 0.749381 0.680387 0.743205 0.675455 0.73616 0.671933 0.732637 0.666297 0.729995 0.662774 0.729115 0.659956 0.729115
1 14 0.659252 0.788116 0.663943 0.797837 0.667276 0.803391 0.670053 0.804779 0.67894 0.806862 0.683383 0.806862 0.688382 0.804085 0.692826 0.800614 0.695603 0.796448 0.69838 0.790894 0.699491 0.782562 0.700046 0.777008 0.696158 0.767982 0.692067 0.760132 0.688841 0.755533 0.680387 0.766981 0.67616 0.773146 0.671228 0.781071 0.666297 0.786355
3 14 0.611177 0.677724 0.619508 0.684667 0.624507 0.689527 0.628951 0.695081 0.632839 0.700636 0.635616 0.704801 0.638393 0.710356 0.641726 0.713827 0.64728 0.721464 0.653914 0.730876 0.659956 0.729115 0.644281 0.701171 0.617456 0.668993
4 14 0.14896 0.69012 0.149419 0.687255 0.152628 0.683244 0.15492 0.679806 0.156754 0.675794 0.159504 0.670064 0.161796 0.664907 0.166381 0.656311 0.170048 0.649434 0.172799 0.643131 0.176925 0.635681 0.187469 0.619063 0.192053 0.61276 0.19893 0.603591 0.204431 0.596714 0.211766 0.588119 0.224144 0.572647 0.236063 0.561186 0.243398 0.557174 0.25165 0.555455 0.258526 0.555455 0.269987 0.558893 0.277322 0.56004 0.291075 0.562332 0.297035 0.562905 0.306662 0.564051 0.32179 0.564624 0.336204 0.566651 0.3457 0.569289 0.356778 0.574564 0.365746 0.577861 0.371549 0.581158 0.385792 0.585774 0.412168 0.593028 0.420081 0.595006 0.433269 0.598303 0.451205 0.602919 0.459118 0.605557 0.468086 0.608194 0.498156 0.618745 0.518202 0.623361 0.539303 0.626658 0.557766 0.633252 0.58256 0.644462 0.607882 0.661607 0.617456 0.668993 0.611177 0.677724 0.603956 0.670087 0.598402 0.665227 0.592292 0.661061 0.584516 0.656895 0.572852 0.650647 0.561743 0.645787 0.537304 0.636761 0.522307 0.633289 0.510088 0.631901 0.487315 0.624958 0.478984 0.622181 0.463987 0.616626 0.452323 0.613155 0.428995 0.606906 0.412332 0.604129 0.385671 0.595103 0.368452 0.58816 0.357899 0.5833 0.340681 0.579135 0.328461 0.575663 0.31402 0.57358 0.293469 0.572192 0.279027 0.570803 0.26036 0.562332 0.249357 0.560613 0.240647 0.564624 0.235604 0.5715 0.230103 0.578377 0.224602 0.584107 0.218642 0.59213 0.208557 0.605883 0.203056 0.61276 0.198013 0.619063 0.19297 0.628232 0.185635 0.640839 0.180592 0.648861 0.177383 0.656311 0.174174 0.66376 0.169131 0.674648 0.165005 0.681525 0.158587 0.688401 0.151711 0.691267
2 21 0.703725 0.181108 0.715266 0.186353 0.724708 0.188976 0.732577 0.190288 0.740445 0.190288 0.745691 0.187009 0.747789 0.177173 0.74674 0.164059 0.740445 0.149633 0.727856 0.133896 0.715266 0.124716 0.712684 0.133085 0.711088 0.138601 0.709491 0.143766 0.706873 0.152912 0.704703 0.158438 0.704233 0.165128 0.704139 0.171467
4 21 0.79559 0.237268 0.791119 0.244099 0.819034 0.279306 0.838522 0.302928 0.852104 0.316215 0.866867 0.325811 0.879268 0.330979 0.902299 0.334669 0.935369 0.339837 1 0.337622 1 0.328026 0.938322 0.33024 0.905252 0.32655 0.88104 0.322859 0.87041 0.319906 0.855057 0.308833 0.839112 0.291117 0.821396 0.26971
3 21 0.741351 0.189722 0.745691 0.187009 0.74695 0.18111 0.780686 0.2205 0.79559 0.237268 0.791119 0.244099 0.778698 0.229816
0 21 0.707052 0.157222 0.709483 0.157222 0.710091 0.159121 0.710091 0.161781 0.709179 0.1633 0.707659 0.1633 0.706748 0.16292 0.70614 0.161021 0.70614 0.159121 0.707052 0.157222 0.701322 0.145996 0.702543 0.142827 0.70151 0.140949 0.700008 0.140362 0.698693 0.141066 0.69813 0.143531 0.698787 0.145996 0.701322 0.145996
1 21 0.715266 0.124716 0.71306 0.131676 0.711369 0.138954 0.709585 0.143883 0.706873 0.152912 0.704703 0.158321 0.704327 0.165598 0.704045 0.171819 0.703725 0.181108 0.695002 0.174508 0.68996 0.167419 0.684289 0.157966 0.683659 0.150089 0.684919 0.142212 0.68744 0.133548 0.693111 0.127246 0.701303 0.121732 0.707605 0.120945
1 1 0.404117 0.00503243 0.409449 0.0070726 0.413693 0.00924878 0.419677 0.0136011 0.424247 0.0179535 0.427511 0.023394 0.427947 0.0291065 0.427294 0.0390353 0.424138 0.047332 0.417827 0.0535885 0.403464 0.058621 0.394325 0.0575329 0.395521 0.0492362 0.400853 0.024074 0.403138 0.0110169
0 1 0.401121 0.0469623 0.398945 0.0498186 0.39938 0.0532188 0.401883 0.0541709 0.403281 0.0536133 0.404603 0.0526748 0.40482 0.0498186 0.403297 0.0470983
2 1 0.404141 0.00507813 0.4025 0.0138672 0.400703 0.0243164 0.397813 0.0384766 0.395859 0.0487305 0.394297 0.0573242 0.389062 0.0552734 0.378672 0.0486328 0.36875 0.037793 0.362656 0.0276367 0.362031 0.0205078 0.364063 0.015625 0.370859 0.00869141 0.381406 0.00371094 0.393047 0.00263672
3 1 0.3625 0.0270508 0.344687 0.0229492 0.326484 0.0140625 0.315078 0.00400391 0.310469 0.000292969 0.321563 0.000292969 0.332187 0.00791016 0.348594 0.0161133 0.359141 0.0177734 0.36375 0.0170898 0.362031 0.0209961
