4 8 0.873342 0.511475 0.88157 0.506332 0.900798 0.521352 0.919462 0.537629 0.935957 0.554991 0.950281 0.568556 0.965473 0.584833 0.982836 0.59677 1 0.603823 1 0.614675 0.981533 0.604909 0.962869 0.591887 0.940732 0.571811 0.919462 0.553364 0.899062 0.533288
3 8 0.848285 0.461453 0.849742 0.44187 0.853468 0.4435 0.861137 0.4435 0.860252 0.446026 0.858383 0.461453 0.861374 0.476413 0.868106 0.492308 0.88157 0.506332 0.873342 0.511475 0.864366 0.501657 0.857635 0.490905 0.850529 0.470803
1 8 0.835524 0.400726 0.841784 0.398118 0.860145 0.402812 0.87642 0.409072 0.886018 0.415332 0.888105 0.39825 0.882682 0.37549 0.870672 0.364352 0.858663 0.362415 0.845879 0.368226 0.839293 0.378396 0.836581 0.386143
2 8 0.835524 0.400726 0.835941 0.415332 0.840114 0.428372 0.845122 0.439848 0.853468 0.4435 0.864318 0.4435 0.87642 0.433589 0.886018 0.415332 0.87642 0.409072 0.860145 0.402812 0.841784 0.398118
4 22 0.387384 0.311854 0.394612 0.316782 0.390114 0.327067 0.374565 0.325123 0.361349 0.310546 0.352019 0.28042 0.348132 0.243491 0.344245 0.190042 0.338025 0.164775 0.323254 0.132705 0.334138 0.139508 0.343467 0.150198 0.352797 0.175465 0.356684 0.208506 0.362126 0.272646 0.363681 0.289166 0.370678 0.304715 0.377675 0.311518
3 22 0.414392 0.262824 0.405453 0.285982 0.392312 0.306104 0.387384 0.311854 0.394612 0.316782 0.404139 0.308979 0.411367 0.298302 0.418594 0.283107 0.422863 0.264094
1 22 0.407277 0.207341 0.412359 0.207341 0.427945 0.218776 0.442176 0.226823 0.448614 0.230211 0.452599 0.21134 0.452344 0.201953 0.451562 0.195215 0.449297 0.189941 0.445119 0.184693 0.434274 0.180953 0.426794 0.180953 0.418192 0.185161 0.411875 0.192383
2 22 0.407277 0.207341 0.403888 0.222164 0.403888 0.240376 0.40931 0.258165 0.414392 0.262824 0.422863 0.264094 0.436755 0.256894 0.445903 0.2408 0.448614 0.230211 0.442176 0.226823 0.427945 0.218776 0.412359 0.207341
4 29 0.306812 0.4536 0.314044 0.446066 0.288904 0.404754 0.265841 0.36462 0.245491 0.330138 0.218456 0.264792 0.204638 0.219759 0.194768 0.163623 0.186636 0.096288 0.182499 0.046515 0.177845 0 0.170605 0 0.173708 0.060089 0.184567 0.16222 0.196461 0.221042 0.204735 0.258533 0.221283 0.301196 0.246104 0.350322 0.286439 0.41884
3 29 0.306812 0.4536 0.314044 0.446066 0.333331 0.484236 0.351866 0.516862 0.346753 0.518252 0.344085 0.523255 0.336947 0.511358
1 29 0.348422 0.572501 0.35215 0.569206 0.360942 0.557374 0.371792 0.547985 0.384311 0.544333 0.387649 0.539638 0.393107 0.545801 0.39833 0.558859 0.397125 0.571918 0.391098 0.585981 0.383464 0.592008 0.375026 0.59251 0.368597 0.592008 0.360561 0.586985 0.354936 0.580958
2 29 0.348422 0.572501 0.340911 0.553201 0.339242 0.542768 0.340076 0.530771 0.346753 0.518252 0.356351 0.515643 0.362611 0.517208 0.372209 0.523468 0.387649 0.539638 0.384311 0.544333 0.371792 0.547985 0.360942 0.557374 0.352059 0.569206
4 36 0.249329 0.639343 0.250643 0.647557 0.278198 0.64292 0.312979 0.63544 0.335419 0.629831 0.360477 0.621416 0.380672 0.606923 0.394136 0.593366 0.399746 0.580744 0.403112 0.564381 0.40386 0.542877 0.412569 0.497845 0.416443 0.467338 0.417588 0.415391 0.417171 0.378877 0.420092 0.344449 0.422596 0.330886 0.430525 0.311064 0.44054 0.290199 0.457756 0.244395 0.454966 0.23762 0.440161 0.264763 0.416472 0.314731 0.412031 0.338789 0.40907 0.372101 0.408082 0.440576 0.407095 0.48129 0.401667 0.515836 0.393107 0.545801 0.39833 0.558859 0.397125 0.571918 0.391098 0.585981 0.383464 0.592008 0.372246 0.600818 0.360092 0.611127 0.336653 0.621978 0.302796 0.629574 0.264164 0.637171
3 36 0.179821 0.650465 0.192493 0.650842 0.249329 0.639343 0.250643 0.647557 0.229617 0.652895 0.200049 0.660698 0.181863 0.662141 0.182452 0.65478
1 36 0.130996 0.642753 0.132477 0.648 0.135576 0.659622 0.142937 0.665918 0.14991 0.67076 0.151847 0.675118 0.149135 0.684803 0.140703 0.685147 0.132475 0.68281 0.124247 0.674862 0.11976 0.661772 0.121256 0.652423 0.126117 0.64541
2 36 0.130996 0.643073 0.147586 0.63541 0.156883 0.63202 0.164631 0.634442 0.176253 0.644611 0.182452 0.65478 0.181677 0.664465 0.174704 0.677055 0.165793 0.680929 0.149135 0.684803 0.151847 0.675118 0.14991 0.67076 0.142937 0.665918 0.135576 0.659622 0.132477 0.648
4 42 0.570379 0.273498 0.578414 0.274 0.568676 0.231356 0.558313 0.186323 0.545481 0.153628 0.533637 0.124018 0.525741 0.097491 0.523791 0.072768 0.521205 0.035277 0.516034 0.01136 0.512414 0 0.503106 0 0.510863 0.023642 0.510863 0.056608 0.516034 0.083757 0.524308 0.118016 0.538787 0.160032 0.551715 0.193644 0.559989 0.225964
3 42 0.558782 0.357962 0.566667 0.357962 0.57258 0.364533 0.578816 0.337283 0.581629 0.304637 0.578414 0.274 0.570379 0.273498 0.572388 0.302126 0.569575 0.328243
1 42 0.533157 0.401082 0.536442 0.403956 0.546016 0.411523 0.551719 0.41709 0.557139 0.423668 0.548597 0.43065 0.541698 0.431471 0.534799 0.426954 0.531797 0.415527 0.532266 0.406934
2 42 0.533157 0.401082 0.538413 0.38137 0.549583 0.365354 0.558782 0.357962 0.566667 0.357962 0.57258 0.364533 0.574223 0.374799 0.574223 0.386709 0.570938 0.399439 0.563516 0.413281 0.557422 0.423438 0.551719 0.417383 0.545781 0.411523 0.536442 0.403956
4 50 0.494104 0.446661 0.500462 0.455076 0.485052 0.488799 0.473158 0.537278 0.465918 0.592869 0.460145 0.657029 0.45843 0.687049 0.46472 0.7185 0.474441 0.739943 0.478444 0.761387 0.477872 0.774968 0.465292 0.831435 0.452711 0.88147 0.444706 0.88147 0.459573 0.830006 0.468723 0.784975 0.468723 0.761387 0.461289 0.735655 0.451568 0.709922 0.449852 0.692053 0.450328 0.631728 0.460592 0.570597 0.468441 0.517768 0.479913 0.477014
3 50 0.530832 0.377325 0.538413 0.38137 0.527763 0.408326 0.500462 0.455076 0.494104 0.446661 0.50495 0.428428 0.521031 0.397106
1 50 0.51337 0.325409 0.526113 0.326589 0.539328 0.328949 0.553015 0.335438 0.564382 0.342543 0.569575 0.328243 0.571599 0.311529 0.567912 0.304156 0.563547 0.299528 0.554256 0.292559 0.542797 0.289849 0.532267 0.291011 0.522356 0.297205 0.516162 0.308819 0.514304 0.316562
2 50 0.51337 0.325409 0.526113 0.326589 0.539328 0.328949 0.553015 0.335438 0.564382 0.342543 0.558782 0.357962 0.549583 0.365354 0.538413 0.38137 0.530832 0.377325 0.523753 0.369656 0.513842 0.338388
4 57 0.395393 0.913729 0.397924 0.90424 0.372281 0.899545 0.335386 0.889778 0.305001 0.880554 0.280694 0.86699 0.258123 0.842574 0.247271 0.825754 0.235117 0.818158 0.177821 0.792114 0.175217 0.79537 0.186502 0.801338 0.216453 0.818701 0.237722 0.829552 0.251612 0.848 0.265502 0.86699 0.289375 0.884895 0.314985 0.895204 0.350144 0.903885
3 57 0.395393 0.913729 0.397924 0.90424 0.426843 0.913277 0.465316 0.921569 0.465316 0.927641 0.466564 0.932581 0.460823 0.932255
2 57 0.489531 0.95459 0.484764 0.951484 0.475414 0.945874 0.46756 0.936524 0.465316 0.927641 0.465316 0.918759 0.470926 0.902397 0.47691 0.898189 0.485138 0.897722 0.499349 0.898657 0.512439 0.902864 0.523285 0.912214 0.512065 0.918759 0.500097 0.926239 0.492992 0.940731 0.489626 0.951016
1 57 0.489626 0.951016 0.492992 0.940731 0.500097 0.926239 0.512065 0.918759 0.523285 0.912214 0.52734 0.915711 0.527702 0.924297 0.526256 0.936045 0.521195 0.946438 0.512158 0.950053 0.49806 0.954119 0.489384 0.954571
0 29 0.375723 0.548772 0.375 0.553288 0.376355 0.556223 0.379335 0.556223 0.382858 0.551481 0.383309 0.546514 0.381684 0.54482 0.379064 0.545498 0.376716 0.546288
0 22 0.4375 0.209473 0.434297 0.20957 0.431562 0.20957 0.430078 0.213379 0.430703 0.215723 0.435391 0.218945 0.44125 0.219727 0.443828 0.21748 0.443438 0.215039 0.441016 0.211719 0.4375 0.209473 0.443984 0.194434 0.446094 0.197754 0.445781 0.198535 0.417812 0.197559 0.416172 0.196289 0.414687 0.19668 0.412812 0.19668 0.411562 0.200586 0.412812 0.201953 0.415313 0.202832 0.417344 0.202344 0.417891 0.200977 0.417812 0.197559 0.445781 0.198535 0.444531 0.200391 0.441172 0.200488 0.437891 0.199414 0.434453 0.196484 0.433203 0.193652 0.435391 0.19209 0.438594 0.192578 0.443984 0.194434
0 36 0.145469 0.67002 0.144297 0.672168 0.144375 0.675195 0.145078 0.677637 0.146719 0.677734 0.148828 0.677344 0.150391 0.675684 0.150391 0.675195 0.150625 0.672656 0.149297 0.67041 0.147969 0.669434
0 42 0.537109 0.410352 0.534531 0.412891 0.53375 0.420801 0.535703 0.425977 0.541172 0.427539 0.545859 0.425488 0.547656 0.42334 0.547969 0.420605 0.547266 0.414746 0.543828 0.410059 0.538906 0.408984
0 50 0.557909 0.343639 0.556435 0.347983 0.556435 0.351273 0.558015 0.353116 0.560963 0.350878 0.563069 0.345482 0.5617 0.342718 0.56012 0.342192 0.557909 0.343639 0.537694 0.318633 0.538641 0.315606 0.536851 0.313763 0.534324 0.313632 0.532008 0.314553 0.528639 0.319291 0.529481 0.322055 0.533587 0.322187 0.537694 0.318633
0 57 0.512188 0.931055 0.509609 0.928613 0.506641 0.928711 0.504609 0.928906 0.502578 0.931152 0.500156 0.93623 0.501406 0.940039 0.505859 0.940527 0.509531 0.939453 0.511797 0.937109 0.512188 0.931055 0.516641 0.925098 0.518203 0.927344 0.5225 0.928125 0.52375 0.926562 0.524297 0.923535 0.522813 0.921387 0.521406 0.920801 0.519375 0.920703 0.51625 0.922656 0.516641 0.925098
