0 6 0.425258 0.601203 0.423597 0.599646 0.423182 0.59757 0.423182 0.594456 0.426089 0.593418 0.42941 0.593937 0.430241 0.597051 0.430241 0.599127 0.428995 0.601203
4 6 0.304707 0.641083 0.307442 0.651339 0.29266 0.659291 0.267684 0.671433 0.245483 0.679238 0.218425 0.683574 0.197611 0.684441 0.170554 0.681839 0.140721 0.677503 0.120601 0.669698 0.092156 0.651486 0.082443 0.637611 0.069955 0.59078 0.050529 0.517065 0.018614 0.409528 0.013064 0.387847 0.020002 0.393918 0.031796 0.426873 0.055385 0.510127 0.074117 0.582108 0.087299 0.628071 0.095625 0.641947 0.110194 0.652354 0.132395 0.664495 0.165003 0.6723 0.205243 0.674034 0.253114 0.664495 0.282947 0.649752
3 6 0.376637 0.604503 0.376363 0.608947 0.377731 0.61305 0.361047 0.619887 0.351201 0.626724 0.329869 0.639715 0.317835 0.647236 0.307442 0.651339 0.304707 0.641083 0.318929 0.634929 0.332057 0.626041 0.343544 0.617836 0.356124 0.611682 0.368158 0.606212
1 6 0.400174 0.571748 0.402066 0.580512 0.404625 0.59345 0.407964 0.610004 0.408632 0.620994 0.408854 0.636296 0.413751 0.635739 0.418648 0.635183 0.428327 0.627408 0.435438 0.617836 0.439814 0.604161 0.436532 0.587751 0.428874 0.578179 0.420122 0.572025 0.408636 0.570658
2 6 0.394961 0.573393 0.384021 0.582281 0.379098 0.589119 0.37691 0.600059 0.376637 0.604503 0.376363 0.608947 0.377731 0.61305 0.379098 0.617152 0.38785 0.627408 0.398243 0.633562 0.408743 0.636435 0.409188 0.620994 0.408186 0.611117 0.406962 0.606665 0.40329 0.58705 0.399951 0.571609
4 12 0.180778 0.464384 0.186219 0.456346 0.169895 0.439651 0.128839 0.397605 0.091739 0.358032 0.061565 0.324643 0.040295 0.302383 0.034359 0.28507 0.030896 0.261574 0.030896 0.239932 0.036832 0.220146 0.059092 0.173153 0.070469 0.157695 0.062554 0.160787 0.047715 0.176863 0.031391 0.212726 0.023476 0.231276 0.022487 0.251681 0.023476 0.27023 0.027928 0.28878 0.035843 0.309185 0.047715 0.325261 0.085803 0.365452 0.152582 0.435941
3 12 0.234358 0.524563 0.238684 0.518074 0.242144 0.516452 0.22876 0.501483 0.203038 0.474895 0.186219 0.456346 0.180778 0.464384 0.208479 0.494063 0.224803 0.511377
0 12 0.275202 0.547126 0.273127 0.5441 0.273127 0.541075 0.274511 0.538481 0.276585 0.538049 0.279352 0.539778 0.280389 0.542804 0.280389 0.5441 0.279006 0.546694 0.277968 0.54799
1 12 0.231763 0.571066 0.238684 0.564577 0.24301 0.557547 0.247768 0.554303 0.252959 0.554303 0.261178 0.554303 0.270262 0.547274 0.276318 0.541866 0.284105 0.52997 0.287133 0.537541 0.288863 0.548355 0.289296 0.560251 0.282807 0.576473 0.271127 0.585124 0.262043 0.587287 0.250364 0.587287 0.241279 0.58188
2 12 0.234358 0.524563 0.238684 0.518074 0.242144 0.516452 0.254257 0.513749 0.264206 0.514289 0.275021 0.520237 0.284105 0.52997 0.276318 0.541866 0.270262 0.547274 0.261178 0.554303 0.252959 0.554303 0.247768 0.554303 0.24301 0.557547 0.238684 0.564577 0.231763 0.571066 0.228735 0.560251 0.227869 0.546733 0.230465 0.533215
4 17 0.595871 0.260007 0.601064 0.254106 0.581847 0.224562 0.550038 0.181742 0.512724 0.137394 0.485809 0.106808 0.443601 0.065518 0.419133 0.043344 0.382431 0.024228 0.369585 0.020405 0.359186 0.020405 0.34267 0.024228 0.333494 0.025757 0.322484 0.024993 0.299239 0.01964 0.275383 0.014288 0.252749 0.010465 0.236233 0.008936 0.217882 0.008171 0.205036 0.005877 0.187909 0.006642 0.168946 0.018111 0.154265 0.029581 0.139584 0.031874 0.117563 0.033404 0.091871 0.03111 0.06985 0.03111 0.053945 0.034168 0.080249 0.038756 0.124903 0.04105 0.137137 0.041815 0.148148 0.04105 0.15977 0.037227 0.171393 0.026522 0.179957 0.01964 0.187909 0.016582 0.199531 0.015053 0.212989 0.018876 0.230116 0.023464 0.249079 0.02117 0.258255 0.01964 0.279053 0.023464 0.316367 0.036462 0.33533 0.037992 0.352457 0.034168 0.370197 0.03111 0.386101 0.034933 0.416075 0.051755 0.440543 0.075458 0.476022 0.112925 0.517006 0.158039 0.563496 0.213092 0.58674 0.246736
3 17 0.6275 0.344391 0.63411 0.34203 0.638358 0.34203 0.635054 0.325508 0.630333 0.308395 0.62514 0.297773 0.601064 0.254106 0.595871 0.260007 0.603425 0.272399 0.615226 0.294823 0.623724 0.314886 0.627028 0.322557 0.6275 0.337309
1 17 0.628917 0.409301 0.634582 0.40222 0.637414 0.398679 0.649688 0.390418 0.66149 0.386287 0.664795 0.383927 0.667627 0.393369 0.669515 0.40517 0.668099 0.416382 0.664322 0.427594 0.657241 0.433495 0.648744 0.434675 0.640247 0.431135 0.63411 0.424644 0.631277 0.418743
2 17 0.627028 0.40222 0.62278 0.382157 0.62278 0.367994 0.624668 0.352062 0.6275 0.344391 0.63411 0.34203 0.638358 0.34203 0.645439 0.346751 0.653937 0.360913 0.664795 0.383927 0.66149 0.386287 0.649688 0.390418 0.637414 0.398679 0.634582 0.40222 0.628917 0.409301
4 22 0.64842 0.207743 0.654537 0.206214 0.647277 0.17472 0.63946 0.157347 0.623824 0.126946 0.59516 0.092201 0.566495 0.068314 0.533488 0.044427 0.497006 0.029226 0.461392 0.009682 0.443151 0 0.425779 0 0.451837 0.017282 0.476159 0.029226 0.520458 0.047684 0.552597 0.0694 0.579525 0.091115 0.600372 0.110659 0.616875 0.13346 0.630773 0.159519 0.640962 0.183555
3 22 0.664936 0.297205 0.671665 0.294146 0.667995 0.272737 0.660654 0.23527 0.654537 0.206214 0.64842 0.207743 0.65209 0.229153 0.658208 0.258973 0.663101 0.284971
1 22 0.65209 0.325496 0.656984 0.333143 0.661266 0.336201 0.671665 0.336966 0.680841 0.332378 0.690628 0.321673 0.69858 0.303322 0.705309 0.309439 0.708367 0.323202 0.708367 0.341554 0.70225 0.358375 0.690628 0.367551 0.678394 0.366786 0.66983 0.363728 0.658208 0.353023 0.652702 0.340024
2 22 0.65209 0.325496 0.655761 0.312498 0.660654 0.301793 0.664936 0.297205 0.671665 0.294146 0.677782 0.295676 0.690628 0.297205 0.696745 0.300263 0.69858 0.303322 0.690628 0.321673 0.680841 0.332378 0.671665 0.336966 0.661266 0.336201 0.656984 0.333143
4 28 0.634481 0.661517 0.639239 0.667465 0.6641 0.644949 0.691449 0.620334 0.722628 0.594352 0.742866 0.581361 0.774592 0.571789 0.788814 0.56837 0.806864 0.569054 0.830385 0.576575 0.882349 0.597771 0.930484 0.620334 1 0.642897 1 0.634693 0.964397 0.622385 0.938142 0.612129 0.92392 0.607343 0.877426 0.587515 0.836949 0.571789 0.810146 0.561533 0.793189 0.559481 0.777327 0.560849 0.757088 0.566319 0.739037 0.57384 0.719893 0.585463 0.678868 0.621018 0.645502 0.650419
3 28 0.597619 0.754114 0.601082 0.749167 0.607512 0.749167 0.602038 0.739922 0.602038 0.725322 0.605066 0.712345 0.608959 0.702071 0.615015 0.69342 0.630588 0.675035 0.639239 0.667465 0.634481 0.661517 0.618476 0.676657 0.608526 0.688553 0.598144 0.702612 0.595116 0.710723 0.593386 0.725322 0.593386 0.735055 0.595981 0.748574
0 28 0.6042 0.813461 0.600307 0.811298 0.599442 0.80589 0.602038 0.801024 0.608094 0.801565 0.609391 0.804268 0.609391 0.808594 0.607229 0.81292
1 28 0.587726 0.80729 0.599103 0.800488 0.606028 0.796778 0.6179 0.794923 0.627299 0.793686 0.632245 0.791832 0.635708 0.799251 0.637192 0.812236 0.637192 0.827076 0.630761 0.840679 0.621363 0.845007 0.610975 0.844389 0.602566 0.840061 0.593662 0.831404 0.58921 0.817801
2 28 0.587726 0.798633 0.590199 0.78132 0.593167 0.767099 0.597619 0.754114 0.601082 0.749167 0.607512 0.749167 0.613448 0.754114 0.621363 0.767099 0.632245 0.791832 0.627299 0.793686 0.6179 0.794923 0.606028 0.796778 0.599103 0.800488 0.587726 0.80729
0 22 0.683867 0.335095 0.682335 0.33783 0.682335 0.341523 0.684961 0.342754 0.687806 0.34166 0.688135 0.336736 0.686712 0.335232 0.68518 0.335095
0 17 0.646797 0.398145 0.646172 0.401074 0.646953 0.403613 0.649609 0.403613 0.651328 0.401172 0.651875 0.398047 0.650234 0.39668 0.64875 0.39668
