4 5 0.704585 0.160083 0.712243 0.158032 0.712483 0.192144 0.714887 0.252242 0.717291 0.31835 0.723702 0.383457 0.725304 0.407496 0.731715 0.44656 0.743734 0.514671 0.758959 0.587791 0.768575 0.639876 0.774184 0.675935 0.776588 0.693965 0.777389 0.722011 0.781396 0.783111 0.777389 0.783111 0.774986 0.781107 0.770178 0.69697 0.76537 0.661912 0.756555 0.613834 0.742132 0.537709 0.726907 0.464589 0.718092 0.405493 0.710881 0.307332 0.706874 0.230206 0.70447 0.171109
3 5 0.728265 0.059679 0.734321 0.065627 0.725917 0.074616 0.719354 0.086923 0.714431 0.099231 0.712243 0.108119 0.710602 0.119743 0.711149 0.138887 0.712243 0.158032 0.704585 0.160083 0.702944 0.134101 0.702944 0.110854 0.707867 0.087607 0.712243 0.0753 0.720448 0.065727
1 5 0.739944 0.013176 0.744703 0.016961 0.746866 0.022909 0.752922 0.032102 0.75941 0.043457 0.769792 0.060219 0.777579 0.053731 0.783635 0.045079 0.787528 0.034265 0.789691 0.020206 0.785365 0.007769 0.779742 0 0.772388 0 0.752057 0 0.746 0.006688
2 5 0.739944 0.013176 0.731725 0.026154 0.728265 0.036968 0.7274 0.047242 0.728265 0.059679 0.734321 0.065627 0.743405 0.070493 0.752057 0.070493 0.762006 0.067249 0.769792 0.060219 0.75941 0.043457 0.752922 0.032102 0.746866 0.022909 0.744703 0.016961
4 11 0.349998 0.581821 0.355191 0.588312 0.384996 0.562147 0.427662 0.524542 0.462669 0.497192 0.49166 0.478731 0.533231 0.454117 0.583007 0.426767 0.619108 0.406255 0.634971 0.396683 0.653569 0.389162 0.666697 0.386427 0.682012 0.389162 0.698422 0.402153 0.708268 0.41446 0.709909 0.424032 0.709362 0.432921 0.707174 0.440442 0.701704 0.452065 0.687482 0.464373 0.676542 0.468475 0.66068 0.47121 0.651928 0.473261 0.653022 0.475996 0.657945 0.478048 0.667791 0.478731 0.678183 0.47668 0.69514 0.467791 0.706627 0.455484 0.713738 0.443861 0.716473 0.429502 0.714285 0.413776 0.70608 0.400785 0.694046 0.389162 0.679824 0.380273 0.66615 0.377538 0.660133 0.377538 0.641535 0.383692 0.621296 0.394631 0.592306 0.413776 0.546359 0.439074 0.493848 0.469159 0.453917 0.495141 0.416175 0.525225 0.380621 0.554626 0.36257 0.570352
3 11 0.276827 0.626078 0.278243 0.633159 0.285324 0.633159 0.294765 0.630799 0.3094 0.623128 0.333004 0.606015 0.349526 0.593033 0.355191 0.588312 0.349998 0.581821 0.337724 0.592443 0.322146 0.603654 0.310816 0.611916 0.299014 0.618407 0.285796 0.623128
0 11 0.23385 0.648689 0.231018 0.644558 0.230546 0.638657 0.233378 0.634527 0.238099 0.635117 0.240459 0.638657 0.240932 0.644558 0.239515 0.648689 0.236683 0.650459
1 11 0.245845 0.604204 0.246568 0.60951 0.246478 0.619107 0.245484 0.629606 0.244253 0.645551 0.243781 0.660894 0.244253 0.669745 0.236228 0.669745 0.228203 0.667385 0.218289 0.660894 0.212152 0.651452 0.209792 0.64083 0.210736 0.629029 0.216873 0.620767 0.228675 0.611326 0.239532 0.606015
2 11 0.248502 0.603654 0.256999 0.603064 0.263136 0.607195 0.27305 0.618997 0.276827 0.626078 0.278243 0.633159 0.278243 0.63729 0.275882 0.650272 0.271162 0.657943 0.265025 0.663844 0.256055 0.667975 0.244253 0.669745 0.243781 0.660894 0.244253 0.645551 0.245394 0.630171 0.246297 0.61922 0.246749 0.609285 0.245845 0.603866
4 17 0.425495 0.835034 0.429821 0.841523 0.404164 0.863492 0.375072 0.88752 0.348577 0.911547 0.332472 0.925833 0.320004 0.941419 0.309094 0.953108 0.301301 0.960251 0.29247 0.967394 0.284157 0.971291 0.274806 0.977135 0.261299 0.984928 0.237921 1 0.231687 0.999214 0.259221 0.975187 0.278962 0.964147 0.295587 0.955056 0.31377 0.938172 0.330394 0.917391 0.345979 0.901806 0.370916 0.878428 0.40832 0.846608
3 17 0.488652 0.780421 0.49341 0.78745 0.479135 0.80205 0.443663 0.830708 0.429821 0.841523 0.425495 0.835034 0.446692 0.81719 0.468321 0.799887 0.48 0.787991
1 17 0.50682 0.730674 0.517768 0.752009 0.525982 0.771094 0.529732 0.775893 0.531786 0.78192 0.540982 0.773661 0.549646 0.757169 0.552241 0.746896 0.552241 0.737163 0.547915 0.725807 0.541071 0.720759 0.534911 0.719196 0.526071 0.719196 0.5125 0.725446
2 17 0.502927 0.732837 0.493843 0.74257 0.489084 0.750681 0.486921 0.758792 0.486489 0.766902 0.486489 0.77285 0.488652 0.780421 0.49341 0.78745 0.504225 0.790154 0.5185 0.788531 0.531518 0.782031 0.529732 0.775893 0.526339 0.77154 0.522054 0.761496 0.516875 0.750893 0.511339 0.739955 0.50682 0.730674
4 23 0.59792 0.967236 0.60407 0.973962 0.590618 0.991257 0.582931 1 0.572938 1 0.587159 0.982129 0.593308 0.973962
3 23 0.642967 0.908005 0.643382 0.915271 0.645873 0.919942 0.642889 0.919673 0.640967 0.919673 0.640198 0.92784 0.637892 0.935527 0.629437 0.944175 0.616753 0.958588 0.60407 0.973962 0.59792 0.967236 0.610988 0.952823 0.619444 0.942734 0.625593 0.936488 0.628284 0.929762 0.628668 0.920634 0.629437 0.913428 0.631743 0.908143 0.635586 0.906221
0 23 0.68192 0.906027 0.682568 0.901165 0.685485 0.898734 0.689375 0.899544 0.690671 0.903191 0.690995 0.907647 0.690023 0.910888 0.688078 0.912104 0.685161 0.911293 0.683865 0.909268
1 23 0.664258 0.879734 0.667879 0.88413 0.673692 0.893472 0.677429 0.901258 0.681166 0.916828 0.684073 0.939665 0.694453 0.934474 0.702342 0.927208 0.708985 0.917347 0.711061 0.904372 0.710231 0.890358 0.706079 0.883611 0.699435 0.877902 0.693622 0.875307 0.683242 0.873231 0.674108 0.874269 0.667879 0.876864
2 23 0.664062 0.879611 0.661236 0.882054 0.654593 0.887763 0.649195 0.89451 0.644212 0.900738 0.642967 0.908005 0.643382 0.915271 0.645873 0.919942 0.654593 0.933955 0.661236 0.940184 0.669125 0.941741 0.676599 0.941741 0.684073 0.939665 0.681166 0.916828 0.677429 0.901258 0.673692 0.893472 0.667879 0.88413
0 17 0.535357 0.743638 0.531696 0.744866 0.530804 0.748214 0.531071 0.750893 0.532411 0.752455 0.534643 0.754241 0.5375 0.753683 0.539196 0.750112 0.539018 0.745089 0.536964 0.744196
