2 8 0.839582 0.462034 0.841269 0.453075 0.843377 0.444643 0.848436 0.43621 0.856869 0.42567 0.858555 0.423562 0.86235 0.42567 0.868906 0.430664 0.87289 0.437791 0.875625 0.442285 0.877344 0.447754 0.877106 0.46098 0.878177 0.472122 0.873312 0.477318 0.866988 0.482588 0.856447 0.483643 0.850123 0.483643 0.845485 0.482588 0.842534 0.477845 0.840004 0.472575 0.839582 0.468886
1 8 0.858555 0.423562 0.86235 0.42567 0.869141 0.43125 0.87289 0.437791 0.875547 0.44209 0.877344 0.447559 0.877106 0.46098 0.878202 0.472385 0.884483 0.460875 0.891402 0.444329 0.892605 0.436432 0.891703 0.431168 0.886589 0.423647 0.881174 0.418759 0.876962 0.418383 0.86884 0.418759 0.862523 0.421015
0 8 0.868572 0.4377 0.867116 0.438913 0.864528 0.439116 0.862101 0.438913 0.861292 0.438104 0.860807 0.436487 0.860807 0.434262 0.862263 0.431229 0.864204 0.429813 0.866793 0.429207 0.868087 0.429813 0.869705 0.433251 0.869867 0.43588 0.868572 0.4377 0.881086 0.453486 0.883089 0.451817 0.885 0.450195 0.88625 0.449512 0.884389 0.435594 0.88646 0.4342 0.88678 0.432606 0.886621 0.431212 0.885346 0.429818 0.883753 0.428822 0.882637 0.428424 0.880884 0.428225 0.879928 0.428623 0.879292 0.429818 0.879728 0.432339 0.880884 0.434399 0.882956 0.435594 0.884389 0.435594 0.88625 0.449512 0.887422 0.45127 0.886595 0.453903 0.885927 0.456824 0.884758 0.45912 0.883423 0.461206 0.882421 0.462667 0.881086 0.463293 0.879918 0.463501 0.878749 0.463084 0.877887 0.46225 0.877915 0.460789 0.878081 0.458702 0.879743 0.455098 0.881086 0.453486
3 8 0.791376 0.520711 0.802215 0.513356 0.811197 0.505226 0.81832 0.497096 0.823585 0.492451 0.835044 0.480063 0.840914 0.474472 0.842534 0.477845 0.844203 0.480528 0.839704 0.484685 0.830934 0.495022 0.823166 0.503165 0.81615 0.510369 0.809384 0.516007 0.802368 0.521645 0.794851 0.527283
4 8 0.791376 0.520711 0.794851 0.527283 0.767645 0.548967 0.728599 0.5781 0.697778 0.603784 0.666957 0.622577 0.640647 0.636359 0.598962 0.659978 0.560757 0.68066 0.535488 0.689685 0.511722 0.696077 0.450068 0.701052 0.395214 0.700144 0.341449 0.703322 0.293497 0.705139 0.269884 0.701506 0.270974 0.69197 0.27824 0.692878 0.293861 0.69424 0.313477 0.694694 0.344356 0.693332 0.389765 0.691062 0.413378 0.691062 0.44026 0.692878 0.473681 0.690154 0.504559 0.685613 0.531078 0.679255 0.555781 0.669719 0.593198 0.65201 0.627346 0.631576 0.661857 0.610687 0.695278 0.590707 0.722887 0.569365 0.752312 0.548477 0.78537 0.523956
2 15 0.186097 0.320547 0.185509 0.328251 0.18458 0.3418 0.18427 0.351091 0.186128 0.362705 0.190154 0.371609 0.193561 0.375867 0.197897 0.377803 0.202233 0.37819 0.205949 0.376641 0.213072 0.370835 0.221434 0.361931 0.229796 0.347994 0.234751 0.33638 0.23568 0.330186 0.232266 0.328613 0.226953 0.327637 0.214531 0.328516 0.204453 0.32627 0.199453 0.322461 0.192322 0.314701 0.189225 0.312766 0.187677 0.314701
1 15 0.189225 0.312766 0.192322 0.314701 0.199219 0.322461 0.205234 0.326953 0.214375 0.32832 0.227109 0.327832 0.232344 0.328516 0.23568 0.330186 0.238491 0.321667 0.238222 0.310871 0.235792 0.302774 0.231744 0.296701 0.225536 0.292315 0.219059 0.29164 0.207993 0.292315 0.200166 0.296364 0.194498 0.301762 0.18991 0.308509
0 15 0.217729 0.31862 0.218481 0.322066 0.216978 0.325511 0.214723 0.326451 0.210713 0.327077 0.207456 0.327077 0.20411 0.32588 0.202695 0.324885 0.20069 0.323005 0.198435 0.3205 0.196932 0.317367 0.196932 0.313296 0.199187 0.311103 0.202194 0.30985 0.204449 0.309537 0.209962 0.311416 0.21372 0.313609 0.215224 0.315488 0.217729 0.31862 0.223883 0.310698 0.222687 0.305914 0.224073 0.301936 0.226514 0.300533 0.230101 0.300832 0.232254 0.303523 0.233689 0.306213 0.234167 0.309801 0.233689 0.312192 0.232493 0.313089 0.229862 0.313388 0.227471 0.313388 0.225797 0.312491 0.223883 0.310698
3 15 0.156144 0.455162 0.161035 0.442462 0.168561 0.417063 0.178345 0.399659 0.185118 0.386489 0.189994 0.371253 0.190154 0.371609 0.193561 0.375867 0.197897 0.377803 0.197976 0.37781 0.195654 0.385548 0.19302 0.393544 0.186247 0.403892 0.17985 0.417063 0.171948 0.437288 0.167432 0.457984
4 15 0.156144 0.455162 0.167432 0.457984 0.165282 0.468171 0.156927 0.488606 0.147119 0.508132 0.139853 0.520392 0.121764 0.547932 0.092334 0.588014 0.05939 0.627548 0.021614 0.675866 0 0.700574 0 0.683004 0.031717 0.645118 0.058072 0.610526 0.08311 0.579778 0.101559 0.556717 0.11869 0.533656 0.127036 0.522126 0.134503 0.509497 0.14241 0.494672 0.149438 0.480396 0.154269 0.463924
2 22 0.528468 0.246 0.538252 0.250233 0.550293 0.252585 0.559324 0.250704 0.566473 0.244118 0.571051 0.239123 0.573747 0.231942 0.573263 0.226551 0.570989 0.2206 0.565721 0.211663 0.558195 0.201315 0.552174 0.195671 0.546016 0.191895 0.544272 0.19426 0.53938 0.199904 0.534865 0.2079 0.531855 0.217778 0.529597 0.228596 0.528844 0.23283 0.526586 0.238004 0.525458 0.240826 0.525081 0.243178 0.525834 0.244118
1 22 0.54625 0.191602 0.544272 0.19426 0.53938 0.199904 0.534865 0.2079 0.531855 0.217778 0.529597 0.228596 0.528844 0.23283 0.526586 0.238004 0.525458 0.240826 0.524609 0.243066 0.51768 0.236817 0.512123 0.226216 0.511246 0.214518 0.514171 0.20282 0.520312 0.195509 0.527916 0.18966 0.53435 0.188929 0.540491 0.189294
3 22 0.569959 0.240315 0.571051 0.239123 0.573411 0.232838 0.582933 0.237416 0.600842 0.245531 0.612707 0.250568 0.629721 0.257284 0.635989 0.260642 0.63375 0.269317 0.627258 0.266518 0.609573 0.259243 0.593902 0.251967 0.577784 0.244132
4 22 0.63375 0.269317 0.635989 0.260642 0.659718 0.267917 0.683896 0.274913 0.707178 0.28079 0.729117 0.285547 0.750832 0.289464 0.78506 0.298214 0.807541 0.302698 0.851786 0.310471 0.860875 0.311368 0.869006 0.314656 0.879768 0.318244 0.899619 0.324223 0.921382 0.331398 0.934297 0.336779 0.957257 0.350531 0.972802 0.36219 0.983325 0.373251 0.989544 0.383116 0.993609 0.39358 0.995283 0.402847 0.997197 0.414805 0.998393 0.425568 1 0.440515 1 0.521985 0.998714 0.533412 0.996775 0.543454 0.99262 0.556959 0.989296 0.567 0.977514 0.599707 0.961166 0.636489 0.954627 0.634218 0.966252 0.606519 0.976061 0.581998 0.980783 0.565196 0.984416 0.558385 0.987685 0.55112 0.992408 0.532048 0.996041 0.509797 0.995314 0.492088 0.994588 0.462572 0.993861 0.448495 0.992771 0.431693 0.988412 0.409443 0.986596 0.39809 0.984416 0.390825 0.9826 0.384014 0.973154 0.370845 0.962983 0.364034 0.950631 0.356314 0.934647 0.34587 0.912851 0.33815 0.863446 0.322257 0.847462 0.317716 0.820216 0.313629 0.786068 0.305456 0.747198 0.297282 0.719589 0.292287 0.690164 0.284567 0.664735 0.277756 0.639669 0.270945
2 31 0.438677 0.181081 0.446956 0.183903 0.461255 0.186255 0.469157 0.182022 0.477812 0.174496 0.485714 0.160385 0.488348 0.150978 0.488348 0.142982 0.484609 0.137109 0.480938 0.138574 0.476307 0.139689 0.466899 0.144393 0.457116 0.147215 0.448837 0.151919 0.442064 0.160855 0.437548 0.167441 0.437172 0.171674 0.436796 0.174026
1 31 0.484609 0.137012 0.488348 0.142982 0.488348 0.150978 0.485714 0.160385 0.477812 0.174496 0.469157 0.182022 0.461255 0.186255 0.477304 0.187411 0.492804 0.181562 0.502747 0.174251 0.509181 0.164015 0.512398 0.154145 0.512983 0.147565 0.510643 0.141716 0.506841 0.137694 0.503039 0.13477 0.499822 0.133308 0.493096 0.132942 0.488655 0.135402
0 31 0.501098 0.153163 0.49954 0.152189 0.498955 0.150728 0.49876 0.148537 0.499734 0.145859 0.501682 0.144885 0.502851 0.145128 0.50441 0.146346 0.504994 0.147563 0.505189 0.150972 0.50402 0.152676 0.502462 0.153163 0.501098 0.153163 0.499182 0.159961 0.500749 0.16164 0.501196 0.165837 0.500301 0.170315 0.498062 0.172553 0.496048 0.172833 0.494928 0.172553 0.493585 0.169475 0.493137 0.166677 0.493137 0.163878 0.494317 0.161844 0.496719 0.159961 0.499182 0.159961
3 31 0.360223 0.199921 0.375832 0.19109 0.388485 0.186776 0.407873 0.181231 0.428084 0.175685 0.437134 0.171914 0.436796 0.174026 0.438343 0.179828 0.434821 0.181642 0.426276 0.184722 0.414939 0.188419 0.401629 0.190679 0.390949 0.193965 0.381255 0.197867 0.372711 0.202181 0.362687 0.207726
4 31 0.360223 0.199921 0.362687 0.207726 0.343513 0.219094 0.320447 0.231319 0.306054 0.240314 0.294429 0.24585 0.279673 0.251183 0.266755 0.252619 0.254443 0.253179 0.23922 0.25122 0.223549 0.25122 0.215266 0.25066 0.20564 0.253738 0.19579 0.258496 0.181271 0.267132 0.168114 0.274368 0.156273 0.283578 0.143906 0.292459 0.132591 0.303642 0.118119 0.324035 0.108119 0.340481 0.085369 0.374225 0.0736 0.388936 0.059044 0.415647 0.039843 0.453973 0.026168 0.479932 0.017086 0.492192 0 0.521708 0 0.493554 0.020719 0.459497 0.039972 0.4209 0.062858 0.380939 0.083202 0.352786 0.094463 0.337347 0.110811 0.311009 0.122799 0.292846 0.141326 0.276044 0.161669 0.262875 0.183102 0.250161 0.200539 0.241987 0.219793 0.238809 0.231781 0.240171 0.241952 0.241987 0.257936 0.241987 0.272467 0.240171 0.285182 0.236084 0.298623 0.231089 0.311701 0.223824 0.323689 0.217012 0.341126 0.208839 0.356384 0.201119
0 22 0.529687 0.207031 0.526484 0.20957 0.522891 0.21582 0.521641 0.222852 0.521875 0.227441 0.524453 0.231543 0.526563 0.232617 0.528047 0.230371 0.530625 0.222754 0.532656 0.215332 0.532656 0.209766 0.531641 0.207422
