4 6 0.321973 0.136791 0.326254 0.127615 0.293731 0.099532 0.262937 0.071402 0.227554 0.03758 0.210209 0.017634 0.196333 0 0.184539 0 0.206046 0.024571 0.235185 0.056659 0.264325 0.086145 0.296239 0.116498
3 6 0.382123 0.186178 0.383607 0.179376 0.386575 0.175666 0.36785 0.162788 0.340324 0.140614 0.326254 0.127615 0.321973 0.136791 0.341547 0.155907 0.358675 0.170435 0.372744 0.181139
0 6 0.416254 0.217094 0.413781 0.213384 0.413781 0.208438 0.417738 0.204728 0.421696 0.206583 0.42318 0.210293 0.42318 0.214621 0.420706 0.218331
1 6 0.406361 0.222659 0.414771 0.205964 0.419717 0.195453 0.42318 0.192361 0.42961 0.187415 0.434062 0.194216 0.436536 0.206583 0.436536 0.214002 0.434062 0.220186 0.428621 0.225751 0.42219 0.228224 0.412297 0.228224
2 6 0.386575 0.175666 0.383607 0.179376 0.382123 0.186178 0.383607 0.197926 0.389543 0.212766 0.399436 0.221422 0.406361 0.222659 0.414771 0.205964 0.419717 0.195453 0.42318 0.192361 0.42961 0.187415 0.418233 0.177521 0.407351 0.172575 0.396468 0.171338
3 21 0.585259 0.855374 0.588452 0.848388 0.588452 0.842899 0.596835 0.850883 0.62358 0.867349 0.647531 0.883816 0.655515 0.889803 0.650326 0.897288 0.632762 0.884315 0.598831 0.861861 0.590847 0.85737
1 21 0.541748 0.846392 0.54574 0.839906 0.553723 0.828928 0.557316 0.819946 0.562029 0.805723 0.566736 0.799134 0.562218 0.794075 0.554921 0.788012 0.545341 0.786016 0.535361 0.786515 0.524184 0.792004 0.518196 0.799488 0.517398 0.808969 0.518196 0.816454 0.522188 0.828429 0.530172 0.837411
2 21 0.541748 0.846392 0.552526 0.851881 0.565699 0.856372 0.573683 0.856871 0.581267 0.856372 0.585259 0.855374 0.588452 0.848388 0.588452 0.842899 0.582065 0.820944 0.573683 0.805476 0.567112 0.799016 0.562406 0.80537 0.559206 0.813135 0.557316 0.819946 0.553723 0.828928 0.54574 0.839906
4 21 0.650326 0.897288 0.655515 0.889803 0.677758 0.908253 0.721189 0.941298 0.752818 0.970213 0.785391 1 0.774061 1 0.727326 0.957821 0.692864 0.931266 0.658875 0.904122
4 11 0.486364 0.214385 0.49621 0.213017 0.494022 0.180882 0.490193 0.13849 0.480347 0.104303 0.473236 0.083107 0.460108 0.062595 0.431118 0.033194 0.408691 0.018836 0.371496 0 0.35618 0 0.386265 0.017468 0.410879 0.03251 0.433853 0.050288 0.44698 0.064646 0.459561 0.081056 0.468313 0.099517 0.476518 0.124131 0.481988 0.153532 0.484723 0.192505
0 11 0.493679 0.347018 0.49451 0.345286 0.496449 0.344248 0.499219 0.344248 0.501158 0.345286 0.501989 0.347018 0.502266 0.349788 0.501435 0.351173 0.499496 0.352558 0.496449 0.352558 0.493679 0.350827 0.493124 0.349096
3 11 0.486364 0.214385 0.49621 0.213017 0.49621 0.226008 0.497304 0.259511 0.498297 0.298643 0.494943 0.297245 0.48772 0.299503 0.488005 0.282759 0.486364 0.243102
1 11 0.47237 0.329412 0.47553 0.333927 0.49088 0.337877 0.502618 0.336184 0.515711 0.332234 0.517065 0.346906 0.516162 0.364965 0.513002 0.373994 0.50623 0.381895 0.498103 0.383588 0.489977 0.383588 0.485011 0.378509 0.479142 0.370044 0.474627 0.353114 0.47237 0.339006
2 11 0.47237 0.329412 0.475079 0.317561 0.481399 0.306275 0.48772 0.299503 0.494943 0.297245 0.500361 0.299503 0.506681 0.306839 0.513453 0.320383 0.515711 0.332234 0.502618 0.336184 0.49088 0.337877 0.47553 0.333927
4 16 0.602389 0.409316 0.611293 0.412408 0.619878 0.382651 0.636782 0.331451 0.659538 0.279438 0.686845 0.233926 0.715452 0.201418 0.74861 0.165659 0.783069 0.138839 0.816228 0.120147 0.856538 0.107144 0.881894 0.105518 0.915053 0.114458 0.939759 0.128274 0.945611 0.127461 0.94236 0.12096 0.915703 0.106331 0.887096 0.098204 0.868241 0.096579 0.846135 0.100642 0.814927 0.110395 0.777868 0.130712 0.743409 0.157532 0.713502 0.19004 0.689445 0.217672 0.670591 0.243678 0.651736 0.277812 0.635482 0.313571 0.622478 0.346892 0.608825 0.385902
3 16 0.578151 0.486606 0.584581 0.489698 0.587055 0.49279 0.597442 0.464965 0.605357 0.434667 0.611293 0.412408 0.602389 0.409316 0.597442 0.430339 0.591506 0.453217 0.585571 0.471767
0 16 0.551029 0.539507 0.554076 0.538468 0.557954 0.540545 0.559339 0.543316 0.559339 0.545393 0.558231 0.54851 0.555738 0.55128 0.552968 0.550934 0.551029 0.549202 0.550198 0.547125 0.549921 0.544008 0.550198 0.541584
1 16 0.544514 0.512576 0.550944 0.521232 0.558859 0.529271 0.56529 0.536691 0.573699 0.542255 0.585076 0.54782 0.581613 0.557714 0.574193 0.56637 0.56529 0.569462 0.55787 0.568843 0.545998 0.565133 0.538578 0.552149 0.536599 0.539164 0.536599 0.529889 0.538083 0.522469
2 16 0.544514 0.512576 0.554902 0.500209 0.566279 0.490935 0.578151 0.486606 0.584581 0.489698 0.587055 0.49279 0.590517 0.511339 0.590517 0.528034 0.585076 0.54782 0.573699 0.542255 0.56529 0.536691 0.558859 0.529271 0.550944 0.521232
