4 7 0.719859 0.505041 0.727828 0.503974 0.734082 0.533474 0.739267 0.557041 0.751993 0.594749 0.782159 0.663093 0.80337 0.704925 0.826937 0.743221 0.861646 0.790217 0.894164 0.827532 0.936277 0.872177 0.973593 0.904828 1 0.930816 1 0.944809 0.976258 0.919488 0.934145 0.880174 0.8883 0.832197 0.859513 0.800212 0.830727 0.763563 0.800874 0.715586 0.771555 0.65828 0.7465 0.602307 0.73264 0.560993 0.72571 0.535006
3 7 0.705475 0.445475 0.706129 0.445312 0.710667 0.440973 0.710704 0.440838 0.714452 0.452393 0.719118 0.466454 0.727828 0.503974 0.719859 0.505041 0.712422 0.469747 0.708949 0.45676
1 7 0.687344 0.386133 0.688906 0.390137 0.690234 0.393555 0.693844 0.396669 0.699609 0.4 0.703906 0.401758 0.7075 0.402637 0.713828 0.404199 0.712187 0.395703 0.709609 0.39043 0.707764 0.387273 0.705469 0.384082 0.70188 0.381757 0.698594 0.380176 0.692565 0.379306 0.685701 0.381145 0.686484 0.384082
2 7 0.679984 0.403075 0.679122 0.412951 0.679211 0.423237 0.681501 0.431319 0.682887 0.435983 0.685314 0.440647 0.689052 0.443964 0.693311 0.445978 0.699435 0.446985 0.706129 0.445312 0.710667 0.440973 0.713072 0.432279 0.71371 0.42099 0.713568 0.411328 0.713828 0.404297 0.708125 0.402734 0.703828 0.401562 0.699688 0.399902 0.693844 0.396669 0.690391 0.394043 0.688984 0.389941 0.687578 0.386035 0.685703 0.38125 0.682031 0.389746 0.681094 0.395215
4 12 0.571497 0.506834 0.58001 0.505652 0.581783 0.529183 0.586974 0.560003 0.594111 0.588389 0.607355 0.623353 0.627683 0.668727 0.661804 0.727714 0.693406 0.769995 0.735088 0.820167 0.765191 0.849113 0.794523 0.871304 0.843924 0.90025 0.88329 0.916652 0.91571 0.931125 0.94041 0.946563 0.948901 0.956211 0.950445 0.966825 0.948901 0.975508 0.942726 0.980333 0.938094 0.982262 0.931919 0.982262 0.922657 0.978403 0.920341 0.974544 0.921113 0.972614 0.933463 0.977438 0.94041 0.976473 0.945041 0.969719 0.943498 0.959106 0.936551 0.952352 0.924972 0.944633 0.893325 0.931125 0.834661 0.905074 0.803014 0.888672 0.773682 0.869375 0.726597 0.828851 0.683371 0.773854 0.664074 0.747803 0.649408 0.725612 0.63397 0.698596 0.617761 0.66965 0.601551 0.634916 0.592289 0.611759 0.585477 0.591692 0.576523 0.547622 0.572605 0.516144
3 12 0.559936 0.431293 0.562974 0.431293 0.566441 0.429668 0.570079 0.44831 0.575754 0.476094 0.58001 0.505652 0.571497 0.506834 0.568187 0.486144 0.563458 0.448901
1 12 0.53125 0.405859 0.534219 0.404395 0.538438 0.40127 0.544007 0.398613 0.552722 0.39605 0.560391 0.392676 0.570547 0.38877 0.576484 0.387891 0.5825 0.387207 0.579453 0.375977 0.575234 0.365918 0.568613 0.360166 0.561949 0.356962 0.55426 0.356321 0.543494 0.359525 0.53478 0.369137 0.532217 0.375544 0.530166 0.381952 0.529653 0.389001 0.529653 0.399253
2 12 0.531172 0.405957 0.534453 0.403906 0.544007 0.398613 0.552722 0.39605 0.560937 0.39248 0.570547 0.388672 0.582344 0.387305 0.580937 0.396582 0.579063 0.402441 0.576172 0.413867 0.570083 0.423799 0.567075 0.42937 0.562974 0.431293 0.557848 0.431293 0.551252 0.428507 0.540063 0.418477 0.532729 0.410147
4 18 0.130017 0.248991 0.12774 0.257528 0.12774 0.257528 0.110123 0.252336 0.092367 0.244369 0.070058 0.23071 0.046383 0.213637 0.029993 0.199979 0.019066 0.194288 0 0.186889 0 0.180629 0.024985 0.189735 0.046839 0.203962 0.064595 0.217621 0.081896 0.229003 0.093733 0.235263 0.109213 0.242092
3 18 0.12774 0.257528 0.130017 0.248991 0.134319 0.250278 0.168058 0.257578 0.199029 0.267446 0.197576 0.270351 0.195968 0.275376 0.178277 0.269479 0.165984 0.265495
1 18 0.220699 0.253132 0.220699 0.258051 0.220699 0.265431 0.220699 0.27527 0.220207 0.28634 0.219715 0.293719 0.218731 0.298024 0.217747 0.303559 0.215779 0.314628 0.212828 0.317703 0.217861 0.322423 0.224576 0.324521 0.232411 0.323122 0.243604 0.317526 0.250319 0.307733 0.251998 0.297939 0.251998 0.28255 0.24864 0.268559 0.241925 0.258067 0.235769 0.254569
2 18 0.21752 0.2539 0.200036 0.265431 0.197576 0.270351 0.195608 0.2765 0.197084 0.286955 0.199052 0.294949 0.205448 0.310938 0.209384 0.315243 0.212828 0.317703 0.215779 0.314628 0.217747 0.303559 0.218731 0.298024 0.219715 0.293719 0.220207 0.28634 0.220699 0.27527 0.220699 0.265431 0.220699 0.258051 0.220699 0.253132
4 26 0.199706 0.266092 0.197576 0.270351 0.197347 0.271069 0.167459 0.253056 0.144047 0.243045 0.119403 0.237654 0.104001 0.239964 0.091679 0.247665 0.081205 0.267688 0.073196 0.289252 0.070731 0.295412 0.069499 0.301573 0.069499 0.307734 0.070115 0.313895 0.073196 0.321596 0.075044 0.327757 0.085518 0.337769 0.095991 0.3447 0.104001 0.34547 0.116323 0.34547 0.129261 0.339309 0.135422 0.331608 0.142815 0.321596 0.148976 0.313895 0.166226 0.303114 0.175468 0.298493 0.185325 0.296183 0.190254 0.300033 0.171771 0.309274 0.163762 0.313895 0.158833 0.317746 0.156369 0.321596 0.150208 0.330068 0.141583 0.342389 0.127412 0.352401 0.11509 0.353941 0.105233 0.353941 0.092295 0.351631 0.083053 0.34547 0.071348 0.335458 0.063338 0.323137 0.06149 0.307734 0.062106 0.293102 0.06457 0.283091 0.070731 0.267688 0.080589 0.245355 0.092295 0.233803 0.102768 0.229953 0.110162 0.229953 0.124316 0.230439 0.134189 0.232263 0.163762 0.245355 0.199706 0.266092 0.250252 0.275274 0.262846 0.278335 0.286521 0.28801 0.303367 0.298822 0.320668 0.314188 0.336603 0.332969 0.347074 0.348335 0.358912 0.365977 0.370294 0.382481 0.379855 0.393863 0.387873 0.40108 0.383911 0.408509 0.37257 0.397847 0.363465 0.385326 0.351627 0.369391 0.341156 0.352318 0.33205 0.337522 0.316115 0.319879 0.303822 0.309635 0.290164 0.299961 0.280147 0.29427 0.259204 0.285164 0.251998 0.283877 0.251998 0.28255 0.250252 0.275274
3 26 0.383911 0.408509 0.387873 0.40108 0.402136 0.414452 0.423135 0.431785 0.44136 0.445652 0.452403 0.453014 0.449293 0.453014 0.446017 0.455061 0.444341 0.458319 0.433832 0.450109 0.406098 0.429804
1 26 0.486965 0.461715 0.484508 0.468881 0.483689 0.470417 0.481642 0.474 0.478775 0.478606 0.473043 0.484748 0.468129 0.490379 0.463215 0.494473 0.45912 0.499592 0.452978 0.503175 0.459362 0.515507 0.470524 0.525739 0.479453 0.529459 0.485778 0.530389 0.492103 0.530389 0.499544 0.527599 0.504008 0.523878 0.507357 0.517368 0.509217 0.509927 0.509961 0.49737 0.507357 0.484348 0.503636 0.474117 0.499172 0.468537
2 26 0.486965 0.461715 0.468948 0.455573 0.454206 0.453014 0.449293 0.453014 0.446017 0.455061 0.444174 0.458644 0.443881 0.465155 0.446233 0.480863 0.449605 0.492921 0.452978 0.503175 0.45912 0.499592 0.463215 0.494473 0.468129 0.490379 0.473043 0.484748 0.478775 0.478606 0.481642 0.474 0.483689 0.470417 0.484508 0.468881
4 33 0.301465 0.573316 0.29579 0.579227 0.311377 0.599098 0.330253 0.6236 0.346951 0.647195 0.372904 0.67477 0.40859 0.708834 0.454657 0.746142 0.516297 0.789127 0.579883 0.826434 0.640547 0.86465 0.679888 0.896542 0.70922 0.928382 0.713851 0.929347 0.714623 0.926452 0.68066 0.890753 0.638206 0.856983 0.584946 0.823213 0.51316 0.77883 0.44755 0.730587 0.405868 0.692958 0.366502 0.658224 0.350292 0.636997 0.332539 0.612875 0.31247 0.587789
3 33 0.249495 0.507159 0.254084 0.503144 0.254084 0.50101 0.25843 0.510063 0.274509 0.537847 0.301465 0.573316 0.29579 0.579227 0.277819 0.55499 0.264578 0.536665 0.252755 0.51361
1 33 0.212834 0.5 0.214612 0.49679 0.216883 0.491481 0.22034 0.486419 0.225772 0.48 0.229723 0.474567 0.235254 0.469506 0.240983 0.465184 0.250563 0.459382 0.245895 0.448499 0.238404 0.437128 0.230377 0.434453 0.222189 0.433494 0.21593 0.434453 0.204158 0.445155 0.198271 0.456525 0.197201 0.465221 0.197201 0.472578 0.200947 0.485287 0.208438 0.49532
2 33 0.250625 0.459473 0.251719 0.467285 0.2531 0.48039 0.254084 0.500069 0.254084 0.503144 0.249165 0.507449 0.239817 0.507449 0.231453 0.506834 0.226534 0.506219 0.220524 0.504374 0.212969 0.5 0.214531 0.496875 0.217031 0.491211 0.220078 0.486133 0.226328 0.479687 0.23 0.474805 0.235625 0.469043 0.241172 0.465137
0 26 0.481864 0.507771 0.483587 0.512798 0.485967 0.513926 0.488019 0.511977 0.488347 0.507566 0.487198 0.504591 0.485064 0.503976 0.483013 0.503976 0.481864 0.507771 0.470703 0.511977 0.469965 0.510028 0.468816 0.508797 0.46701 0.5089 0.46619 0.509208 0.465533 0.512388 0.46701 0.515465 0.46898 0.515157 0.470703 0.511977
0 18 0.228563 0.283429 0.226181 0.284859 0.225896 0.286407 0.226562 0.289146 0.228277 0.290932 0.230183 0.290813 0.231326 0.287836 0.231517 0.285573 0.230659 0.28462
0 7 0.697187 0.391895 0.697187 0.388477 0.695156 0.387598 0.693984 0.388477 0.6925 0.391016 0.693516 0.394824 0.695781 0.394824 0.697187 0.391895 0.704531 0.392871 0.704844 0.395117 0.706562 0.39707 0.708125 0.397852 0.710078 0.39707 0.710234 0.394336 0.708984 0.391992 0.708359 0.391309 0.707266 0.391016 0.705469 0.391895 0.704531 0.392871
