4 5 0.193606 0.572699 0.202388 0.571701 0.20368 0.587319 0.20604 0.626265 0.206984 0.646918 0.208401 0.65518 0.211233 0.667572 0.215954 0.680554 0.234837 0.712419 0.247111 0.731302 0.25372 0.742514 0.260801 0.764347 0.271187 0.787951 0.307065 0.852272 0.325948 0.880596 0.366546 0.936655 0.391094 0.96557 0.408089 0.986814 0.417531 1 0.405729 1 0.386373 0.973241 0.364658 0.945507 0.331613 0.9042 0.31509 0.883547 0.295263 0.852862 0.266466 0.799163 0.248999 0.757856 0.239086 0.736023 0.223979 0.710059 0.206984 0.679374 0.199903 0.665801 0.196127 0.652229 0.196127 0.635706 0.195654 0.620954 0.195182 0.586729
3 5 0.175244 0.482883 0.181232 0.477894 0.186022 0.485378 0.191211 0.499849 0.194005 0.515317 0.201191 0.552241 0.202388 0.571701 0.193606 0.572699 0.189215 0.545755 0.184425 0.51382 0.181232 0.493362 0.179236 0.488871 0.178836 0.486376
1 5 0.131334 0.451448 0.139317 0.451448 0.145305 0.451947 0.157281 0.445959 0.167659 0.438474 0.177639 0.436478 0.182429 0.433984 0.17724 0.424004 0.16726 0.414523 0.158478 0.409534 0.149696 0.408037 0.142511 0.410033 0.137321 0.413525 0.131733 0.42101 0.128939 0.428495 0.126943 0.439971
2 5 0.132531 0.45544 0.136922 0.46492 0.143309 0.474401 0.149696 0.481885 0.155684 0.485877 0.162071 0.486376 0.167659 0.485877 0.175244 0.482883 0.181232 0.477894 0.183227 0.470908 0.184425 0.457934 0.184425 0.446458 0.182429 0.433984 0.177639 0.436478 0.167659 0.438474 0.157281 0.445959 0.145305 0.451947 0.139317 0.451448 0.131334 0.451448
4 10 0.319951 0.759029 0.327803 0.755962 0.343888 0.791806 0.360848 0.824362 0.366905 0.841018 0.37175 0.849347 0.39295 0.887203 0.431109 0.949286 0.466239 1 0.452914 1 0.411726 0.933387 0.389316 0.896288 0.362059 0.845561 0.352974 0.825876 0.342071 0.806191 0.327535 0.772878
3 10 0.280693 0.673153 0.285601 0.668246 0.292471 0.675607 0.299341 0.687875 0.320932 0.741241 0.327803 0.755962 0.319951 0.759029 0.309646 0.738787 0.294924 0.698916 0.289526 0.686034 0.283638 0.6799
1 10 0.242417 0.644937 0.247815 0.640643 0.255176 0.632669 0.263518 0.621627 0.273823 0.614266 0.279712 0.611813 0.272351 0.600772 0.265481 0.595251 0.254194 0.591571 0.244871 0.593411 0.235547 0.599545 0.232603 0.609973 0.232603 0.6204 0.234075 0.628988 0.238491 0.638189
2 10 0.242417 0.644937 0.248978 0.65254 0.256648 0.661498 0.263518 0.668859 0.273332 0.673153 0.280693 0.673153 0.285601 0.668246 0.287563 0.660272 0.290508 0.64923 0.290017 0.637576 0.286091 0.627761 0.279712 0.611813 0.273823 0.614266 0.263518 0.621627 0.255176 0.632669 0.247815 0.640643
4 16 0.596897 0.446421 0.603159 0.444579 0.615795 0.512114 0.628383 0.586498 0.636965 0.660881 0.63811 0.721675 0.632388 0.771026 0.62495 0.808218 0.610645 0.848986 0.595196 0.879025 0.575742 0.901197 0.545989 0.922654 0.51738 0.940535 0.509941 0.948402 0.503075 0.958415 0.485338 0.983448 0.476755 0.991316 0.469889 0.991316 0.464739 0.986309 0.453868 0.971289 0.452723 0.95913 0.455012 0.950548 0.460734 0.949832 0.460162 0.961276 0.461306 0.969144 0.466456 0.978441 0.473894 0.980587 0.479044 0.976296 0.496781 0.949117 0.50422 0.934097 0.512802 0.926945 0.523102 0.921939 0.555144 0.901912 0.572881 0.887608 0.58833 0.871873 0.598057 0.857568 0.604923 0.843264 0.617511 0.806787 0.62495 0.775317 0.630099 0.73455 0.631244 0.680192 0.627811 0.631557 0.620372 0.571478 0.603779 0.479214
3 16 0.577155 0.35476 0.583599 0.352612 0.592108 0.393469 0.60058 0.431226 0.603159 0.444579 0.596897 0.446421 0.585846 0.398074 0.577005 0.359857
0 16 0.554904 0.31151 0.553062 0.307366 0.554167 0.303222 0.556746 0.302301 0.559693 0.302761 0.561166 0.305984 0.561166 0.308747 0.560061 0.31151 0.557482 0.312431
1 16 0.547945 0.315562 0.556107 0.314488 0.568994 0.308044 0.584458 0.302138 0.59262 0.303749 0.590472 0.288177 0.58274 0.276364 0.574578 0.270457 0.566846 0.269383 0.557395 0.271531 0.549234 0.279586 0.545368 0.291399 0.545368 0.304823
2 16 0.550093 0.321468 0.553529 0.332207 0.557395 0.341336 0.563409 0.347242 0.571142 0.352075 0.577155 0.35476 0.583599 0.352612 0.588324 0.348316 0.593909 0.333818 0.594338 0.31771 0.59262 0.303749 0.584458 0.302138 0.568994 0.308044 0.556107 0.314488 0.547945 0.315562
0 22 0.828181 0.165607 0.826659 0.163705 0.826659 0.160376 0.829322 0.158474 0.833127 0.159425 0.834269 0.162278 0.833127 0.165607 0.830464 0.167034
4 22 0.780505 0.325459 0.786566 0.328373 0.777105 0.375012 0.765436 0.443384 0.754497 0.51449 0.747933 0.585596 0.750121 0.609299 0.750121 0.620238 0.742099 0.650321 0.739181 0.689521 0.738452 0.759716 0.739181 0.833557 0.739181 0.849055 0.736994 0.866375 0.734076 0.880961 0.734076 0.891901 0.734806 0.906487 0.742828 0.934747 0.755955 0.966654 0.756685 0.985798 0.751579 0.984886 0.748662 0.969388 0.734076 0.927454 0.728242 0.905575 0.728971 0.879138 0.731159 0.854524 0.733347 0.803474 0.731159 0.718693 0.732618 0.669465 0.737723 0.64394 0.741369 0.626619 0.742099 0.612945 0.742099 0.595624 0.741369 0.572834 0.745016 0.537281 0.766165 0.397803 0.775646 0.350836
3 22 0.804749 0.232211 0.808945 0.236874 0.813141 0.238039 0.808945 0.246781 0.80335 0.260769 0.796357 0.282915 0.788431 0.317883 0.786566 0.328373 0.780505 0.325459 0.787032 0.295154 0.791694 0.267179 0.800087 0.241536
1 22 0.808479 0.169852 0.808479 0.170435 0.812675 0.176263 0.817337 0.183839 0.828527 0.191416 0.842514 0.196078 0.848109 0.201906 0.851839 0.194912 0.85417 0.183256 0.852772 0.1716 0.84671 0.159945 0.841116 0.155282 0.830392 0.154117 0.823398 0.154117 0.81454 0.159362
2 22 0.805215 0.175097 0.79962 0.192581 0.79962 0.203072 0.79962 0.21531 0.801952 0.226966 0.804749 0.232211 0.808945 0.236874 0.813141 0.238039 0.822 0.235708 0.833189 0.226966 0.840183 0.218807 0.848109 0.201906 0.842514 0.196078 0.828527 0.191416 0.817337 0.183839 0.812675 0.176263 0.808479 0.170435 0.808479 0.169852
0 10 0.248047 0.632715 0.247187 0.634473 0.248125 0.637109 0.249453 0.637891 0.250937 0.637207 0.251328 0.636719 0.251328 0.634277 0.250156 0.632422 0.248828 0.632031
