4 9 0.401591 0.124186 0.399966 0.114704 0.359355 0.104808 0.306498 0.087866 0.25669 0.074313 0.214675 0.067537 0.185875 0.067113 0.141488 0.074737 0.115671 0.084682 0.096432 0.098237 0.081041 0.116601 0.069148 0.150705 0.064251 0.191806 0.065301 0.216729 0.072431 0.260076 0.089634 0.291398 0.106464 0.329265 0.125538 0.383027 0.146108 0.409674 0.165181 0.417621 0.162937 0.412011 0.138254 0.390039 0.122172 0.352172 0.103846 0.30402 0.087391 0.260076 0.074675 0.218001 0.076171 0.173122 0.087987 0.138074 0.098835 0.109948 0.11772 0.094379 0.15348 0.081823 0.198079 0.077805 0.227812 0.078307 0.268795 0.086343 0.309377 0.09689 0.347949 0.110451
3 9 0.482556 0.093941 0.481415 0.103566 0.482271 0.108201 0.486834 0.114261 0.481507 0.115043 0.45821 0.122831 0.435454 0.13062 0.423264 0.131297 0.401591 0.124186 0.399966 0.114704 0.411615 0.119784 0.425973 0.121815 0.437621 0.119106 0.45821 0.111995 0.469858 0.106577
1 9 0.507891 0.0631836 0.511094 0.0723633 0.513437 0.0794922 0.516719 0.0933594 0.514531 0.0993164 0.514213 0.111409 0.51792 0.123173 0.531415 0.120356 0.544689 0.112229 0.552545 0.105118 0.556879 0.095975 0.559318 0.088187 0.559588 0.078028 0.556879 0.070578 0.551461 0.063467 0.540084 0.057711 0.532498 0.056018 0.522204 0.056695 0.51489 0.060758
2 9 0.507969 0.0631836 0.506275 0.065465 0.49482 0.072971 0.486549 0.081527 0.482556 0.093648 0.481415 0.103273 0.482271 0.107908 0.486834 0.113968 0.497671 0.121098 0.508224 0.123593 0.51792 0.12288 0.514213 0.111116 0.514531 0.0992187 0.516641 0.0931641 0.513125 0.0786133 0.510859 0.071582
4 16 0.323118 0.338154 0.31962 0.328097 0.346989 0.307628 0.379917 0.281962 0.417495 0.26114 0.448874 0.250002 0.502067 0.231903 0.553095 0.217841 0.617784 0.200262 0.633454 0.195239 0.642294 0.196244 0.647517 0.200262 0.655553 0.200262 0.669214 0.197248 0.683277 0.181177 0.698143 0.176154 0.70859 0.171634 0.723456 0.152046 0.753993 0.123921 0.774484 0.109356 0.782119 0.10584 0.789753 0.108351 0.794172 0.115383 0.799396 0.124925 0.807432 0.133463 0.819084 0.143006 0.823504 0.153553 0.824307 0.165607 0.821495 0.176154 0.814664 0.198755 0.803012 0.241948 0.799396 0.246468 0.798592 0.241948 0.812655 0.197248 0.816271 0.170127 0.815869 0.157069 0.811851 0.148028 0.803816 0.141499 0.796583 0.132459 0.789753 0.1194 0.778101 0.118898 0.767654 0.123418 0.747162 0.137984 0.722653 0.165607 0.711001 0.178665 0.703768 0.183186 0.6885 0.192226 0.675643 0.203778 0.662785 0.211814 0.653142 0.212316 0.642294 0.210809 0.629436 0.209805 0.609346 0.21332 0.567158 0.225374 0.480181 0.249211 0.433442 0.263816 0.403396 0.278944 0.371681 0.301895
3 16 0.262711 0.366442 0.266909 0.374313 0.267259 0.383495 0.280444 0.370072 0.323118 0.338154 0.31962 0.328097 0.295834 0.34515
1 16 0.215839 0.377373 0.217656 0.379492 0.221786 0.384806 0.227033 0.395737 0.232629 0.41279 0.234028 0.421535 0.226468 0.425368 0.214969 0.423725 0.207413 0.415923 0.202157 0.403603 0.202814 0.392925 0.207413 0.38348
2 16 0.215839 0.377373 0.224584 0.372564 0.236827 0.366442 0.250818 0.363819 0.256765 0.363819 0.262711 0.366442 0.266909 0.374313 0.267259 0.383495 0.263761 0.394426 0.251518 0.412353 0.234028 0.421535 0.232629 0.41279 0.227033 0.395737 0.221786 0.384806 0.217734 0.379688
4 23 0.518153 0.733405 0.517924 0.722847 0.549458 0.724399 0.574475 0.72531 0.598519 0.728953 0.612606 0.733507 0.630094 0.743829 0.6479 0.754833 0.666673 0.762761 0.68088 0.764981 0.693819 0.764981 0.705235 0.764029 0.716397 0.762444 0.73238 0.75515 0.752168 0.743734 0.787215 0.712815 0.824928 0.686625 0.862237 0.657264 0.898497 0.627704 0.915444 0.616866 0.92648 0.601101 0.93988 0.585828 0.949339 0.57696 0.955645 0.562673 0.962345 0.540996 0.969045 0.527695 0.976534 0.516856 0.984416 0.512422 0.994663 0.512915 1 0.517349 1 0.527695 0.986387 0.523753 0.979293 0.529665 0.970622 0.545923 0.962739 0.57499 0.954463 0.58977 0.941456 0.601101 0.935939 0.60652 0.930027 0.616866 0.920962 0.624256 0.907956 0.631153 0.885096 0.652337 0.833466 0.694213 0.796418 0.720324 0.760947 0.748898 0.731781 0.767126 0.714381 0.775421 0.689853 0.776681 0.670701 0.773741 0.651212 0.76744 0.634412 0.75736 0.614924 0.74476 0.593756 0.7372 0.565532 0.73468 0.539659 0.73426
3 23 0.44326 0.727129 0.445035 0.716347 0.466562 0.719137 0.503771 0.722847 0.517924 0.722847 0.518153 0.733405 0.481628 0.730551 0.457431 0.727127
1 23 0.409011 0.752816 0.411294 0.740448 0.413831 0.725226 0.416622 0.716981 0.423725 0.704296 0.430321 0.697954 0.436156 0.695734 0.431079 0.687258 0.420878 0.680275 0.408491 0.678757 0.39829 0.680275 0.390032 0.686347 0.38226 0.696973 0.379103 0.707599 0.379103 0.72035 0.380074 0.726118 0.384689 0.737048 0.389547 0.744031 0.39489 0.749192 0.403148 0.752228
2 23 0.413323 0.753133 0.420934 0.752181 0.430321 0.749327 0.43438 0.746156 0.439454 0.738545 0.44326 0.727129 0.445035 0.716347 0.44123 0.702077 0.436156 0.695734 0.430321 0.697954 0.423725 0.704296 0.416622 0.716981 0.413831 0.725226 0.411294 0.740448 0.409011 0.752816
4 30 0.791845 0.535385 0.793144 0.545398 0.815648 0.53527 0.848516 0.520869 0.874608 0.512821 0.899683 0.506467 0.926114 0.503502 0.957627 0.503079 1 0.506467 1 0.497149 0.951189 0.493337 0.905783 0.495878 0.873253 0.503079 0.835301 0.514939 0.806498 0.527646
3 30 0.719958 0.554136 0.728185 0.561984 0.736205 0.552705 0.744648 0.547293 0.752442 0.547293 0.76002 0.549999 0.772144 0.549999 0.78535 0.548375 0.793144 0.545398 0.791845 0.535385 0.78167 0.537821 0.771061 0.53755 0.760453 0.533762 0.75071 0.532138 0.740751 0.535385 0.729493 0.547022
1 30 0.694844 0.55603 0.692679 0.561172 0.693978 0.56875 0.695061 0.575245 0.70004 0.581469 0.70437 0.592023 0.709566 0.607178 0.713247 0.616109 0.715845 0.616921 0.708051 0.622063 0.699391 0.620168 0.693545 0.613944 0.686401 0.597165 0.68272 0.584987 0.683153 0.573621 0.687267 0.563337 0.691164 0.557925
2 30 0.694844 0.55603 0.700473 0.552242 0.712164 0.55143 0.719958 0.554136 0.728185 0.561984 0.730134 0.57308 0.73035 0.583634 0.728185 0.596895 0.725371 0.605555 0.715845 0.616921 0.713247 0.616109 0.709566 0.607178 0.70437 0.592023 0.70004 0.581469 0.695061 0.575245 0.693978 0.56875 0.692679 0.561172
4 37 0.421146 0.922822 0.425424 0.912539 0.397361 0.899961 0.357765 0.870572 0.297545 0.832419 0.256711 0.807671 0.231963 0.801484 0.216289 0.802 0.194016 0.813858 0.164318 0.835513 0.128846 0.864901 0.104511 0.89068 0.081825 0.919553 0.05914 0.962862 0.041816 1 0.04924 1 0.068214 0.960284 0.096261 0.914913 0.129259 0.876759 0.166793 0.847371 0.194016 0.826232 0.215052 0.815921 0.234025 0.809734 0.253411 0.815405 0.282284 0.831904 0.319818 0.85923 0.363127 0.886556 0.39035 0.906148
3 37 0.509909 0.955352 0.509348 0.94799 0.511872 0.942732 0.491566 0.936807 0.45504 0.926113 0.425424 0.912539 0.421146 0.922822 0.443194 0.933105 0.471493 0.942566
1 37 0.549297 0.98125 0.549531 0.977344 0.549687 0.966797 0.548893 0.952548 0.548893 0.926956 0.558428 0.926605 0.569927 0.92976 0.575817 0.938174 0.579182 0.94764 0.57806 0.958157 0.574415 0.966921 0.567964 0.973231 0.557026 0.980243
2 37 0.549375 0.981152 0.544405 0.980537 0.530382 0.976681 0.520286 0.972123 0.515799 0.966514 0.509909 0.954945 0.509348 0.947583 0.511872 0.942325 0.520005 0.935313 0.532346 0.928652 0.548893 0.926549 0.548893 0.952141 0.549609 0.96709 0.549609 0.978027
0 9 0.521953 0.0830078 0.524063 0.0828125 0.5275 0.0806641 0.528906 0.0750977 0.527266 0.0683594 0.523672 0.0669922 0.521016 0.0669922 0.519219 0.0682617 0.517578 0.0703125 0.517266 0.072168 0.516953 0.0768555 0.519141 0.0808594 0.521953 0.0830078 0.514609 0.106055 0.515313 0.102637 0.516719 0.100879 0.539453 0.102051 0.540937 0.104395 0.541875 0.104785 0.543672 0.104395 0.545234 0.103711 0.545703 0.100879 0.544687 0.0982422 0.542578 0.0972656 0.545703 0.0768555 0.548281 0.0771484 0.550469 0.0739258 0.550469 0.0703125 0.549297 0.0678711 0.547578 0.0663086 0.546953 0.0663086 0.546172 0.0662109 0.542422 0.0677734 0.542266 0.0711914 0.542969 0.074707 0.545703 0.0768555 0.542578 0.0972656 0.541406 0.0975586 0.539375 0.100391 0.539453 0.102051 0.516719 0.100879 0.518672 0.100488 0.520859 0.101465 0.521641 0.104102 0.520391 0.108691 0.517578 0.109082 0.51625 0.10791 0.514609 0.106055
0 16 0.215781 0.40625 0.214375 0.403125 0.211484 0.403027 0.210078 0.404199 0.208203 0.405273 0.207891 0.407031 0.209922 0.410449 0.213047 0.410449 0.214062 0.40957 0.215781 0.40625 0.221875 0.400586 0.223359 0.407422 0.225937 0.409375 0.227344 0.407715 0.227813 0.404102 0.226953 0.397852 0.225156 0.392285 0.222891 0.390039 0.221328 0.389746 0.220156 0.391309 0.220234 0.392383 0.221875 0.400586
0 37 0.556437 0.947059 0.554046 0.951405 0.553612 0.957246 0.555676 0.961592 0.558501 0.961728 0.56187 0.959283 0.562304 0.954665 0.561544 0.949504 0.559479 0.947602 0.557523 0.946788
