4 7 0.766264 0.694458 0.771435 0.682176 0.805048 0.698983 0.877961 0.742291 1 0.816627 1 0.828908 0.875893 0.751341
3 7 0.708864 0.661492 0.714035 0.651796 0.745579 0.666663 0.771435 0.682176 0.766264 0.694458
2 7 0.67008 0.662784 0.687662 0.607194 0.696453 0.614951 0.710415 0.631111 0.713001 0.640807 0.714035 0.651796 0.708864 0.661492 0.696453 0.668602 0.684559 0.671834 0.674734 0.667309
1 7 0.668011 0.59362 0.662323 0.592327 0.654049 0.597498 0.64681 0.605255 0.64319 0.615597 0.64319 0.627879 0.644224 0.639514 0.649395 0.647271 0.661289 0.65632 0.67008 0.662784 0.687662 0.607194 0.682491 0.602023 0.676802 0.596852
4 16 0.711033 0.547374 0.694578 0.538492 0.665406 0.524 0.642966 0.516987 0.618657 0.516052 0.567419 0.520727 0.529646 0.52774 0.510946 0.531012 0.485888 0.529142 0.467189 0.522597 0.452229 0.512312 0.428667 0.476783 0.395382 0.448733 0.348632 0.417411 0.280939 0.360844 0.20825 0.28395 0.204518 0.288304 0.280194 0.370131 0.343276 0.423369 0.394304 0.460033 0.418814 0.480625 0.436091 0.504231 0.450957 0.522814 0.463815 0.532357 0.480288 0.53989 0.495557 0.542904 0.510423 0.542904 0.526495 0.537379 0.594399 0.527334 0.636989 0.527334 0.648239 0.527836 0.673552 0.539388 0.698866 0.553451 0.709163 0.559997
3 16 0.759653 0.581034 0.760775 0.567476 0.744693 0.562802 0.721131 0.551582 0.711033 0.547374 0.709163 0.559997 0.728985 0.568879
2 16 0.79406 0.540829 0.791442 0.575424 0.789531 0.588184 0.786953 0.596191 0.783906 0.610059 0.776856 0.603006 0.769376 0.592254 0.759653 0.581034 0.760775 0.567476 0.769376 0.552984 0.778726 0.542699 0.784336 0.540362
1 16 0.79406 0.540829 0.791442 0.575424 0.789766 0.5875 0.787188 0.596289 0.784062 0.609863 0.786016 0.611426 0.794808 0.614693 0.806028 0.615161 0.815378 0.611421 0.823606 0.604408 0.829964 0.587579 0.831086 0.575424 0.826972 0.558127 0.817996 0.545037 0.807898 0.541764
4 23 0.629275 0.379564 0.633739 0.366544 0.607452 0.351045 0.571741 0.331825 0.542974 0.328725 0.508255 0.329965 0.412034 0.336165 0.251336 0.338645 0.148508 0.342188 0.139182 0.341748 0.0517314 0.33361 0 0.327491 0 0.336165 0.123868 0.348565 0.222058 0.348787 0.416514 0.346055 0.537635 0.338907 0.572984 0.343456 0.61457 0.368148
3 23 0.686313 0.416762 0.692265 0.402503 0.671929 0.392583 0.64465 0.373984 0.633739 0.366544 0.629275 0.379564 0.661514 0.398783
2 23 0.701016 0.46377 0.723281 0.445801 0.743203 0.426465 0.73375 0.420703 0.722024 0.413663 0.704664 0.404983 0.692265 0.402503 0.686313 0.416762 0.689289 0.431022 0.693257 0.444661
1 23 0.723516 0.445605 0.701172 0.463867 0.706152 0.471321 0.71756 0.48124 0.729463 0.4831 0.736903 0.48124 0.746327 0.47566 0.751287 0.462021 0.753767 0.449621 0.750295 0.435982 0.743516 0.426367 0.737344 0.432617
4 29 0.282763 0.250352 0.289533 0.258249 0.262455 0.286455 0.224547 0.321994 0.173552 0.359225 0.15189 0.373328 0.1379 0.377841 0.118946 0.377277 0.077879 0.364302 0.057119 0.35584 0.049447 0.347943 0.0412775 0.341542 0.0451688 0.341168 0.051704 0.340609 0.07472 0.353584 0.10992 0.364866 0.131582 0.369379 0.148279 0.366559 0.178571 0.344518 0.198143 0.33077 0.240793 0.292096
3 29 0.311194 0.214249 0.317061 0.217069 0.324282 0.218762 0.308487 0.235121 0.289533 0.258249 0.282763 0.250352
2 29 0.308487 0.183787 0.337369 0.195069 0.331051 0.209736 0.324282 0.218762 0.317061 0.217069 0.311194 0.214249 0.304876 0.201274 0.305328 0.192813
1 29 0.328407 0.153327 0.324282 0.153325 0.318415 0.15671 0.313 0.164043 0.308938 0.175325 0.308487 0.183787 0.337369 0.195069 0.340528 0.184351 0.341882 0.171376 0.340528 0.162351 0.33782 0.156146 0.333759 0.153889
0 29 0.328841 0.164561 0.323426 0.165689 0.317108 0.169074 0.315303 0.173587 0.319816 0.183177 0.323877 0.189382 0.329293 0.191074 0.332 0.184305 0.334257 0.175279 0.334257 0.167946 0.332 0.166253
4 36 0.19771 0.775904 0.207558 0.781444 0.225285 0.768518 0.262215 0.736512 0.279449 0.717432 0.295205 0.687272 0.302591 0.659575 0.306038 0.622645 0.305546 0.587561 0.300129 0.559248 0.288804 0.535244 0.268123 0.511855 0.239072 0.492774 0.209035 0.48108 0.169151 0.473078 0.143546 0.462615 0.126312 0.449074 0.100215 0.420761 0.076087 0.397987 0.060331 0.387524 0.040142 0.383831 0.033249 0.37706 0.0296079 0.350816 0.024385 0.346285 0.022416 0.356133 0.024385 0.375829 0.029309 0.386908 0.038173 0.39491 0.057376 0.397372 0.079534 0.417068 0.116464 0.453998 0.145023 0.477387 0.180969 0.484773 0.228731 0.498929 0.265169 0.522934 0.28585 0.548785 0.295698 0.585715 0.295205 0.632493 0.286835 0.678655 0.266646 0.716816 0.239564 0.74636 0.21199 0.767287
3 36 0.184415 0.858381 0.200172 0.852226 0.196725 0.839916 0.196725 0.814681 0.19968 0.792523 0.207558 0.781444 0.19771 0.775904 0.190324 0.78329 0.185893 0.798062 0.184908 0.820836
2 36 0.170956 0.904329 0.174216 0.916181 0.186265 0.913959 0.213229 0.904576 0.225575 0.899514 0.22233 0.891618 0.218391 0.879924 0.211497 0.865767 0.203127 0.855304 0.200172 0.852226 0.184415 0.858381 0.17506 0.875615 0.172598 0.884232
1 36 0.186265 0.913959 0.174075 0.916238 0.178507 0.926086 0.186877 0.937165 0.197218 0.942089 0.206573 0.942089 0.215929 0.93655 0.220853 0.926702 0.2243 0.913776 0.225674 0.899267 0.213624 0.904452
0 23 0.726172 0.465625 0.725078 0.461816 0.722422 0.461133 0.721016 0.461328 0.719609 0.465527 0.719453 0.469727 0.720781 0.472363 0.723281 0.472656 0.725703 0.47002 0.726172 0.465625 0.738281 0.464551 0.74 0.466992 0.74125 0.468066 0.743906 0.468555 0.745078 0.467676 0.747031 0.464551 0.746797 0.460449 0.745703 0.458887 0.744297 0.457324 0.741641 0.458203 0.740781 0.458398 0.739141 0.460742 0.738281 0.464551
0 16 0.793984 0.601562 0.792812 0.599805 0.791094 0.598926 0.789297 0.599316 0.788828 0.602051 0.789609 0.60498 0.791953 0.606152 0.79375 0.606055 0.794219 0.604492 0.793984 0.601562 0.822266 0.56748 0.824141 0.57002 0.824609 0.572852 0.814922 0.561523 0.816406 0.560059 0.816953 0.558594 0.815859 0.555957 0.814375 0.555078 0.81375 0.555664 0.812656 0.555957 0.812734 0.558887 0.81375 0.560449 0.814922 0.561523 0.824609 0.572852 0.822891 0.575977 0.820234 0.575781 0.818672 0.572559 0.819063 0.567969 0.820859 0.566602 0.821641 0.566992 0.822266 0.56748
0 7 0.658387 0.617101 0.656598 0.621573 0.6563 0.626667 0.657989 0.629898 0.659977 0.629773 0.661468 0.628034 0.663556 0.62381 0.664947 0.618343 0.664053 0.615858 0.661568 0.61474 0.65958 0.615113
0 36 0.191595 0.921112 0.187813 0.92209 0.184813 0.924047 0.185857 0.928938 0.187683 0.931383 0.190422 0.931383 0.194986 0.928611 0.198508 0.926655 0.202942 0.924047 0.208551 0.92046 0.208029 0.917525 0.204768 0.917688 0.202421 0.917688 0.198769 0.917851 0.194726 0.919156
