4 7 0.23791 0.653085 0.237394 0.644056 0.276079 0.640012 0.323649 0.633237 0.372725 0.624205 0.425716 0.611033 0.459238 0.601566 0.475993 0.601155 0.495377 0.595817 0.536443 0.583086 0.589008 0.569534 0.609377 0.568713 0.629417 0.567892 0.655775 0.555524 0.668427 0.544679 0.68144 0.523894 0.685778 0.511242 0.685055 0.496782 0.680356 0.485486 0.672765 0.481871 0.659751 0.480967 0.648906 0.477804 0.655775 0.473285 0.675657 0.472834 0.685417 0.475997 0.691201 0.489101 0.693008 0.501753 0.693008 0.514857 0.685417 0.527961 0.679271 0.543324 0.660113 0.564109 0.641677 0.572695 0.624687 0.578117 0.608781 0.576761 0.592514 0.578117 0.569017 0.584895 0.499973 0.605681 0.442497 0.615621 0.371283 0.6346 0.301155 0.6468
3 7 0.167942 0.661967 0.190185 0.657599 0.23791 0.653085 0.237394 0.644056 0.206953 0.645345 0.166857 0.651574
2 7 0.139209 0.688689 0.153482 0.684108 0.161796 0.677782 0.166857 0.666938 0.167942 0.661967 0.166857 0.651574 0.15782 0.641181 0.145891 0.631241 0.126009 0.629433 0.131793 0.638018 0.134685 0.650219 0.133962 0.667389 0.134028 0.690146
1 7 0.134028 0.690146 0.133962 0.667389 0.134685 0.650219 0.131793 0.638018 0.126009 0.629433 0.11828 0.632161 0.104653 0.64184 0.098459 0.655389 0.0966 0.663519 0.097839 0.672423 0.104033 0.679391 0.113015 0.685586
4 14 0.476303 0.424205 0.478674 0.432252 0.529938 0.404215 0.564218 0.381479 0.588353 0.36705 0.637664 0.343249 0.685019 0.327886 0.729844 0.31433 0.765631 0.304389 0.796358 0.298967 0.820939 0.297159 0.842267 0.301678 0.870463 0.313426 0.886369 0.322464 0.893598 0.325175 0.906973 0.326982 0.911311 0.333308 0.912396 0.34822 0.917095 0.361324 0.92324 0.374427 0.929747 0.386176 0.936977 0.393857 0.941676 0.404702 0.951075 0.415999 0.952882 0.434977 0.951798 0.443562 0.947822 0.451244 0.938784 0.457118 0.91348 0.46254 0.924686 0.4648 0.943484 0.460281 0.956136 0.452599 0.961197 0.435429 0.960112 0.417806 0.949991 0.397924 0.927578 0.366746 0.921794 0.350479 0.921794 0.33873 0.91818 0.325627 0.91095 0.319752 0.90119 0.317041 0.886007 0.312523 0.871548 0.303937 0.835399 0.290833 0.815878 0.289026 0.791297 0.292641 0.739243 0.304389 0.669114 0.324271 0.621759 0.340086 0.568982 0.369005 0.525603 0.396569
3 14 0.416187 0.462935 0.42161 0.46655 0.423417 0.471972 0.438693 0.456817 0.478674 0.432252 0.476303 0.424205 0.44513 0.440723 0.42785 0.450888
1 14 0.372162 0.47817 0.375339 0.479202 0.387268 0.489595 0.397751 0.500439 0.404258 0.510832 0.409833 0.521638 0.399197 0.527551 0.386184 0.530262 0.372809 0.525292 0.364495 0.517158 0.361241 0.504054 0.362002 0.493736 0.366953 0.483666
2 14 0.372162 0.47817 0.381485 0.468357 0.392691 0.461579 0.404258 0.459772 0.416187 0.462935 0.42161 0.46655 0.423417 0.471972 0.424502 0.486432 0.422694 0.499084 0.409833 0.521533 0.404258 0.510832 0.397751 0.500439 0.387268 0.489595 0.375339 0.479202
4 21 0.624835 0.174204 0.618173 0.169821 0.661481 0.13072 0.700257 0.100822 0.736859 0.081344 0.782487 0.056521 0.812859 0.042928 0.843231 0.034492 0.872478 0.03168 0.89535 0.03168 0.914848 0.038241 0.925347 0.043866 0.94447 0.057927 0.952344 0.058864 0.968093 0.055583 0.986091 0.055583 1 0.056052 1 0.064957 0.966968 0.065426 0.954219 0.069644 0.944845 0.066832 0.930597 0.058396 0.914848 0.048553 0.8976 0.04246 0.874727 0.041522 0.850355 0.043397 0.821483 0.04949 0.788111 0.062145 0.756239 0.079487 0.718743 0.100579 0.682372 0.12542 0.654625 0.147918
3 21 0.562059 0.218587 0.564694 0.228054 0.584511 0.212774 0.624835 0.174204 0.618173 0.169821 0.588719 0.193927
1 21 0.512997 0.215295 0.517278 0.221057 0.521558 0.229701 0.523534 0.240814 0.525625 0.255664 0.529297 0.262793 0.533083 0.267979 0.525761 0.274597 0.515233 0.275022 0.505044 0.270776 0.49995 0.264408 0.495195 0.254644 0.494176 0.244031 0.496893 0.232144 0.501648 0.223229
2 21 0.518924 0.21159 0.534729 0.206651 0.550864 0.209532 0.557779 0.213648 0.562059 0.218587 0.564694 0.228054 0.561401 0.23999 0.55251 0.25275 0.533083 0.267979 0.529375 0.262305 0.525547 0.255664 0.523534 0.240814 0.521558 0.229701 0.517278 0.221057 0.512997 0.215295
4 29 0.232107 0.101947 0.23739 0.092775 0.197529 0.057343 0.171437 0.0356 0.154766 0.016574 0.139908 0 0.129761 0 0.144982 0.019745 0.166001 0.041942 0.192455 0.069574
3 29 0.285605 0.149766 0.287723 0.143147 0.29143 0.137189 0.273786 0.124328 0.23739 0.092775 0.232107 0.101947 0.256175 0.121026
1 29 0.313453 0.189726 0.315788 0.18617 0.32047 0.172753 0.327967 0.156716 0.335115 0.150097 0.348354 0.157047 0.354973 0.164989 0.35762 0.174587 0.356561 0.185508 0.350472 0.198084 0.341735 0.202718 0.331938 0.202056 0.321877 0.197092
2 29 0.313453 0.189726 0.298314 0.176904 0.287988 0.164989 0.28587 0.157377 0.285605 0.149766 0.287723 0.143147 0.29143 0.137189 0.295401 0.135204 0.305198 0.135204 0.320818 0.141492 0.335115 0.150097 0.327967 0.156716 0.320994 0.171574 0.315788 0.18617
4 36 0.669821 0.639338 0.671083 0.649434 0.612351 0.657186 0.571256 0.660158 0.526087 0.667375 0.49654 0.672469 0.461219 0.68096 0.439483 0.688177 0.422842 0.698365 0.40688 0.710677 0.386502 0.731054 0.357634 0.767563 0.328087 0.809591 0.304314 0.843554 0.279861 0.873695 0.268314 0.881337 0.262201 0.883884 0.25371 0.883884 0.24488 0.881337 0.238088 0.877091 0.221446 0.855016 0.223823 0.852044 0.245899 0.869874 0.257446 0.874969 0.272729 0.871572 0.28971 0.850771 0.314502 0.815535 0.335559 0.785393 0.36171 0.749733 0.381748 0.724262 0.410955 0.697941 0.435068 0.683931 0.465295 0.672045 0.504691 0.66313 0.5502 0.652516 0.607596 0.646998 0.654464 0.642328
3 36 0.669821 0.639338 0.696827 0.633028 0.718281 0.626087 0.730649 0.616937 0.734347 0.610292 0.734532 0.617457 0.737633 0.625532 0.737875 0.625759 0.727367 0.632712 0.7097 0.639653 0.688498 0.645648 0.671083 0.649434
1 36 0.758824 0.576431 0.763476 0.583214 0.768128 0.592906 0.769679 0.607119 0.773555 0.625209 0.777948 0.633931 0.785184 0.626502 0.789836 0.617133 0.79087 0.60615 0.788544 0.594198 0.782342 0.58386 0.772521 0.5774 0.765802 0.575461
2 36 0.770454 0.636839 0.758566 0.638131 0.751072 0.637808 0.743835 0.631347 0.737633 0.625532 0.734532 0.617457 0.734273 0.607442 0.737116 0.592906 0.741768 0.58483 0.750555 0.578692 0.758824 0.576431 0.763476 0.583214 0.768128 0.592906 0.769679 0.607119 0.773555 0.625209 0.777948 0.633931
4 43 0.73475 0.831899 0.732471 0.821319 0.76694 0.804026 0.81383 0.78393 0.858487 0.764951 0.896892 0.751554 0.927259 0.743739 0.957626 0.728109 0.987992 0.717503 0.99871 0.717503 1 0.718061 1 0.727551 0.987992 0.728667 0.962091 0.735366 0.929045 0.751554 0.890193 0.767742 0.855361 0.779465 0.817402 0.795095 0.778997 0.810166
3 43 0.653879 0.83872 0.653879 0.847048 0.662806 0.851838 0.672247 0.852245 0.685594 0.852652 0.703173 0.846142 0.73475 0.831899 0.732471 0.821319 0.714892 0.82783 0.694383 0.836375 0.678757 0.840038 0.669317 0.840852
1 43 0.601986 0.830957 0.604204 0.833538 0.60879 0.842038 0.615386 0.851674 0.620938 0.866479 0.622969 0.878809 0.613166 0.880821 0.602062 0.881284 0.593549 0.876657 0.586147 0.865554 0.584666 0.855838 0.585777 0.84751 0.592439 0.837794
2 43 0.601986 0.830957 0.6276 0.823915 0.640185 0.823915 0.649808 0.830855 0.653879 0.83872 0.653879 0.847048 0.649067 0.859539 0.629451 0.875269 0.623047 0.878711 0.620938 0.866479 0.615386 0.851674 0.608948 0.84184 0.60452 0.83423
0 29 0.334941 0.169083 0.336409 0.160694 0.332844 0.158334 0.330747 0.15899 0.32414 0.171705 0.320889 0.181536 0.322043 0.186779 0.326762 0.187697 0.331795 0.18088 0.334941 0.169083 0.343435 0.171836 0.343855 0.176817 0.345952 0.178259 0.350042 0.177341 0.350566 0.172753 0.349203 0.168821 0.347001 0.168428 0.345113 0.169607 0.343435 0.171836
0 21 0.509844 0.233105 0.516094 0.23252 0.518828 0.235254 0.51875 0.240039 0.517578 0.241602 0.516875 0.245508 0.519219 0.247559 0.520391 0.251563 0.516641 0.255859 0.509766 0.253711 0.507969 0.247754 0.507734 0.240918 0.509141 0.235547
0 14 0.380211 0.500134 0.376267 0.500869 0.373666 0.506323 0.375764 0.511463 0.380882 0.512722 0.382393 0.51461 0.383652 0.517127 0.386169 0.521428 0.388099 0.521428 0.390029 0.520169 0.391036 0.517337 0.391204 0.513666 0.390029 0.510414 0.387763 0.50884 0.384491 0.507057 0.383652 0.505064 0.383232 0.502022
0 36 0.774559 0.589183 0.771865 0.588857 0.771343 0.594397 0.773516 0.598199 0.776383 0.600915 0.778904 0.603957 0.78238 0.603305 0.782727 0.597439 0.777687 0.592551 0.776123 0.590813
0 43 0.607208 0.85983 0.608553 0.863783 0.611478 0.866847 0.614799 0.867441 0.616776 0.866452 0.618437 0.864278 0.617883 0.860324 0.615432 0.856074 0.61219 0.855184 0.610292 0.855382 0.609106 0.855678 0.607208 0.85983 0.59598 0.859039 0.596059 0.854295 0.594557 0.851132 0.590998 0.851132 0.588547 0.852021 0.587677 0.853405 0.58744 0.856568 0.58744 0.859533 0.587756 0.861016 0.590366 0.862498 0.594319 0.861905 0.59598 0.859039
