2 5 0.595493 0.582248 0.59729 0.590951 0.617058 0.642429 0.622 0.651695 0.628178 0.657574 0.629237 0.648802 0.628443 0.641519 0.629237 0.635229 0.632415 0.63225 0.63705 0.629601 0.643671 0.628774 0.647775 0.629105 0.654122 0.62633 0.636151 0.59404 0.617881 0.573448 0.608821 0.566241 0.603056 0.565212 0.598114 0.570359
4 5 0.566094 0.463057 0.535643 0.371944 0.526117 0.342837 0.514899 0.31585 0.499868 0.296001 0.467902 0.270068 0.43084 0.232303 0.402601 0.194538 0.380717 0.160387 0.35253 0.107331 0.292198 0 0.301725 0 0.333478 0.054408 0.383225 0.144377 0.40946 0.190103 0.438483 0.228022 0.463452 0.250743 0.479545 0.264776 0.509181 0.291237 0.519332 0.305777 0.532003 0.328194 0.555753 0.403698 0.574685 0.46208
3 5 0.603056 0.565212 0.589915 0.529932 0.58191 0.496983 0.574685 0.46208 0.566094 0.463057 0.577419 0.509918 0.588744 0.54897 0.598114 0.570359
0 5 0.632161 0.644994 0.635286 0.648244 0.639586 0.648353 0.642297 0.645259 0.64345 0.642454 0.643695 0.638009 0.642368 0.633091 0.639676 0.631678 0.636251 0.631292 0.632538 0.634257 0.630823 0.638241
2 11 0.482882 0.614246 0.478673 0.622514 0.476869 0.632285 0.479274 0.654084 0.48649 0.675882 0.490098 0.683399 0.496713 0.664607 0.509341 0.655587 0.520766 0.65258 0.527982 0.650325 0.518361 0.63454 0.508739 0.623265 0.499719 0.613494 0.492555 0.609408 0.48649 0.611239
4 11 0.442786 0.538093 0.404295 0.476896 0.387451 0.448427 0.372705 0.43045 0.357477 0.416969 0.351166 0.412668 0.257439 0.356961 0.097502 0.25729 0.001475 0.193669 0.001475 0.182546 0.098729 0.24611 0.25829 0.345987 0.35213 0.40115 0.360504 0.406264 0.370452 0.414001 0.382227 0.426475 0.400842 0.451367 0.451469 0.531987
3 11 0.478673 0.622514 0.45961 0.575406 0.442786 0.538093 0.451469 0.531987 0.477521 0.588974 0.48649 0.611239 0.482882 0.614246
0 11 0.501436 0.673253 0.502995 0.674734 0.504232 0.675494 0.506605 0.67524 0.508181 0.673591 0.508827 0.670788 0.508432 0.666266 0.507741 0.664503 0.506006 0.663577 0.503982 0.664388 0.502374 0.66534 0.501309 0.667535 0.50102 0.671511
1 11 0.490098 0.683399 0.49551 0.692419 0.503929 0.696177 0.517759 0.696929 0.524073 0.693922 0.527982 0.689412 0.532191 0.678137 0.532191 0.664607 0.527982 0.650325 0.520766 0.65258 0.509341 0.655587 0.496713 0.664607
2 26 0.303981 0.879209 0.310548 0.875175 0.316879 0.876203 0.323209 0.87782 0.340083 0.889264 0.348859 0.898001 0.352891 0.902344 0.348828 0.905371 0.343281 0.911328 0.336905 0.916798 0.324063 0.925293 0.316094 0.935742 0.314667 0.933271 0.307254 0.922975 0.303358 0.911135 0.300664 0.899295 0.300457 0.889938
4 26 0.240417 0.725142 0.244475 0.719685 0.248533 0.714229 0.234225 0.676746 0.224204 0.635826 0.217421 0.592882 0.212245 0.538542 0.21497 0.4952 0.226736 0.462209 0.238639 0.448624 0.255717 0.444095 0.292461 0.444095 0.305399 0.44733 0.335038 0.46643 0.349388 0.4745 0.367423 0.485209 0.379221 0.506721 0.387166 0.55148 0.398552 0.571534 0.401756 0.563948 0.394433 0.544138 0.391307 0.523017 0.384193 0.494388 0.373274 0.47644 0.365366 0.470153 0.35633 0.464001 0.338654 0.45406 0.320141 0.444036 0.304364 0.436475 0.28832 0.433745 0.272277 0.433098 0.252094 0.435039 0.241744 0.437303 0.229171 0.443734 0.218456 0.45574 0.20707 0.47644 0.202413 0.50361 0.20293 0.546305 0.206035 0.592882 0.212424 0.638165 0.225141 0.683679 0.240417 0.725142 0.244723 0.741286 0.252536 0.786709 0.261177 0.819606 0.254601 0.82441 0.250417 0.807319 0.247557 0.797432 0.245702 0.789638 0.242559 0.767373 0.23976 0.75403 0.241852 0.751152 0.244723 0.741286
3 26 0.300457 0.889938 0.283134 0.868685 0.266999 0.847433 0.25467 0.824315 0.261177 0.819606 0.278826 0.84866 0.291107 0.865233 0.303981 0.879209
1 26 0.316094 0.935742 0.321781 0.94324 0.332255 0.95415 0.341419 0.956332 0.347529 0.955241 0.355944 0.950946 0.360744 0.942609 0.362367 0.931238 0.359312 0.918691 0.352766 0.902326 0.349219 0.905176 0.343047 0.911621 0.336908 0.916802 0.324297 0.925293
2 35 0.236185 0.241016 0.245412 0.25187 0.263864 0.271545 0.275805 0.283756 0.286659 0.291792 0.289916 0.29042 0.293172 0.289049 0.295609 0.283881 0.295883 0.278391 0.296157 0.272901 0.293526 0.26476 0.27915 0.2339 0.269292 0.214558 0.265918 0.209571 0.26495 0.221342 0.260608 0.226769 0.249753 0.232196 0.231112 0.235603
4 35 0.532332 0.664763 0.540392 0.65508 0.545798 0.64819 0.551205 0.637011 0.55487 0.623495 0.555694 0.612347 0.554443 0.562547 0.55096 0.520095 0.542416 0.519636 0.545402 0.549754 0.54705 0.5827 0.544579 0.615647 0.542635 0.62785 0.537437 0.639049 0.527982 0.650325 0.532332 0.664763 0.49551 0.692419 0.490098 0.683399 0.47921 0.668944 0.454852 0.635872 0.437116 0.607262 0.420415 0.578652 0.410336 0.549255 0.395218 0.474187 0.382403 0.43063 0.373584 0.403092 0.360254 0.379415 0.353615 0.384297 0.366225 0.407198 0.384426 0.467868 0.401953 0.547919 0.415483 0.587719 0.430264 0.614485 0.450865 0.644545 0.47341 0.673473 0.483634 0.684814 0.49551 0.692419
3 35 0.289916 0.29042 0.306753 0.31254 0.338385 0.360866 0.353615 0.384297 0.360254 0.379415 0.329794 0.329625 0.313392 0.304729 0.295609 0.283881 0.293172 0.289049
1 35 0.231112 0.235603 0.221818 0.220201 0.222238 0.207602 0.228537 0.197628 0.237357 0.191329 0.242396 0.191329 0.253315 0.196053 0.265918 0.209571 0.26495 0.221342 0.260608 0.226769 0.249753 0.232196
2 17 0.198083 0.79573 0.210998 0.790617 0.227502 0.770885 0.241852 0.751152 0.244723 0.741286 0.244364 0.735456 0.244005 0.729626 0.240417 0.725142 0.23683 0.720657 0.232524 0.720657 0.228219 0.720657 0.207411 0.730523 0.194954 0.742757 0.184664 0.755906 0.180115 0.766418 0.178694 0.778096 0.182268 0.787371 0.18874 0.793021
4 17 0.486461 0.675793 0.48649 0.675882 0.490098 0.683399 0.4672 0.681331 0.44772 0.674693 0.420041 0.658411 0.382592 0.630596 0.370712 0.626526 0.361884 0.624988 0.347314 0.626526 0.332118 0.633988 0.310951 0.652984 0.299045 0.663917 0.29514 0.657083 0.311494 0.640094 0.329404 0.623134 0.339457 0.618031 0.35402 0.614465 0.365224 0.614314 0.374121 0.616866 0.385848 0.621777 0.4081 0.636702 0.427193 0.650832 0.448014 0.664679 0.46802 0.673034 0.486461 0.675793 0.523404 0.642814 0.527645 0.62973 0.529005 0.620372 0.52865 0.61127 0.524823 0.588119 0.515416 0.54814 0.503187 0.525015 0.483681 0.500031 0.466814 0.479156 0.445805 0.444272 0.437487 0.430552 0.421619 0.415653 0.40756 0.398157 0.39662 0.378258 0.389088 0.354697 0.380132 0.312746 0.379749 0.280991 0.38677 0.318012 0.393563 0.351401 0.401537 0.372583 0.413831 0.396673 0.42978 0.41204 0.443977 0.426162 0.472291 0.47263 0.489589 0.495108 0.503212 0.510475 0.517167 0.531242 0.524386 0.547181 0.532784 0.584821 0.536771 0.61514 0.536107 0.629677 0.533116 0.64006 0.527982 0.650325 0.523404 0.642814
3 17 0.244364 0.735456 0.256089 0.72103 0.277605 0.687836 0.299045 0.663917 0.29514 0.657083 0.272881 0.681491 0.256649 0.703316 0.252591 0.708772 0.248533 0.714229 0.244475 0.719685 0.240417 0.725142 0.244005 0.729626
0 17 0.191987 0.770762 0.193674 0.772443 0.196367 0.772264 0.198678 0.770432 0.199734 0.76659 0.199404 0.761908 0.197504 0.759843 0.194527 0.759737 0.192303 0.761207 0.190946 0.764611 0.190934 0.768279
1 5 0.654297 0.626172 0.647891 0.629297 0.643516 0.628613 0.636641 0.62959 0.632109 0.632227 0.628906 0.635645 0.628437 0.641602 0.629297 0.649121 0.628359 0.657422 0.631406 0.659473 0.636406 0.660156 0.643828 0.660059 0.648984 0.657715 0.653516 0.653418 0.655938 0.647559 0.656953 0.640332 0.655234 0.629687
0 35 0.245234 0.22168 0.244375 0.224902 0.243984 0.226953 0.244766 0.229297 0.246953 0.229883 0.250625 0.228613 0.255469 0.225 0.256797 0.223242 0.257344 0.219531 0.256641 0.218262 0.255937 0.215234 0.254297 0.21377 0.250547 0.214551 0.247891 0.217187 0.246094 0.220117 0.245234 0.22168 0.237422 0.215332 0.238516 0.213184 0.238906 0.210547 0.238125 0.208203 0.236719 0.206934 0.235234 0.206641 0.233281 0.208594 0.232578 0.20918 0.23 0.212695 0.230938 0.21748 0.232266 0.218457 0.235937 0.216895 0.237422 0.215332
0 26 0.343984 0.926172 0.346641 0.928027 0.348984 0.926172 0.350078 0.922949 0.349922 0.919043 0.348672 0.915039 0.347031 0.914453 0.345234 0.914844 0.343906 0.916602 0.34375 0.920898 0.343984 0.926172 0.333906 0.930078 0.333516 0.928125 0.332422 0.927051 0.330313 0.925586 0.327734 0.926172 0.327031 0.929102 0.326484 0.93125 0.327891 0.933594 0.328672 0.935254 0.330781 0.937109 0.332266 0.937793 0.333906 0.935547 0.334219 0.932031 0.333906 0.930078
