4 7 0.636209 0.666611 0.641403 0.658622 0.660292 0.698181 0.673708 0.731722 0.677208 0.761617 0.673708 0.784221 0.662625 0.809741 0.640459 0.881197 0.618293 0.924946 0.607793 0.946821 0.579211 0.968695 0.550628 0.979632 0.519129 0.979632 0.497546 0.975257 0.471297 0.962862 0.425798 0.935154 0.384966 0.914009 0.403049 0.918384 0.446214 0.9388 0.489963 0.959945 0.518546 0.970882 0.548295 0.968695 0.579211 0.9563 0.59846 0.942446 0.611877 0.920571 0.628793 0.881197 0.643376 0.834532 0.656209 0.797345 0.665542 0.774013 0.669042 0.753596 0.663209 0.727347 0.655042 0.704014
3 7 0.599161 0.590715 0.605928 0.583383 0.617833 0.607687 0.641403 0.658622 0.636209 0.666611 0.62023 0.633154
1 7 0.558047 0.56709 0.566223 0.563079 0.58021 0.552927 0.586978 0.538263 0.595551 0.530367 0.588534 0.51691 0.577092 0.507905 0.566074 0.508964 0.555903 0.517439 0.550818 0.531212 0.549547 0.547103 0.553361 0.559817
2 7 0.562614 0.572103 0.572991 0.585075 0.58021 0.590151 0.588332 0.593535 0.599161 0.590715 0.605928 0.583383 0.60638 0.563643 0.600063 0.543903 0.595551 0.530367 0.586978 0.538263 0.58021 0.552927 0.566223 0.563079 0.557891 0.566699
4 15 0.489588 0.710126 0.503137 0.706848 0.475815 0.606676 0.452607 0.504433 0.448954 0.461818 0.444693 0.428335 0.434952 0.415398 0.410601 0.406266 0.334643 0.396934 0.321491 0.389459 0.316375 0.387327 0.294209 0.381514 0.277886 0.384198 0.278494 0.391808 0.293105 0.4017 0.327661 0.409419 0.359463 0.410071 0.392946 0.413115 0.42095 0.422247 0.431908 0.429857 0.43617 0.446598 0.439822 0.47095 0.443475 0.507477 0.451998 0.557702 0.464783 0.614775
3 15 0.513226 0.822991 0.518274 0.821535 0.523323 0.823962 0.513189 0.758748 0.503137 0.706848 0.489588 0.710126 0.498766 0.748368 0.506196 0.787157
1 15 0.501575 0.864255 0.514779 0.864255 0.525265 0.871051 0.529498 0.874586 0.533809 0.87542 0.541576 0.872022 0.546625 0.872507 0.55012 0.883673 0.549431 0.895986 0.54779 0.904062 0.545573 0.90975 0.540799 0.914256 0.534963 0.917185 0.529148 0.916684 0.520604 0.915227 0.515191 0.911559 0.511672 0.90746 0.505787 0.896388 0.502351 0.884158 0.499633 0.865226
2 15 0.500021 0.856002 0.503128 0.841924 0.509342 0.828331 0.513226 0.822991 0.518274 0.821535 0.523323 0.823962 0.532255 0.831729 0.540411 0.850662 0.546625 0.872507 0.541576 0.872022 0.533809 0.87542 0.529578 0.874486 0.525265 0.871051 0.514779 0.864255 0.501575 0.864255 0.499518 0.865443
4 23 0.627576 0.303149 0.634311 0.296309 0.661831 0.334807 0.708858 0.406403 0.759239 0.490897 0.796198 0.55277 0.810718 0.583294 0.807418 0.585769 0.777059 0.53297 0.7368 0.467797 0.691261 0.397674 0.655622 0.339101
3 23 0.586271 0.245842 0.593676 0.241213 0.593676 0.233114 0.607372 0.255796 0.634311 0.296309 0.627576 0.303149 0.60148 0.267897
1 23 0.552484 0.230221 0.55665 0.226171 0.55989 0.220386 0.574237 0.207658 0.582568 0.198402 0.572386 0.182203 0.560353 0.178731 0.546005 0.182781 0.5386 0.189724 0.536285 0.203608 0.539525 0.216336 0.543228 0.223279
2 23 0.552484 0.230221 0.566832 0.240056 0.577477 0.245263 0.586271 0.245842 0.593676 0.241213 0.593676 0.233114 0.589048 0.212287 0.582568 0.198402 0.574237 0.207658 0.55989 0.220386 0.55665 0.226171
4 31 0.450481 0.197288 0.454646 0.206544 0.427444 0.229574 0.396368 0.271886 0.370287 0.312118 0.345871 0.360674 0.326959 0.410121 0.304594 0.473551 0.280049 0.593527 0.276089 0.625701 0.26817 0.6719 0.26553 0.69005 0.26883 0.701599 0.278069 0.713149 0.293249 0.715624 0.308429 0.708199 0.321628 0.697474 0.317668 0.713149 0.301829 0.721399 0.278729 0.723874 0.26289 0.716449 0.25629 0.701599 0.25431 0.68345 0.25893 0.634776 0.276749 0.542379 0.298459 0.45548 0.31932 0.398178 0.324092 0.383605 0.347646 0.333379 0.382461 0.272004 0.416723 0.228264
3 31 0.524537 0.153569 0.524537 0.164103 0.52731 0.169518 0.510186 0.175882 0.454646 0.206544 0.450481 0.197288 0.476862 0.177618 0.498152 0.167204
1 31 0.546846 0.125683 0.555273 0.138077 0.561797 0.162598 0.564063 0.173828 0.564531 0.177148 0.572624 0.174018 0.583034 0.163483 0.588983 0.148611 0.587992 0.135598 0.581051 0.124444 0.572624 0.120106 0.560726 0.118867
2 31 0.564531 0.177246 0.562031 0.178125 0.54288 0.180214 0.530982 0.175257 0.524537 0.164103 0.524537 0.153569 0.530486 0.140556 0.546846 0.125683 0.555273 0.138077 0.561719 0.162891 0.563984 0.174219
0 23 0.5569 0.205789 0.556268 0.199016 0.554733 0.193935 0.552475 0.192016 0.549494 0.193371 0.547868 0.195742 0.547868 0.201273 0.548501 0.207031 0.550126 0.210079 0.553288 0.212789 0.555907 0.211434 0.5569 0.205789 0.563855 0.206241 0.563313 0.210644 0.564126 0.213128 0.56521 0.214708 0.5681 0.214144 0.568732 0.211096 0.570267 0.207596 0.57108 0.202741 0.569996 0.199693 0.568009 0.199919 0.566022 0.200483 0.564848 0.201951 0.563855 0.206241
0 31 0.561719 0.130273 0.559219 0.132617 0.560312 0.137695 0.562188 0.13877 0.563984 0.139648 0.566953 0.138086 0.5675 0.133496 0.571328 0.130566 0.573438 0.129199 0.573672 0.127441 0.572187 0.125977 0.568516 0.125977 0.565391 0.12666 0.563438 0.12832
