4 6 0.392282 0.304158 0.392282 0.311728 0.446787 0.304698 0.492641 0.29821 0.523354 0.296047 0.558393 0.297128 0.584348 0.29875 0.627173 0.304158 0.686869 0.317676 0.734885 0.333898 0.788093 0.359852 0.838705 0.385267 0.861631 0.396081 0.88153 0.398244 0.897968 0.398244 0.911811 0.393918 0.892345 0.391755 0.872879 0.388511 0.860766 0.386889 0.85125 0.382563 0.83784 0.377696 0.786362 0.350119 0.746133 0.329572 0.705903 0.316054 0.676055 0.307402 0.637987 0.297669 0.599488 0.291721 0.568775 0.289558 0.52941 0.287395 0.494803 0.289558 0.429484 0.299291
3 6 0.309227 0.31335 0.309227 0.318757 0.307929 0.324705 0.320474 0.322542 0.345996 0.317676 0.377574 0.31335 0.392282 0.311728 0.392282 0.304158 0.371518 0.30578 0.352052 0.309024 0.340805 0.311187 0.321339 0.314432 0.31312 0.314432
0 6 0.250925 0.315485 0.248763 0.313863 0.24833 0.309537 0.250925 0.306834 0.255251 0.306293 0.256549 0.311159 0.256116 0.313863 0.254819 0.314945
1 6 0.245637 0.337142 0.247243 0.333488 0.251693 0.323624 0.256884 0.314432 0.260778 0.304698 0.262075 0.297128 0.264312 0.288558 0.260778 0.286855 0.254721 0.286314 0.245205 0.287395 0.23266 0.291721 0.225739 0.299291 0.223576 0.309024 0.224441 0.318217 0.226604 0.325246 0.232227 0.332816 0.238283 0.336601
2 6 0.264476 0.288763 0.277648 0.296047 0.296249 0.304158 0.306631 0.308484 0.309227 0.31335 0.309227 0.318757 0.307929 0.324705 0.300575 0.333898 0.2863 0.338223 0.258615 0.339846 0.245637 0.337142 0.247407 0.333078 0.251693 0.323624 0.256884 0.314432 0.260778 0.304698 0.262075 0.297128
4 10 0.69778 0.551449 0.698228 0.544164 0.737238 0.558601 0.796191 0.583642 0.848849 0.61226 0.89521 0.647317 0.931269 0.67522 0.951302 0.698115 0.97019 0.734603 0.977058 0.754635 0.976486 0.779676 0.969045 0.798278 0.958743 0.820457 0.939282 0.841205 0.920394 0.84836 0.890059 0.851222 0.878039 0.851937 0.87575 0.847644 0.876322 0.844067 0.921539 0.837628 0.93642 0.829758 0.951302 0.811872 0.962749 0.795416 0.969617 0.766798 0.968473 0.748196 0.957025 0.723871 0.942144 0.69883 0.924401 0.678797 0.8975 0.65948 0.864303 0.633724 0.836257 0.614406 0.797336 0.593658 0.76929 0.581495 0.729797 0.563609
3 10 0.626949 0.50718 0.627846 0.513904 0.627398 0.520628 0.632777 0.52231 0.636812 0.523991 0.640398 0.526792 0.644881 0.531836 0.652054 0.536319 0.659675 0.539681 0.682986 0.546966 0.69778 0.551449 0.698228 0.544164 0.683435 0.53856 0.669538 0.533517 0.659227 0.526792 0.648468 0.524551 0.643536 0.519508 0.637708 0.513344 0.633674 0.509981 0.630984 0.50774
2 10 0.571361 0.484204 0.580775 0.482523 0.594672 0.482523 0.612604 0.49317 0.622018 0.499895 0.626949 0.50718 0.627846 0.513904 0.627398 0.520628 0.625156 0.52287 0.620225 0.528474 0.612156 0.530155 0.604086 0.530715 0.59512 0.531275 0.584809 0.529594 0.569567 0.523991 0.558808 0.517266 0.554774 0.509421 0.554325 0.502136 0.556567 0.493731 0.56105 0.489248
4 15 0.964194 0.748581 0.964194 0.755944 0.98481 0.757171 1 0.762079 1 0.752876 0.982847 0.749194 0.972539 0.747354
3 15 0.896456 0.749194 0.897438 0.760239 0.908237 0.762079 0.92149 0.760852 0.943087 0.758398 0.964194 0.755944 0.964194 0.748581 0.947505 0.749194 0.937197 0.749194 0.918054 0.751035 0.907746 0.751035
1 15 0.867495 0.72956 0.865532 0.735696 0.865532 0.741832 0.863078 0.750422 0.863569 0.762079 0.867495 0.773737 0.868968 0.786622 0.871641 0.792578 0.866094 0.795703 0.857678 0.795212 0.844916 0.788463 0.833136 0.773737 0.831663 0.760852 0.833136 0.749194 0.838044 0.741218 0.848843 0.733242 0.856206 0.730174
2 15 0.867495 0.72956 0.883694 0.735696 0.892529 0.744286 0.896456 0.749194 0.897438 0.760239 0.895474 0.768215 0.890566 0.775578 0.871797 0.792578 0.868968 0.786622 0.867495 0.773737 0.863569 0.762079 0.863078 0.750422 0.865532 0.741832 0.865532 0.735696
4 20 0.759721 0.740931 0.756114 0.748661 0.770715 0.768352 0.797103 0.806164 0.817055 0.83754 0.853741 0.882593 0.892358 0.929255 0.923251 0.96224 0.950283 1 0.956719 1 0.932262 0.966262 0.902012 0.930059 0.879485 0.905119 0.842156 0.860871 0.81255 0.822254 0.790667 0.786856 0.768141 0.753066
3 20 0.696852 0.682314 0.699944 0.675228 0.707674 0.68167 0.722618 0.695841 0.741169 0.718386 0.759721 0.740931 0.756114 0.748661 0.737562 0.72676 0.71695 0.702927 0.708705 0.693264 0.702521 0.688111
1 20 0.656657 0.671363 0.663357 0.662345 0.670056 0.652039 0.673663 0.643665 0.676803 0.635918 0.679566 0.628044 0.681908 0.624985 0.673148 0.615967 0.664903 0.612102 0.657688 0.612102 0.64429 0.617255 0.637075 0.624341 0.634499 0.634647 0.634499 0.646886 0.638621 0.658481 0.64532 0.666854
2 20 0.681908 0.624985 0.690668 0.637224 0.695306 0.646242 0.698398 0.664922 0.699944 0.675228 0.696852 0.682314 0.689122 0.685535 0.682423 0.686823 0.66954 0.679737 0.656657 0.671363 0.663357 0.662345 0.670056 0.652039 0.673663 0.643665 0.677024 0.635365 0.679124 0.628459
