4 7 0.177091 0.841842 0.17907 0.83504 0.176102 0.829475 0.175607 0.820201 0.180059 0.812781 0.189457 0.807216 0.199351 0.807216 0.202319 0.812162 0.201824 0.820201 0.211717 0.811544 0.210233 0.804124 0.202813 0.796086 0.197372 0.792376 0.190447 0.792376 0.183027 0.792376 0.170166 0.801651 0.16324 0.812162 0.161757 0.822674 0.16324 0.830712 0.169176 0.839369 0.177091 0.841842 0.177091 0.841842 0.17907 0.83504 0.187479 0.83504 0.195393 0.829475 0.201824 0.820201 0.211717 0.811544 0.218642 0.797941 0.233977 0.748475 0.2503 0.702719 0.264151 0.658818 0.275033 0.634085 0.283634 0.619551 0.291219 0.625039 0.283443 0.640268 0.269097 0.673039 0.258215 0.707047 0.249311 0.730544 0.242386 0.750948 0.232493 0.782483 0.222105 0.810926 0.208254 0.838132 0.202813 0.844315 0.196383 0.848643 0.183522 0.846788 0.177091 0.841842
3 7 0.337524 0.545702 0.343511 0.552188 0.333931 0.556679 0.325149 0.567657 0.312375 0.58562 0.303194 0.604581 0.291219 0.625039 0.283634 0.619551 0.293214 0.602086 0.301996 0.587117 0.311178 0.570651 0.320359 0.557677 0.332733 0.547698
1 7 0.365866 0.495804 0.374248 0.501293 0.37824 0.508278 0.38343 0.51726 0.391014 0.525244 0.396203 0.520254 0.399796 0.511272 0.400195 0.501293 0.397002 0.491313 0.39301 0.486822 0.387022 0.485325 0.37824 0.485325 0.371255 0.489068
2 7 0.365866 0.495804 0.357483 0.503788 0.348302 0.514266 0.340318 0.526242 0.336725 0.538716 0.337524 0.545702 0.343511 0.552188 0.351495 0.554683 0.35908 0.553685 0.373849 0.545203 0.385426 0.533227 0.391014 0.525244 0.38343 0.51726 0.37824 0.508278 0.374248 0.501293
4 12 0.564511 0.451354 0.569702 0.455139 0.580083 0.43351 0.595656 0.41134 0.608201 0.398903 0.625072 0.390252 0.637617 0.388629 0.657083 0.3962 0.670493 0.408096 0.680442 0.424317 0.685633 0.438376 0.692987 0.490286 0.697745 0.514078 0.69688 0.540033 0.696448 0.567069 0.699043 0.587616 0.706829 0.615734 0.71202 0.64277 0.714183 0.683865 0.714183 0.717931 0.71029 0.750915 0.705532 0.762271 0.700773 0.773626 0.69861 0.778492 0.699043 0.788766 0.702071 0.794714 0.704234 0.804988 0.705532 0.825535 0.703801 0.848787 0.707695 0.87366 0.717644 0.886637 0.710723 0.859601 0.71029 0.844461 0.712886 0.82121 0.712453 0.802825 0.70856 0.782277 0.707695 0.774707 0.713318 0.768219 0.717211 0.757404 0.720239 0.73199 0.720672 0.677917 0.719807 0.640067 0.712453 0.60492 0.707695 0.589239 0.703801 0.559499 0.703369 0.527055 0.701206 0.489745 0.69515 0.449731 0.689959 0.428102 0.68174 0.409177 0.6666 0.392415 0.652324 0.382681 0.641942 0.379978 0.631561 0.379978 0.61642 0.383763 0.599117 0.393496 0.584842 0.407555 0.572297 0.430806
3 12 0.500489 0.510293 0.501786 0.521107 0.510438 0.520026 0.519522 0.516241 0.5325 0.509211 0.544612 0.497856 0.554994 0.482716 0.566241 0.46379 0.569702 0.455139 0.564511 0.451354 0.555426 0.469738 0.545477 0.483797 0.534663 0.496775 0.522118 0.504345 0.508708 0.50867
1 12 0.451607 0.500019 0.452905 0.5011 0.454635 0.505967 0.456366 0.5157 0.458961 0.529759 0.466315 0.544358 0.473236 0.556254 0.464152 0.558417 0.45377 0.557876 0.437332 0.548143 0.432141 0.540573 0.430411 0.530299 0.433006 0.5157 0.440793 0.505967
2 12 0.458096 0.496775 0.470641 0.496775 0.485348 0.500019 0.495298 0.504345 0.500489 0.510293 0.501786 0.521107 0.501786 0.527596 0.494865 0.539492 0.484483 0.550847 0.473236 0.556254 0.466315 0.544358 0.458961 0.529759 0.456366 0.5157 0.454635 0.505967 0.452905 0.5011 0.451607 0.500019
4 17 0.618109 0.454318 0.621391 0.44748 0.61428 0.438592 0.608264 0.437224 0.598965 0.438592 0.588572 0.445429 0.585837 0.450899 0.583102 0.456369 0.580367 0.472095 0.576538 0.521324 0.575991 0.563716 0.571615 0.604056 0.55794 0.658072 0.543719 0.701147 0.530591 0.729864 0.520198 0.763575 0.51254 0.798238 0.503459 0.888522 0.503009 0.913258 0.489567 1 0.497224 1 0.503198 0.951195 0.508295 0.915895 0.51103 0.906432 0.510352 0.887808 0.521292 0.805759 0.528403 0.768837 0.537702 0.733967 0.554111 0.697045 0.567786 0.653286 0.578726 0.611578 0.583102 0.552776 0.58529 0.498077 0.591307 0.459788 0.595136 0.449532 0.605529 0.446113 0.612092 0.44748
3 17 0.6471 0.560981 0.652023 0.552776 0.656946 0.552092 0.651476 0.53158 0.640536 0.498077 0.629596 0.463206 0.624673 0.45295 0.621391 0.44748 0.618109 0.454318 0.623579 0.465941 0.632331 0.492607 0.637254 0.517222 0.644365 0.545939
1 17 0.649288 0.600638 0.661869 0.602005 0.668979 0.602005 0.676637 0.59927 0.686934 0.593269 0.693161 0.584494 0.695235 0.590382 0.69797 0.600638 0.69797 0.613629 0.695235 0.625936 0.686483 0.632773 0.677184 0.631406 0.666245 0.624569 0.655852 0.614312 0.652023 0.607475
2 17 0.649288 0.600638 0.648194 0.590382 0.646553 0.571921 0.6471 0.560981 0.652023 0.552776 0.656946 0.552092 0.666245 0.55346 0.67609 0.559613 0.682654 0.566451 0.690217 0.57954 0.693048 0.584918 0.686934 0.593127 0.676637 0.59927 0.668979 0.602005 0.661869 0.602005
4 23 0.437332 0.548143 0.444921 0.552637 0.446638 0.560607 0.449799 0.586569 0.449573 0.597011 0.446477 0.611552 0.442123 0.623255 0.434447 0.631156 0.42632 0.637365 0.416838 0.637929 0.409162 0.631156 0.401487 0.616482 0.39845 0.601704 0.40239 0.5956 0.407808 0.609709 0.413226 0.624384 0.419547 0.628899 0.426771 0.627206 0.436253 0.615353 0.440768 0.598986 0.44122 0.582619 0.438962 0.562865 0.437332 0.548143 0.433006 0.5157 0.440793 0.505967 0.435928 0.494763 0.433671 0.470494 0.438186 0.442275 0.449474 0.412362 0.465277 0.388093 0.485595 0.36834 0.509977 0.353665 0.534358 0.344635 0.559191 0.34012 0.585831 0.342378 0.611567 0.349715 0.640464 0.36326 0.647237 0.370597 0.656267 0.377934 0.668458 0.381885 0.677488 0.3864 0.680648 0.389786 0.684261 0.398817 0.690582 0.410669 0.704579 0.428165 0.713157 0.443404 0.719027 0.459207 0.723091 0.469366 0.72896 0.464286 0.721736 0.442275 0.711803 0.42365 0.702773 0.411798 0.695548 0.401639 0.687873 0.388658 0.678842 0.376856 0.668909 0.37229 0.661233 0.366646 0.653558 0.360438 0.643624 0.355359 0.624661 0.346328 0.602085 0.336734 0.5768 0.33109 0.560998 0.329961 0.540679 0.332219 0.51404 0.341813 0.492368 0.351972 0.468437 0.369468 0.452183 0.390351 0.438186 0.415748 0.426447 0.449612 0.423738 0.469366 0.425092 0.487426 0.433006 0.5157
3 23 0.723091 0.469366 0.72896 0.464286 0.733476 0.472188 0.73483 0.484604 0.736185 0.49815 0.7407 0.510566 0.742957 0.520725 0.743792 0.571837 0.735782 0.573022 0.736185 0.543865 0.732121 0.512824 0.728057 0.492506 0.728057 0.482347
0 23 0.746118 0.639247 0.74386 0.63699 0.742506 0.630782 0.74386 0.62796 0.746569 0.62796 0.748827 0.63191 0.749278 0.635861 0.747472 0.639247
2 23 0.723994 0.599176 0.726251 0.582808 0.732121 0.574907 0.735782 0.573022 0.743792 0.571837 0.747472 0.572649 0.754697 0.58168 0.760566 0.600869 0.761921 0.622316 0.760115 0.636425 0.754697 0.64602 0.746569 0.648842 0.738442 0.644891 0.733476 0.638683 0.727154 0.624009
4 28 0.836444 0.467431 0.841862 0.475897 0.847367 0.466958 0.849625 0.453977 0.851883 0.439868 0.851883 0.430837 0.851431 0.411084 0.849625 0.398667 0.848225 0.39226 0.844567 0.383711 0.838337 0.378913 0.826146 0.372141 0.814858 0.366497 0.80944 0.365932 0.80628 0.371576 0.813413 0.373947 0.825695 0.378913 0.83608 0.385122 0.842852 0.396409 0.84511 0.408262 0.845561 0.431402 0.844658 0.45172 0.841046 0.46075 0.836444 0.467431 0.836444 0.467431 0.841862 0.475897 0.834638 0.483234 0.826059 0.484927 0.819738 0.484363 0.807547 0.478155 0.79355 0.465174 0.788132 0.453886 0.782262 0.437518 0.780908 0.427359 0.787229 0.427924 0.791293 0.424537 0.789938 0.433003 0.79355 0.447677 0.798968 0.456708 0.811159 0.46856 0.821544 0.473075 0.830574 0.472511 0.836444 0.467431
1 28 0.765556 0.363583 0.771878 0.363583 0.77865 0.363019 0.785423 0.360761 0.791293 0.356246 0.796711 0.350602 0.802129 0.350602 0.79942 0.342701 0.795808 0.338185 0.79039 0.336492 0.784068 0.336492 0.779102 0.338185 0.771878 0.345523 0.768265 0.353424
2 28 0.765556 0.363583 0.76375 0.377128 0.76375 0.391238 0.767362 0.403655 0.773232 0.417765 0.780908 0.427359 0.787229 0.427924 0.791293 0.424537 0.794905 0.409299 0.79942 0.386159 0.802129 0.359632 0.802129 0.350602 0.796711 0.350602 0.791293 0.356246 0.785423 0.360761 0.77865 0.363019 0.771878 0.363583
4 33 0.652531 0.230939 0.650994 0.238627 0.66599 0.242111 0.692629 0.24719 0.708884 0.251705 0.741393 0.268637 0.767129 0.287262 0.800541 0.317175 0.82718 0.340879 0.834856 0.349345 0.857883 0.383208 0.87188 0.408042 0.884522 0.436826 0.891815 0.471254 0.891747 0.48367 0.889941 0.487621 0.886328 0.487056 0.875492 0.463916 0.848401 0.427795 0.824923 0.400705 0.825008 0.408967 0.852916 0.443034 0.868268 0.464481 0.876395 0.480284 0.882265 0.492136 0.885877 0.496087 0.892198 0.496651 0.897165 0.491007 0.898587 0.481469 0.898971 0.466738 0.890392 0.431746 0.871428 0.39111 0.842983 0.346523 0.814538 0.317739 0.787447 0.295728 0.763517 0.27541 0.745456 0.262993 0.726944 0.25227 0.712496 0.244933 0.697144 0.239853 0.683599 0.235902
3 33 0.561049 0.233822 0.561818 0.227576 0.561049 0.222771 0.56989 0.224213 0.592184 0.225174 0.616784 0.226135 0.636388 0.229018 0.652531 0.230939 0.650994 0.238627 0.631775 0.237666 0.609481 0.233822 0.603331 0.232381 0.588724 0.233342 0.570274 0.233342
1 33 0.512617 0.19106 0.515692 0.198748 0.516484 0.207129 0.516328 0.213086 0.51377 0.220369 0.510695 0.228057 0.509542 0.239108 0.509542 0.245354 0.502623 0.242951 0.491476 0.232861 0.486095 0.22133 0.486095 0.21076 0.48917 0.204033 0.496473 0.197787 0.505314 0.193462
2 33 0.509542 0.245354 0.517266 0.24834 0.524141 0.248828 0.536449 0.247756 0.549133 0.243432 0.557974 0.237186 0.561049 0.233822 0.561818 0.227576 0.561049 0.222771 0.554515 0.213162 0.542215 0.203072 0.529914 0.196345 0.516461 0.192021 0.512617 0.19106 0.515692 0.198748 0.516484 0.206348 0.516484 0.2125 0.51377 0.220369 0.510695 0.228057 0.509542 0.239108
0 28 0.784531 0.351465 0.783281 0.355078 0.783594 0.357617 0.785 0.35791 0.787344 0.357715 0.787969 0.357129 0.789141 0.355469 0.790078 0.354297 0.789844 0.351367 0.789375 0.349609 0.787031 0.349609 0.786016 0.349805
0 7 0.384375 0.496973 0.382734 0.499512 0.383516 0.502637 0.387266 0.504883 0.389531 0.504102 0.391406 0.502246 0.391563 0.498535 0.389063 0.496094 0.386797 0.495801 0.385 0.495898
