4 6 0.374683 0.427561 0.374683 0.417236 0.389889 0.418806 0.415842 0.419746 0.445932 0.419746 0.464738 0.422097 0.495957 0.42962 0.533194 0.440433 0.555009 0.449837 0.56366 0.456419 0.571559 0.467703 0.586228 0.501084 0.602026 0.539637 0.607291 0.557033 0.609924 0.572079 0.60842 0.588064 0.604282 0.601229 0.592998 0.632259 0.583219 0.650125 0.589237 0.630379 0.599769 0.596527 0.601273 0.581482 0.601273 0.568317 0.59676 0.552332 0.59187 0.538697 0.584347 0.51801 0.577201 0.500144 0.562532 0.470994 0.557642 0.463001 0.544854 0.455478 0.516268 0.445135 0.468876 0.4315 0.442923 0.429149 0.425621 0.429149 0.403429 0.43056 0.385375 0.429149
3 6 0.304182 0.410052 0.305818 0.407368 0.305818 0.399453 0.309593 0.401954 0.330408 0.407736 0.33966 0.409801 0.352876 0.411866 0.359484 0.414757 0.367083 0.417649 0.374683 0.417236 0.374683 0.427561 0.369396 0.427974 0.36411 0.427561 0.35585 0.424257 0.345607 0.421779 0.327435 0.416823 0.311906 0.412279
0 6 0.253753 0.402531 0.24918 0.400772 0.247421 0.397694 0.247069 0.393297 0.248476 0.390658 0.251642 0.389339 0.255512 0.389779 0.258326 0.393737 0.258326 0.397694 0.256919 0.401212
1 6 0.250235 0.373948 0.25516 0.380984 0.260085 0.388899 0.260437 0.398134 0.256567 0.410886 0.254105 0.42188 0.244607 0.420121 0.235812 0.415284 0.228424 0.409127 0.225962 0.401652 0.227017 0.390658 0.232294 0.381424 0.238626 0.376147
2 6 0.250235 0.373948 0.259382 0.373948 0.27275 0.376587 0.289284 0.382303 0.297727 0.38758 0.303003 0.392417 0.305818 0.399453 0.305818 0.407368 0.300189 0.416603 0.293153 0.421 0.280841 0.424518 0.263603 0.424518 0.254105 0.42188 0.256567 0.410886 0.260437 0.398134 0.260085 0.388899 0.25516 0.380984
4 12 0.46311 0.643564 0.45791 0.652666 0.473318 0.673681 0.49004 0.691367 0.528628 0.735582 0.565929 0.771758 0.61545 0.821601 0.678476 0.87707 0.693268 0.889933 0.73057 0.933344 0.771087 0.975147 0.792953 1 0.803243 1 0.777518 0.968716 0.750507 0.938972 0.716421 0.89958 0.690696 0.873855 0.67719 0.859384 0.655324 0.840894 0.623167 0.812758 0.564643 0.75568 0.514479 0.706641 0.476534 0.66323
3 12 0.396524 0.581388 0.400617 0.57684 0.400617 0.574133 0.407983 0.581806 0.422025 0.597408 0.434507 0.61106 0.444388 0.622111 0.45739 0.637063 0.46311 0.643564 0.45791 0.652666 0.443348 0.638364 0.427746 0.621461 0.416304 0.60976 0.407983 0.600659 0.400702 0.588307
0 12 0.371055 0.537613 0.366962 0.535339 0.367416 0.529085 0.36969 0.526811 0.373329 0.526811 0.376058 0.529654 0.376967 0.532496 0.377422 0.535907 0.374693 0.537613
1 12 0.343312 0.521126 0.351044 0.521126 0.35923 0.529085 0.366962 0.535339 0.372891 0.537988 0.377422 0.535907 0.389247 0.533633 0.395159 0.535907 0.391521 0.524537 0.38288 0.513167 0.377422 0.509188 0.371055 0.506345 0.366052 0.504071 0.356956 0.504071 0.34877 0.507482 0.344222 0.513167
2 12 0.343312 0.521126 0.346496 0.528517 0.354682 0.539887 0.362414 0.556942 0.368781 0.564901 0.377877 0.573429 0.390157 0.580251 0.396524 0.581388 0.400617 0.57684 0.400617 0.565469 0.398798 0.551257 0.395159 0.535907 0.389247 0.533633 0.377422 0.535907 0.372734 0.538086 0.366962 0.535339 0.35923 0.529085 0.351044 0.521126
0 18 0.8437 0.715973 0.8437 0.713152 0.844076 0.710331 0.847085 0.70939 0.849342 0.710801 0.849718 0.714092 0.848966 0.717383 0.845957 0.717383
4 18 0.756909 0.550962 0.762374 0.545649 0.752862 0.525594 0.739957 0.502639 0.714148 0.470998 0.680398 0.439978 0.660545 0.425708 0.633247 0.409578 0.618357 0.399651 0.600986 0.392827 0.574184 0.376076 0.547879 0.356223 0.511151 0.33637 0.476408 0.320239 0.454073 0.314655 0.430746 0.309072 0.415856 0.299765 0.402455 0.289839 0.396916 0.28668 0.391377 0.286737 0.386481 0.289219 0.383299 0.293846 0.383977 0.30008 0.387317 0.309093 0.400564 0.320568 0.416621 0.330056 0.451234 0.340697 0.452831 0.33633 0.417748 0.322985 0.404281 0.316313 0.39283 0.306545 0.390107 0.299517 0.393386 0.294633 0.397762 0.294631 0.402094 0.299454 0.406425 0.305349 0.417345 0.314035 0.435212 0.320239 0.463007 0.326443 0.485838 0.33637 0.522566 0.353121 0.55036 0.370492 0.586096 0.395929 0.615876 0.410819 0.640196 0.423227 0.66799 0.440598 0.689828 0.459211 0.714148 0.484647 0.73549 0.511945 0.748891 0.53428
3 18 0.798916 0.644822 0.802887 0.64172 0.806361 0.6411 0.799414 0.626863 0.790306 0.607129 0.78059 0.585118 0.775125 0.569937 0.766624 0.55248 0.762374 0.545649 0.756909 0.550962 0.766624 0.569937 0.77634 0.594226 0.786662 0.618514 0.795163 0.639007
1 18 0.830681 0.714308 0.836637 0.705002 0.844578 0.695075 0.853016 0.688251 0.857979 0.68763 0.861453 0.698177 0.862446 0.710585 0.859468 0.722993 0.853512 0.727336 0.845571 0.726716 0.838126 0.722373
2 18 0.855497 0.682047 0.843586 0.667157 0.829688 0.652267 0.815295 0.643581 0.806361 0.6411 0.802887 0.64172 0.798916 0.644822 0.79842 0.653508 0.801894 0.662814 0.812813 0.686389 0.830681 0.714308 0.836637 0.705002 0.844578 0.695075 0.853016 0.688251 0.857979 0.68763
4 23 0.279099 0.424518 0.276292 0.429781 0.273393 0.43884 0.27146 0.453335 0.27001 0.470246 0.267595 0.498631 0.263246 0.509502 0.256965 0.513126 0.257448 0.508898 0.259864 0.493196 0.259864 0.475077 0.260347 0.459375 0.264792 0.434462 0.268581 0.424518 0.279099 0.424518 0.308643 0.401325 0.318313 0.390749 0.331358 0.373838 0.341021 0.359948 0.349235 0.346661 0.360348 0.33277 0.372427 0.324919 0.392719 0.313444 0.406425 0.305349 0.420259 0.293513 0.439586 0.277207 0.454563 0.265732 0.467126 0.254861 0.482104 0.239158 0.495632 0.220436 0.504812 0.208357 0.515441 0.198693 0.525633 0.194964 0.530556 0.203682 0.521239 0.208961 0.513992 0.215 0.504812 0.226475 0.497565 0.23795 0.487418 0.248217 0.477755 0.259088 0.457462 0.274187 0.444417 0.284454 0.431372 0.297137 0.422192 0.305592 0.407697 0.318275 0.383539 0.333374 0.366146 0.343037 0.359864 0.350888 0.350684 0.363571 0.337156 0.384105 0.325077 0.396788 0.316186 0.403786 0.309593 0.401954 0.308643 0.401325
3 23 0.589629 0.178042 0.59045 0.187785 0.59168 0.190349 0.579784 0.190862 0.562554 0.193426 0.546965 0.196502 0.539171 0.198554 0.530556 0.203682 0.525633 0.194964 0.537119 0.189323 0.554759 0.183683 0.569528 0.181631 0.580604 0.180093
2 23 0.602347 0.158556 0.593732 0.165222 0.59086 0.172914 0.589629 0.178042 0.59045 0.187785 0.59168 0.190349 0.597424 0.197015 0.603987 0.200605 0.616294 0.202656 0.624499 0.20163 0.631063 0.199579 0.636806 0.192913 0.638447 0.185221 0.638447 0.178042 0.635165 0.171376 0.631473 0.164197 0.623679 0.159581 0.617525 0.15753 0.610141 0.157017
4 29 0.761375 0.123089 0.770999 0.118633 0.765659 0.09656 0.756392 0.071609 0.749619 0.059134 0.741778 0.044431 0.73251 0.031956 0.710411 0 0.700431 0 0.71255 0.015471 0.729659 0.040867 0.737144 0.049332 0.74356 0.060916 0.753585 0.086443 0.738926 0.071164 0.725025 0.053788 0.713619 0.043095 0.699718 0.034184 0.685105 0.021708 0.678332 0.01458 0.671204 0.007005 0.666213 0 0.65659 0 0.666213 0.012352 0.67655 0.025718 0.690451 0.038639 0.708273 0.052005 0.716827 0.05958 0.726808 0.071164 0.738926 0.086312 0.753184 0.105471 0.757817 0.113491
3 29 0.78546 0.198626 0.789421 0.195994 0.794593 0.195036 0.790603 0.18591 0.788108 0.177891 0.784187 0.16497 0.780266 0.153386 0.778128 0.144029 0.774207 0.130217 0.770999 0.118633 0.761375 0.123089 0.766009 0.136009 0.771355 0.149376 0.774563 0.163188 0.77991 0.180118 0.783831 0.192593
1 29 0.786032 0.264019 0.782109 0.258887 0.778594 0.251563 0.783984 0.249707 0.79 0.247266 0.795312 0.243262 0.806543 0.242995 0.81762 0.240943 0.81762 0.248635 0.816799 0.255302 0.812287 0.264019 0.806543 0.268634 0.799159 0.271198 0.793006 0.271198 0.788493 0.267609
2 29 0.774545 0.23838 0.773725 0.228124 0.774135 0.219406 0.779878 0.204535 0.78546 0.198626 0.789421 0.195994 0.794593 0.195036 0.801621 0.19992 0.811466 0.210689 0.814748 0.22197 0.81762 0.240943 0.806484 0.243066 0.795547 0.243359 0.790156 0.247168 0.783828 0.249609 0.778594 0.251563 0.777417 0.248635
0 29 0.792109 0.245312 0.791328 0.246973 0.791641 0.249805 0.792812 0.25166 0.793984 0.252441 0.795781 0.251855 0.796953 0.250098 0.797109 0.247559 0.796563 0.245117 0.794063 0.244238
