4 6 0.762568 0.289453 0.750305 0.29224 0.723549 0.307569 0.694563 0.331259 0.676028 0.34522 0.67925 0.352468 0.712972 0.326396 0.738886 0.305938 0.752525 0.299119 0.755322 0.297814 0.762568 0.289453 0.831397 0.237103 0.848446 0.243923 0.81846 0.237913 0.819944 0.245334 0.807699 0.249509 0.800277 0.254147 0.795453 0.257394 0.788403 0.263888 0.786547 0.267135 0.784659 0.271857 0.780697 0.272407 0.776528 0.275472 0.775786 0.271773 0.777642 0.268062 0.781724 0.261105 0.791371 0.251364 0.800648 0.243943 0.811038 0.239768 0.81846 0.237913 0.848446 0.243923 0.864915 0.2569 0.881887 0.276505 0.89491 0.30013 0.900365 0.317408 0.903684 0.335133 0.906412 0.368377 0.906412 0.39054 0.906412 0.412704 0.906412 0.445096 0.907775 0.471521 0.906412 0.518405 0.901638 0.558469 0.892773 0.595976 0.890727 0.627515 0.892091 0.63263 0.8955 0.634335 0.89891 0.630925 0.900274 0.623253 0.906412 0.623253 0.908457 0.62922 0.907775 0.637745 0.897546 0.644564 0.892091 0.645416 0.885953 0.638597 0.884589 0.631778 0.884589 0.606205 0.892091 0.561026 0.899068 0.51906 0.897546 0.446801 0.8955 0.351329 0.890045 0.315527 0.885482 0.301381 0.873234 0.281133 0.860196 0.264342 0.845578 0.251996 0.83175 0.245576 0.819944 0.245334 0.81846 0.237913 0.831397 0.237103
3 6 0.609395 0.386866 0.609439 0.386829 0.61042 0.380088 0.610028 0.37813 0.614502 0.379446 0.619656 0.379446 0.627065 0.377433 0.637051 0.373003 0.653157 0.364145 0.676028 0.34522 0.67925 0.352468 0.671841 0.359716 0.659278 0.37099 0.645426 0.380654 0.636085 0.383875 0.628676 0.385888 0.618046 0.387096 0.610959 0.387096
1 6 0.558941 0.391119 0.562863 0.384378 0.564334 0.377637 0.565805 0.368444 0.566295 0.364767 0.569237 0.356188 0.569727 0.351898 0.569727 0.349446 0.560902 0.348834 0.549626 0.351898 0.545213 0.356188 0.541797 0.363086 0.540859 0.368164 0.541328 0.37207 0.543743 0.377024 0.547665 0.38254 0.552077 0.387442
2 6 0.569727 0.349446 0.579533 0.350672 0.59326 0.355575 0.601595 0.362929 0.608949 0.372734 0.61042 0.380088 0.609439 0.386829 0.603556 0.391732 0.59375 0.394796 0.576101 0.396022 0.566785 0.394183 0.558941 0.391119 0.562863 0.384378 0.564334 0.377637 0.565805 0.368444 0.566295 0.364767 0.569237 0.356188 0.569727 0.351898
4 20 0.303873 0.327574 0.301676 0.337381 0.288108 0.329762 0.247974 0.307465 0.210627 0.283775 0.187773 0.269143 0.173837 0.262872 0.161574 0.262175 0.154328 0.263569 0.146328 0.270745 0.139825 0.28701 0.139433 0.308579 0.142343 0.330148 0.149465 0.363428 0.167678 0.403522 0.186314 0.432504 0.204696 0.452888 0.243705 0.476806 0.30347 0.519194 0.350869 0.559943 0.386653 0.588045 0.397894 0.599052 0.42506 0.605375 0.446385 0.603192 0.472981 0.603192 0.475027 0.605749 0.475027 0.610864 0.471617 0.614273 0.470935 0.614273 0.42729 0.614273 0.417743 0.613421 0.404104 0.611716 0.38501 0.601487 0.352276 0.577619 0.314769 0.543522 0.290219 0.521359 0.269079 0.506015 0.241119 0.486409 0.216569 0.471066 0.195428 0.457427 0.183938 0.444705 0.169514 0.424182 0.157921 0.406281 0.144964 0.379003 0.135417 0.350021 0.132007 0.331267 0.128284 0.308256 0.129412 0.290355 0.133949 0.273729 0.139719 0.263207 0.146328 0.257959 0.152465 0.253696 0.162695 0.251139 0.177698 0.253696 0.207703 0.270745 0.243164 0.293761 0.288855 0.321038
3 20 0.301676 0.337381 0.303873 0.327574 0.319565 0.333851 0.330236 0.336989 0.349381 0.338558 0.358796 0.337774 0.367584 0.336989 0.374838 0.33385 0.375372 0.337053 0.376621 0.339611 0.379008 0.342168 0.379702 0.342428 0.378882 0.342874 0.367897 0.346404 0.352519 0.348758 0.333374 0.348366 0.322076 0.346404 0.312661 0.343266
1 20 0.417031 0.293945 0.419243 0.297842 0.421288 0.306366 0.423334 0.312333 0.427426 0.320005 0.430391 0.323633 0.4322 0.331086 0.437397 0.326419 0.440339 0.320903 0.441319 0.313549 0.440339 0.306808 0.438378 0.298841 0.432004 0.289648 0.42465 0.286584 0.419257 0.28781 0.414845 0.290261
2 20 0.414922 0.290625 0.411741 0.292727 0.39401 0.303809 0.383781 0.310628 0.374916 0.322562 0.374234 0.330234 0.375372 0.337053 0.376621 0.339611 0.379008 0.342168 0.385827 0.344725 0.396141 0.344592 0.410761 0.341795 0.424698 0.336201 0.4322 0.331086 0.430836 0.323415 0.427426 0.320005 0.423334 0.312333 0.421288 0.306366 0.419243 0.297842 0.417266 0.294238
4 26 0.197108 0.510039 0.190625 0.516341 0.177899 0.498558 0.152447 0.464975 0.124637 0.431391 0.105312 0.41077 0.08363 0.390738 0.070904 0.378955 0.055349 0.364814 0.040266 0.356566 0.031782 0.351263 0.022826 0.345371 0.013871 0.33948 0 0.328874 0 0.319448 0.033667 0.341247 0.062891 0.360101 0.074675 0.370117 0.112382 0.404878 0.146319 0.440818 0.177428 0.480882
3 26 0.190625 0.516341 0.197108 0.510039 0.216555 0.534348 0.229159 0.554605 0.24279 0.573567 0.246722 0.579028 0.244887 0.581738 0.243575 0.588849 0.244055 0.590888 0.241044 0.587467 0.234201 0.578914 0.217635 0.553705
0 26 0.297978 0.619811 0.29627 0.617321 0.296555 0.612697 0.298832 0.609851 0.301962 0.609851 0.304808 0.61163 0.306231 0.615543 0.305377 0.619811 0.303101 0.62159 0.300539 0.621946
1 26 0.289081 0.579004 0.289519 0.588302 0.288206 0.59213 0.286456 0.597053 0.285581 0.600335 0.284706 0.603616 0.28208 0.611274 0.280768 0.620572 0.27858 0.624401 0.288206 0.628229 0.29652 0.628776 0.302208 0.628776 0.306584 0.627135 0.309647 0.620572 0.31096 0.612368 0.31096 0.602522 0.309209 0.594318 0.305271 0.587208 0.30002 0.582832
2 26 0.289081 0.579004 0.26414 0.571893 0.254951 0.57244 0.249701 0.574628 0.244887 0.581738 0.243575 0.588849 0.245763 0.598147 0.254076 0.61018 0.266328 0.618384 0.27858 0.624401 0.280768 0.620572 0.28208 0.611274 0.284706 0.603616 0.285581 0.600335 0.286456 0.597053 0.288206 0.59213 0.289519 0.588302
4 32 0.40071 0.878412 0.413125 0.874448 0.416675 0.873222 0.421582 0.875522 0.423423 0.877823 0.423423 0.886257 0.411768 0.912328 0.406247 0.926896 0.400726 0.942999 0.393978 0.980571 0.390911 1 0.381096 1 0.388457 0.958334 0.398886 0.919229 0.405633 0.901593 0.412995 0.886257 0.411768 0.88319 0.408087 0.88319 0.40318 0.88319 0.400726 0.881657
3 32 0.40071 0.878412 0.402685 0.853786 0.404215 0.798325 0.402914 0.781382 0.405159 0.782147 0.40788 0.782147 0.4106 0.780022 0.412908 0.775902 0.414209 0.779969 0.415509 0.788192 0.416963 0.794503 0.416963 0.807507 0.415433 0.823571 0.413125 0.874448
0 32 0.388456 0.712838 0.386254 0.710085 0.384786 0.707027 0.384052 0.703663 0.38503 0.701216 0.387967 0.699687 0.389679 0.699687 0.391637 0.701522 0.393105 0.704274 0.393594 0.707027 0.393839 0.708862 0.393839 0.710697 0.393105 0.712226 0.391881 0.713143 0.390413 0.713143
1 32 0.374893 0.713284 0.378634 0.712009 0.386455 0.711584 0.395297 0.709883 0.400738 0.708608 0.402779 0.707758 0.399718 0.699256 0.395297 0.690329 0.392917 0.687354 0.388836 0.685228 0.384755 0.685228 0.380674 0.686929 0.375913 0.690755 0.372853 0.695005 0.371492 0.699256 0.371832 0.704782 0.372853 0.708183
2 32 0.374893 0.713284 0.378634 0.712009 0.386455 0.711584 0.395297 0.709883 0.400738 0.708608 0.402779 0.707758 0.4089 0.725611 0.412641 0.741765 0.414681 0.754092 0.415021 0.764719 0.412981 0.775771 0.4106 0.780022 0.40788 0.782147 0.405159 0.782147 0.401418 0.780872 0.394957 0.774071 0.389856 0.765569 0.384415 0.754092 0.380674 0.74389 0.377516 0.73223 0.375718 0.721359
