4 5 0.227711 0.474619 0.2287 0.483894 0.24354 0.486986 0.255412 0.488223 0.270746 0.490078 0.286575 0.485131 0.29449 0.475238 0.297952 0.45978 0.295974 0.444322 0.285586 0.430718 0.254422 0.410314 0.234636 0.393001 0.218312 0.382489 0.205946 0.381871 0.195558 0.383726 0.184181 0.390527 0.173793 0.402276 0.169836 0.414024 0.17033 0.436283 0.174782 0.452978 0.180223 0.466581 0.190611 0.483894 0.204956 0.497497 0.220786 0.508009 0.239583 0.515429 0.25739 0.516665 0.271735 0.514192 0.282123 0.506772 0.300426 0.495642 0.315265 0.490078 0.329116 0.488223 0.345934 0.490696 0.365721 0.498734 0.383034 0.506154 0.361269 0.490078 0.33703 0.479566 0.321201 0.478948 0.298447 0.485131 0.285091 0.492551 0.269262 0.503681 0.255906 0.506772 0.230184 0.504299 0.21386 0.494406 0.201988 0.485131 0.188138 0.468436 0.178245 0.442467 0.175772 0.423299 0.182202 0.406604 0.191106 0.396092 0.20644 0.390527 0.217818 0.391764 0.228205 0.399802 0.25096 0.417115 0.277177 0.436283 0.286575 0.445558 0.289048 0.452978 0.289543 0.45978 0.289048 0.467818 0.285586 0.475238 0.277671 0.480184 0.265305 0.480184 0.247002 0.477711 0.233152 0.475238
3 5 0.170825 0.469055 0.170825 0.477711 0.180718 0.482658 0.197042 0.487604 0.211387 0.489459 0.219796 0.488223 0.2287 0.483894 0.227711 0.474619 0.221775 0.474619 0.217818 0.478948 0.201988 0.477093 0.184181 0.47091 0.173793 0.468436
1 5 0.118886 0.466581 0.127295 0.474619 0.136693 0.487604 0.144608 0.504299 0.151039 0.509864 0.143124 0.513574 0.133726 0.512956 0.123832 0.506772 0.117402 0.495642 0.113939 0.484513 0.115423 0.472764
2 5 0.118886 0.466581 0.125316 0.457306 0.136693 0.447413 0.146587 0.446177 0.15648 0.44865 0.164394 0.454215 0.169341 0.45978 0.170825 0.469055 0.170825 0.477711 0.165384 0.493787 0.159942 0.504299 0.151039 0.509864 0.144608 0.504299 0.136693 0.487604 0.127295 0.474619
4 12 0.284891 0.682409 0.288507 0.68932 0.302252 0.675272 0.321928 0.656937 0.3391 0.64218 0.362712 0.622951 0.379884 0.607299 0.392048 0.594778 0.399203 0.586728 0.415302 0.573313 0.430327 0.567052 0.443206 0.561239 0.452865 0.554083 0.465029 0.544245 0.477193 0.53709 0.489714 0.536196 0.50939 0.545587 0.527278 0.56258 0.536579 0.575101 0.54123 0.58807 0.548385 0.607746 0.560191 0.620268 0.573428 0.630553 0.591315 0.635919 0.609918 0.634578 0.62566 0.628764 0.641401 0.617584 0.654995 0.604616 0.66859 0.586281 0.680753 0.573313 0.691128 0.566158 0.697568 0.563027 0.699714 0.563922 0.699714 0.567946 0.69399 0.573313 0.667516 0.596119 0.676103 0.592989 0.691486 0.583598 0.701503 0.575996 0.705438 0.568394 0.706154 0.560791 0.704723 0.554083 0.698999 0.553189 0.689339 0.555872 0.677534 0.564816 0.666801 0.574207 0.653922 0.592542 0.641043 0.606405 0.626017 0.618926 0.614211 0.624739 0.599186 0.626975 0.579867 0.623845 0.564126 0.615348 0.553036 0.600144 0.543377 0.580468 0.535864 0.563474 0.525847 0.550953 0.511179 0.537537 0.497584 0.529935 0.486852 0.527252 0.478624 0.527699 0.466818 0.533066 0.456085 0.539773 0.444637 0.549164 0.429612 0.558108 0.410293 0.566605 0.397772 0.575996 0.38525 0.588517 0.361639 0.611324 0.326937 0.639944 0.295455 0.669906
3 12 0.225548 0.747252 0.230288 0.754288 0.231868 0.751984 0.23717 0.746862 0.240545 0.742042 0.254041 0.725773 0.266333 0.712517 0.279107 0.698056 0.288507 0.68932 0.284891 0.682409 0.274287 0.691127 0.268984 0.696249 0.266574 0.699261 0.260308 0.706793 0.239098 0.72969 0.231145 0.739933
0 12 0.181648 0.812891 0.181432 0.809113 0.182728 0.806955 0.18575 0.807224 0.187692 0.809653 0.188556 0.812081 0.188124 0.81424 0.186613 0.815589 0.185534 0.815589 0.183807 0.81478 0.181648 0.812891 0.177364 0.822464 0.180256 0.825778 0.180738 0.829393 0.180497 0.831803 0.17881 0.832707 0.176641 0.833008 0.174472 0.832104 0.172062 0.828188 0.171821 0.826079 0.172303 0.822464 0.17399 0.82156 0.177364 0.822464
1 12 0.168066 0.806828 0.173999 0.808725 0.178147 0.805762 0.183776 0.804281 0.188219 0.805762 0.193552 0.813909 0.198588 0.823538 0.203328 0.827611 0.199477 0.836128 0.193848 0.842424 0.186146 0.845757 0.176962 0.845016 0.175777 0.843905 0.169555 0.839091 0.163927 0.831314 0.16363 0.825019 0.164815 0.815761
2 12 0.168066 0.806828 0.175327 0.7917 0.185701 0.776571 0.197112 0.763172 0.206448 0.754095 0.214586 0.748733 0.221104 0.746141 0.225548 0.747252 0.230288 0.754288 0.231769 0.761694 0.231177 0.772063 0.228214 0.781692 0.213994 0.811317 0.203328 0.827611 0.198588 0.823538 0.193552 0.813909 0.188219 0.805762 0.183776 0.804281 0.178147 0.805762 0.173999 0.808725
4 17 0.44924 0.758936 0.456296 0.763086 0.451942 0.777818 0.444031 0.796976 0.435627 0.81737 0.426233 0.84518 0.417334 0.864337 0.409918 0.876079 0.395086 0.894619 0.37976 0.914395 0.371355 0.925519 0.362951 0.939732 0.355535 0.95889 0.346636 0.97434 0.334276 0.98979 0.325871 1 0.316478 1 0.336748 0.975576 0.344658 0.964452 0.352568 0.94653 0.35949 0.930463 0.376299 0.904507 0.396075 0.878551 0.405469 0.868045 0.412884 0.855067 0.430188 0.809336 0.445514 0.772256
3 17 0.47381 0.682719 0.482105 0.685743 0.476217 0.703426 0.467917 0.730921 0.463766 0.745447 0.459616 0.752191 0.457541 0.75686 0.456296 0.763086 0.44924 0.758936 0.450901 0.750635 0.457126 0.738703 0.460446 0.725215 0.466256 0.704464 0.469992 0.689938
1 17 0.483834 0.611427 0.48971 0.612723 0.494895 0.61834 0.503191 0.622228 0.512178 0.622228 0.511832 0.615747 0.509413 0.607538 0.50561 0.602353 0.500425 0.601057 0.496278 0.601057 0.490056 0.604081
2 17 0.483834 0.611427 0.476229 0.623093 0.472081 0.634327 0.469316 0.650313 0.470007 0.664572 0.472081 0.676238 0.47381 0.682719 0.482105 0.685743 0.490401 0.68099 0.499734 0.671053 0.504919 0.660683 0.511141 0.646425 0.512869 0.632598 0.512178 0.622228 0.503191 0.622228 0.494895 0.61834 0.48971 0.612723
4 23 0.646386 0.206357 0.647802 0.216384 0.674983 0.218957 0.707007 0.213953 0.73583 0.207949 0.766253 0.200943 0.792673 0.19694 0.835907 0.194939 0.869532 0.200943 0.917569 0.212952 0.945591 0.219958 0.959201 0.219958 0.991226 0.229965 1 0.230966 1 0.22296 0.972011 0.215955 0.960002 0.20995 0.94479 0.20995 0.93118 0.207949 0.899956 0.19694 0.847115 0.186932 0.822296 0.18393 0.796676 0.184931 0.766253 0.190935 0.733428 0.198942 0.702204 0.205947 0.668578 0.207949 0.654167 0.206948
3 23 0.56889 0.199548 0.56889 0.203872 0.56889 0.209817 0.580329 0.207537 0.592125 0.207537 0.600146 0.209896 0.612414 0.212845 0.623266 0.215204 0.641196 0.217564 0.647802 0.216384 0.646386 0.206357 0.628457 0.202819 0.612414 0.19987 0.598731 0.196921 0.585991 0.196331 0.575139 0.196921
0 23 0.515614 0.222699 0.51302 0.219456 0.512155 0.214592 0.513453 0.210808 0.516912 0.210808 0.519938 0.213511 0.520371 0.218375 0.519938 0.221077 0.518209 0.222699
1 23 0.514843 0.189819 0.516572 0.197927 0.522193 0.216303 0.533867 0.232517 0.544244 0.250352 0.53257 0.256297 0.524787 0.257378 0.508357 0.253595 0.495386 0.244407 0.486306 0.234138 0.484144 0.222788 0.485441 0.211979 0.490197 0.206034 0.49798 0.200088
2 23 0.514843 0.189819 0.527382 0.187658 0.542083 0.187117 0.554622 0.188738 0.564999 0.194684 0.56889 0.199548 0.56889 0.203872 0.56889 0.209817 0.564134 0.220626 0.553324 0.239543 0.544244 0.250352 0.533867 0.232517 0.522193 0.216303 0.516572 0.197927
