4 6 0.462842 0.582503 0.475577 0.564311 0.511051 0.523379 0.526852 0.502662 0.539501 0.481774 0.544251 0.463119 0.544251 0.446065 0.540612 0.422188 0.524747 0.405532 0.510379 0.399221 0.492129 0.398251 0.478538 0.400678 0.470437 0.402224 0.462228 0.401163 0.456015 0.397765 0.448637 0.395338 0.437764 0.394853 0.428833 0.394367 0.419125 0.397765 0.412136 0.405532 0.410582 0.412812 0.411747 0.418637 0.417572 0.413298 0.419125 0.406988 0.422232 0.403105 0.426892 0.401163 0.432328 0.401163 0.440094 0.401163 0.448637 0.40359 0.456015 0.406988 0.461063 0.408929 0.4665 0.410385 0.47116 0.410871 0.485916 0.407958 0.492129 0.405532 0.498342 0.405046 0.507661 0.405046 0.52497 0.416064 0.5349 0.429024 0.537118 0.448316 0.535464 0.468387 0.528591 0.487137 0.515852 0.505503 0.500796 0.526223 0.478172 0.55052 0.455511 0.58086 0.462842 0.582503 0.473084 0.644291 0.466961 0.649903 0.479615 0.659088 0.501658 0.671334 0.520436 0.680519 0.537988 0.688173 0.552684 0.691744 0.580442 0.694296 0.580442 0.687662 0.571869 0.686642 0.554317 0.68256 0.542071 0.679498 0.532682 0.677968 0.526151 0.675416 0.519619 0.671334 0.506965 0.66266 0.497984 0.658068 0.487779 0.652965 0.481248 0.649903 0.473084 0.644291
1 6 0.724131 0.672795 0.729845 0.672865 0.740866 0.675926 0.746173 0.68205 0.749847 0.688173 0.751888 0.694296 0.752704 0.700929 0.752704 0.706032 0.751071 0.716747 0.74903 0.720829 0.746173 0.724911 0.744948 0.726442 0.736784 0.730524 0.731069 0.731034 0.725763 0.731034 0.720456 0.731034 0.71719 0.731034 0.714922 0.730176 0.716016 0.726172 0.716875 0.721387 0.718984 0.708301 0.720259 0.700761 0.720689 0.694308 0.72327 0.684089
3 6 0.676804 0.687854 0.666981 0.686642 0.650245 0.685621 0.642081 0.685621 0.629018 0.685621 0.614731 0.685621 0.604934 0.686132 0.590647 0.687662 0.580442 0.687662 0.580442 0.694296 0.597586 0.693785 0.627794 0.693785 0.64453 0.693785 0.676374 0.693232
2 6 0.716387 0.671182 0.70434 0.672795 0.697456 0.674947 0.690142 0.677636 0.679816 0.681938 0.676804 0.687854 0.676374 0.693232 0.677665 0.700761 0.680246 0.704526 0.684549 0.70829 0.688851 0.712055 0.692723 0.715282 0.696596 0.717971 0.705781 0.724902 0.714844 0.730078 0.715781 0.726758 0.716875 0.720801 0.718906 0.708594 0.720259 0.700761 0.720689 0.694308 0.72327 0.684089 0.724131 0.672795
4 14 0.573647 0.579547 0.59465 0.579175 0.62277 0.581292 0.655294 0.587645 0.696966 0.601196 0.732539 0.618983 0.770823 0.641852 0.795555 0.663026 0.819948 0.685048 0.8501 0.715539 0.878898 0.747725 0.907356 0.787109 0.947306 0.844996 1 0.920086 1 0.931279 0.94616 0.855638 0.894143 0.782451 0.875171 0.758312 0.846035 0.721468 0.802669 0.677849 0.779462 0.660274 0.756255 0.642699 0.708146 0.613901 0.652245 0.593574 0.608541 0.587645 0.57263 0.585476
3 14 0.489889 0.593017 0.503855 0.588864 0.526216 0.584629 0.55874 0.580394 0.573647 0.579547 0.57263 0.585476 0.555691 0.586746 0.542139 0.588864 0.529604 0.590981 0.51944 0.593522 0.508937 0.59564 0.49161 0.600008
1 14 0.43231 0.615605 0.433559 0.607018 0.434808 0.601944 0.436681 0.598431 0.440116 0.593357 0.448553 0.585126 0.453173 0.605662 0.45574 0.614646 0.460874 0.626197 0.463954 0.630689 0.473084 0.644291 0.465985 0.647948 0.46093 0.647948 0.456353 0.64722 0.453543 0.646049 0.45042 0.645268 0.446361 0.643707 0.442302 0.641365 0.440116 0.639804 0.434862 0.633531 0.433203 0.627311 0.432571 0.623855 0.43231 0.618727
2 14 0.455953 0.581988 0.448553 0.585126 0.453173 0.605662 0.45574 0.614646 0.460874 0.626197 0.463954 0.630689 0.473084 0.644291 0.479133 0.636579 0.486447 0.625823 0.488599 0.619907 0.49032 0.607 0.49161 0.600008 0.489889 0.593017 0.483006 0.588176 0.474831 0.58495 0.467947 0.582798 0.462842 0.582503
4 27 0.303717 0.208548 0.325853 0.238579 0.320994 0.245328 0.296699 0.209898 0.303717 0.208548 0.640267 0.242849 0.649774 0.251116 0.661348 0.257144 0.669753 0.262828 0.678434 0.270578 0.68863 0.275401 0.699791 0.281774 0.709298 0.288491 0.716325 0.283496 0.683394 0.263861 0.658041 0.24526 0.613158 0.214811 0.562252 0.183018 0.526161 0.166211 0.504844 0.160261 0.481224 0.154711 0.449025 0.151173 0.418595 0.14675 0.379673 0.140558 0.348889 0.137019 0.32589 0.137019 0.310675 0.140558 0.716114 0.283438 0.709243 0.287909 0.71875 0.293322 0.73061 0.301205 0.751506 0.310853 0.765531 0.315206 0.768543 0.319677 0.769861 0.341562 0.769955 0.365329 0.775979 0.372623 0.786709 0.375918 0.794051 0.378153 0.790757 0.374035 0.780309 0.367682 0.774567 0.359799 0.774379 0.340738 0.774473 0.317795 0.772496 0.311794 0.751224 0.30344 0.716114 0.283438 0.310675 0.140558 0.295393 0.15066 0.301491 0.152157 0.304001 0.154373 0.311383 0.151615 0.314567 0.149404 0.320229 0.14675 0.326137 0.14529 0.331552 0.144981 0.412226 0.153384 0.478747 0.163999 0.516607 0.172403 0.533238 0.177711 0.559421 0.188326 0.616278 0.226673 0.629382 0.237337 0.640267 0.242849
3 27 0.375496 0.292151 0.366884 0.285482 0.360675 0.28177 0.355546 0.277721 0.351227 0.274009 0.346098 0.269623 0.343669 0.267261 0.33935 0.262874 0.335031 0.259162 0.331791 0.256126 0.328552 0.252751 0.323423 0.248027 0.320994 0.245328 0.325853 0.238579 0.330172 0.244653 0.334761 0.24904 0.33854 0.252414 0.344749 0.257138 0.359055 0.270635 0.378258 0.285629
1 27 0.410234 0.337891 0.408667 0.34452 0.417763 0.348499 0.421402 0.348499 0.426859 0.346794 0.433226 0.34452 0.435955 0.341677 0.437774 0.33315 0.437319 0.316664 0.433681 0.309842 0.430498 0.303588 0.426404 0.296766 0.421402 0.292219 0.418673 0.289945 0.417187 0.296191 0.414922 0.30459 0.413984 0.310352 0.411875 0.323242 0.410625 0.33291
2 27 0.378258 0.285629 0.375496 0.292151 0.376594 0.301754 0.379337 0.309985 0.38263 0.316158 0.386471 0.323017 0.390861 0.32919 0.401172 0.338672 0.40875 0.344531 0.410156 0.337891 0.410469 0.333203 0.411641 0.324121 0.413672 0.311426 0.415859 0.300781 0.418516 0.289648 0.415 0.286719 0.411406 0.286133 0.406225 0.285978 0.399092 0.287349 0.391958 0.287349 0.385373 0.287349 0.384276 0.287349
4 34 0.392476 0.2254 0.421955 0.241524 0.450262 0.256562 0.483168 0.272484 0.520321 0.283984 0.575166 0.293272 0.603119 0.297695 0.635318 0.306098 0.673532 0.314502 0.694762 0.317598 0.710684 0.317156 0.723776 0.313617 0.746422 0.298137 0.757745 0.292387 0.772959 0.293272 0.781098 0.294157 0.788882 0.301676 0.793128 0.312733 0.797728 0.340597 0.798789 0.358731 0.799497 0.370231 0.800912 0.375539 0.803035 0.377308 0.805158 0.377308 0.805866 0.373769 0.804451 0.354308 0.804451 0.338828 0.799143 0.307425 0.792774 0.295926 0.782513 0.287522 0.773313 0.285311 0.757037 0.285311 0.749606 0.285753 0.743591 0.289291 0.737222 0.293272 0.728022 0.297695 0.722519 0.3032 0.716346 0.304329 0.708915 0.30831 0.699362 0.310079 0.685208 0.309637 0.667517 0.303887 0.645933 0.298137 0.631779 0.294157 0.619749 0.290618 0.598519 0.28708 0.585073 0.284426 0.567735 0.281772 0.551459 0.279561 0.536598 0.277792 0.514619 0.273086 0.481146 0.261712 0.441824 0.243432 0.394974 0.217984
3 34 0.324233 0.189315 0.335647 0.195346 0.355006 0.204714 0.387168 0.222278 0.392476 0.2254 0.394974 0.217984 0.382484 0.210959 0.372492 0.203543 0.361563 0.198469 0.353757 0.193785 0.348449 0.191443 0.339591 0.18754 0.325853 0.183241
1 34 0.304531 0.154199 0.301491 0.152157 0.295393 0.15066 0.291199 0.151238 0.282378 0.151545 0.272086 0.154608 0.268165 0.157977 0.264245 0.163797 0.262039 0.169923 0.261794 0.173292 0.262284 0.177274 0.263264 0.182481 0.263509 0.184932 0.26547 0.187995 0.267675 0.190752 0.270078 0.194336 0.272813 0.196777 0.275703 0.19873 0.282662 0.189652 0.285631 0.182904 0.28914 0.17818 0.294269 0.173118 0.296969 0.168732 0.299938 0.161983 0.302908 0.157259
2 34 0.296797 0.208398 0.28995 0.206861 0.284821 0.203824 0.28 0.20127 0.275625 0.199023 0.282662 0.189652 0.285631 0.182904 0.28914 0.17818 0.294269 0.173118 0.296969 0.168732 0.299938 0.161983 0.302908 0.157259 0.304531 0.153906 0.311641 0.159375 0.316945 0.164345 0.319374 0.16637 0.320994 0.169744 0.322613 0.174131 0.324503 0.17818 0.325853 0.183241 0.324233 0.189315 0.322073 0.193027 0.319104 0.198088 0.312625 0.204162 0.308846 0.206524 0.303717 0.208548
3 19 0.290471 0.321705 0.262427 0.309494 0.247874 0.29983 0.237435 0.292803 0.220586 0.278796 0.226044 0.269131 0.236959 0.279364 0.251058 0.29244 0.265611 0.302104 0.292011 0.313363
4 19 0.460387 0.135503 0.467147 0.139124 0.468837 0.137314 0.469078 0.132787 0.46763 0.129166 0.459422 0.124639 0.455076 0.122527 0.447351 0.120112 0.440833 0.118905 0.434073 0.116491 0.43021 0.11468 0.423933 0.113473 0.420312 0.113473 0.413794 0.11287 0.411138 0.11287 0.405344 0.11287 0.402206 0.113172 0.400274 0.113775 0.395869 0.115995 0.364475 0.116884 0.352376 0.117071 0.333995 0.119615 0.298027 0.127015 0.278286 0.125416 0.264434 0.126025 0.238189 0.132524 0.227716 0.137909 0.218922 0.145115 0.213665 0.150847 0.207516 0.162863 0.199742 0.179752 0.194955 0.20161 0.194586 0.221597 0.198831 0.24182 0.207398 0.260571 0.220586 0.278796 0.226044 0.269131 0.219857 0.263893 0.213197 0.253768 0.207679 0.239036 0.202019 0.220381 0.203203 0.202634 0.209363 0.179456 0.216247 0.162246 0.221409 0.154717 0.227003 0.148801 0.236468 0.142885 0.250666 0.136432 0.266041 0.131988 0.278835 0.131403 0.298694 0.132291 0.33193 0.125821 0.34895 0.123277 0.36425 0.121911 0.394367 0.121373 0.402447 0.119811 0.412345 0.118604 0.42176 0.119811 0.429486 0.122527 0.441557 0.12645 0.450731 0.129166 0.457973 0.130976 0.459663 0.131882 0.460387 0.133994 0.460387 0.135503 0.460387 0.135503 0.467147 0.139124 0.465504 0.142032 0.462103 0.142032 0.457656 0.142032 0.453732 0.141379 0.449547 0.139744 0.446669 0.139417 0.442222 0.137455 0.437252 0.136474 0.434113 0.135166 0.430713 0.133858 0.420511 0.131569 0.413448 0.130261 0.407693 0.128626 0.400891 0.125356 0.399322 0.123721 0.396967 0.120451 0.398275 0.119143 0.400368 0.118489 0.404554 0.118489 0.407693 0.120451 0.411355 0.12274 0.418418 0.124048 0.424434 0.124048 0.429405 0.126337 0.435421 0.127645 0.439345 0.130588 0.444838 0.133204 0.448501 0.134839 0.452686 0.135493 0.455564 0.135493 0.457656 0.135493 0.460387 0.135503
1 19 0.335684 0.360698 0.337161 0.350814 0.338531 0.34462 0.340534 0.337108 0.341378 0.329464 0.3418 0.323929 0.342323 0.318497 0.357211 0.327481 0.361009 0.334861 0.362345 0.342241 0.360805 0.350583 0.357725 0.357642 0.354131 0.360851 0.351051 0.362135 0.344377 0.362135
2 19 0.341875 0.323926 0.342187 0.31875 0.330002 0.313363 0.316141 0.308229 0.302279 0.308229 0.297145 0.308871 0.292011 0.313363 0.290471 0.321705 0.297659 0.335823 0.310493 0.349942 0.319734 0.355075 0.332056 0.359947 0.335781 0.360742 0.337031 0.350391 0.33875 0.344629 0.340469 0.336914 0.341641 0.328711
0 14 0.443788 0.616251 0.440391 0.616251 0.440786 0.621189 0.445368 0.628594 0.447896 0.632643 0.450502 0.634321 0.451766 0.63284 0.450107 0.627804 0.447264 0.622571 0.444499 0.618424
0 27 0.414687 0.327832 0.414062 0.331934 0.414922 0.335547 0.416016 0.337207 0.418047 0.337109 0.419531 0.334668 0.420078 0.331055 0.418672 0.32793 0.417266 0.326465 0.415391 0.326758
