2 12 0.827133 0.850892 0.828403 0.854466 0.830525 0.858041 0.83477 0.865189 0.839667 0.869468 0.844565 0.873748 0.84812 0.876922 0.853199 0.878827 0.861232 0.881856 0.862341 0.869939 0.86488 0.86105 0.865896 0.847718 0.865388 0.836925 0.863865 0.824863 0.855738 0.824863 0.848097 0.826075 0.841009 0.828037 0.834915 0.831212 0.829328 0.835656 0.826788 0.842639 0.826534 0.846766
4 12 0.749142 0.878907 0.652585 0.913297 0.570032 0.950409 0.49353 1 0.479975 1 0.565871 0.942874 0.643274 0.906525 0.74932 0.86853
3 12 0.830525 0.858041 0.812416 0.859471 0.779163 0.86853 0.749142 0.878907 0.74932 0.86853 0.768079 0.861602 0.800905 0.852543 0.826534 0.846766 0.827133 0.850892
1 12 0.861232 0.881856 0.869573 0.882592 0.878125 0.879687 0.886094 0.874219 0.892354 0.865021 0.894814 0.85775 0.896717 0.848662 0.895263 0.838968 0.888477 0.832303 0.882175 0.828668 0.871512 0.826244 0.863865 0.824863 0.865388 0.836925 0.865896 0.847718 0.86488 0.86105 0.862341 0.869939
2 13 0.610613 0.773895 0.615297 0.769735 0.621392 0.763386 0.627092 0.757462 0.632058 0.751323 0.633581 0.747514 0.634597 0.739261 0.633073 0.732912 0.626979 0.727833 0.622915 0.724659 0.618852 0.723389 0.613266 0.721485 0.607679 0.720215 0.601584 0.71831 0.595621 0.717789 0.596505 0.722754 0.596505 0.729103 0.596505 0.738626 0.596505 0.74434 0.596505 0.751958 0.597013 0.757037 0.599044 0.761481 0.600568 0.76783 0.601584 0.771004 0.602092 0.775448 0.602681 0.782149 0.606042 0.779819 0.608073 0.777563
4 13 0.698119 0.733372 0.714319 0.726977 0.744588 0.712589 0.775274 0.697372 0.794743 0.684624 0.811431 0.671297 0.827693 0.654391 0.843879 0.620887 0.848051 0.589598 0.847124 0.553673 0.84017 0.528757 0.822092 0.498047 0.793816 0.478347 0.772956 0.460384 0.764613 0.449375 0.758123 0.439525 0.751633 0.426198 0.747925 0.41403 0.750706 0.400123 0.758586 0.378105 0.766003 0.363619 0.775274 0.350872 0.788253 0.335227 0.800306 0.314367 0.805405 0.286555 0.798915 0.26106 0.787326 0.25063 0.778519 0.25005 0.772493 0.249471 0.764613 0.249471 0.756732 0.249471 0.753024 0.25005 0.750243 0.252948 0.749779 0.261639 0.763222 0.256424 0.772493 0.256424 0.781764 0.256424 0.78918 0.261639 0.792425 0.268592 0.794743 0.276125 0.794743 0.290031 0.792425 0.299302 0.78779 0.313208 0.775274 0.336386 0.754415 0.365937 0.745144 0.385637 0.741435 0.412291 0.744217 0.435469 0.756732 0.45459 0.771102 0.472552 0.78779 0.48472 0.813748 0.502683 0.825337 0.517748 0.834608 0.536869 0.838316 0.552514 0.839707 0.576271 0.836462 0.602924 0.830436 0.62784 0.822092 0.645802 0.809576 0.660288 0.793816 0.674195 0.757659 0.695054 0.695561 0.723247
3 13 0.633581 0.747514 0.644961 0.746039 0.65634 0.744563 0.679361 0.737102 0.698119 0.733372 0.695561 0.723247 0.66785 0.730175 0.650798 0.732839 0.633073 0.732912 0.634597 0.739261
1 13 0.602681 0.782149 0.597444 0.783516 0.592181 0.783663 0.585891 0.783095 0.577372 0.780389 0.5732 0.776913 0.570883 0.772857 0.568565 0.768801 0.567174 0.764745 0.566247 0.75895 0.565784 0.752577 0.565784 0.744464 0.568101 0.737511 0.569492 0.734614 0.57248 0.728906 0.57533 0.725923 0.579521 0.721029 0.58618 0.71839 0.590815 0.717811 0.59537 0.717579 0.596505 0.722754 0.596505 0.729103 0.596505 0.738626 0.596505 0.74434 0.596505 0.751958 0.597013 0.757037 0.599044 0.761481 0.600568 0.76783 0.601584 0.771004 0.602092 0.775448
2 19 0.748578 0.153081 0.74571 0.167419 0.74571 0.177275 0.747144 0.191991 0.751542 0.201606 0.754816 0.204234 0.758091 0.206862 0.762543 0.2075 0.766996 0.208137 0.773668 0.205053 0.78238 0.195455 0.792422 0.179395 0.786571 0.172795 0.776094 0.165625 0.770083 0.161146 0.75503 0.153978
4 19 0.724463 0.294591 0.712639 0.31744 0.705894 0.332681 0.696575 0.368553 0.689273 0.414189 0.686839 0.476255 0.689273 0.520066 0.696552 0.564368 0.710486 0.597194 0.750681 0.642078 0.772654 0.662846 0.785177 0.692992 0.785517 0.70974 0.777825 0.727558 0.755631 0.754295 0.729103 0.775247 0.692416 0.788652 0.646221 0.804206 0.634844 0.803468 0.633716 0.794296 0.642746 0.795002 0.664194 0.788652 0.691287 0.778774 0.72741 0.764664 0.748858 0.744909 0.767484 0.725154 0.777079 0.709633 0.776007 0.692189 0.768048 0.677179 0.76151 0.66766 0.743155 0.650708 0.700317 0.601687 0.689029 0.571349 0.678815 0.509263 0.678305 0.442238 0.686771 0.372391 0.702467 0.317224 0.717774 0.28846
3 19 0.762543 0.2075 0.754922 0.230623 0.735165 0.268952 0.724463 0.294591 0.717774 0.28846 0.741853 0.241641 0.749983 0.223334 0.754816 0.204234 0.758091 0.206862
1 19 0.748578 0.153081 0.752209 0.143723 0.756863 0.136741 0.760587 0.132668 0.765707 0.129759 0.770826 0.127432 0.778274 0.127432 0.783859 0.128596 0.789444 0.133832 0.794564 0.141977 0.796426 0.153032 0.796426 0.163504 0.795495 0.173977 0.792578 0.179297 0.786571 0.172795 0.776172 0.16582 0.770083 0.161146 0.75503 0.153978
2 26 0.489983 0.732833 0.489154 0.715677 0.488487 0.702539 0.489336 0.691725 0.490852 0.682224 0.494299 0.678308 0.497745 0.674391 0.50204 0.674391 0.506336 0.674391 0.5124 0.678409 0.520222 0.690814 0.525538 0.702285 0.530592 0.710472 0.533907 0.719239 0.521496 0.722398 0.515432 0.727451 0.501788 0.729346 0.496229 0.729346
4 26 0.468247 0.592434 0.462846 0.576778 0.456154 0.549998 0.451011 0.522548 0.450643 0.49719 0.450643 0.477956 0.454887 0.442805 0.459663 0.428877 0.464438 0.415612 0.470805 0.405664 0.476111 0.397042 0.483539 0.391736 0.503988 0.38306 0.521741 0.382451 0.522272 0.382451 0.537128 0.383777 0.553577 0.39041 0.568318 0.396635 0.59275 0.414944 0.624301 0.441323 0.636879 0.45209 0.645271 0.465958 0.650288 0.477173 0.652314 0.494417 0.652796 0.509128 0.655042 0.548186 0.657041 0.563514 0.661579 0.582304 0.668183 0.602644 0.67402 0.615909 0.680917 0.626521 0.689407 0.637132 0.695774 0.642438 0.707977 0.65106 0.721242 0.659019 0.730793 0.662335 0.740874 0.667641 0.748302 0.669631 0.757853 0.67361 0.770587 0.674937 0.787035 0.6756 0.79181 0.668968 0.757708 0.663572 0.740437 0.65738 0.733446 0.654377 0.715406 0.644428 0.696304 0.631163 0.680209 0.60876 0.669775 0.578105 0.664469 0.549586 0.661286 0.521067 0.659694 0.475303 0.652266 0.45607 0.630512 0.432193 0.596024 0.405001 0.567902 0.385767 0.539251 0.373165 0.523864 0.371839 0.50211 0.373165 0.4846 0.379798 0.469744 0.39041 0.459132 0.403011 0.44852 0.428214 0.444276 0.443468 0.440399 0.490868 0.442684 0.527699 0.44852 0.559534 0.459048 0.597299
3 26 0.490852 0.682224 0.485229 0.665845 0.46779 0.618084 0.459048 0.597299 0.468247 0.592434 0.475322 0.616785 0.48556 0.648626 0.497745 0.674391 0.494299 0.678308
1 26 0.489983 0.732833 0.492879 0.747521 0.497973 0.761318 0.503916 0.767685 0.512407 0.770339 0.520048 0.769277 0.528538 0.765563 0.534802 0.75934 0.539151 0.745398 0.537453 0.729479 0.533907 0.719239 0.521496 0.722398 0.515432 0.727451 0.501788 0.729346 0.496229 0.729346
2 34 0.103943 0.243051 0.106595 0.229788 0.111237 0.218183 0.116903 0.209744 0.124259 0.20492 0.130046 0.20492 0.134448 0.206578 0.139753 0.213209 0.14665 0.221332 0.151805 0.232577 0.154377 0.240398 0.155116 0.247386 0.143068 0.247195 0.13909 0.245537 0.134448 0.245537 0.129142 0.247195 0.121185 0.249682 0.117869 0.249682 0.109911 0.248024 0.105269 0.246366
4 34 0.127174 0.132165 0.125861 0.11259 0.126579 0.0964389 0.128254 0.0790911 0.12981 0.0653325 0.12981 0.0509757 0.129211 0.0373666 0.124199 0.023914 0.117247 0.0137377 0.107078 0.00895207 0.097746 0.00895207 0.091833 0.011976 0.08918 0.013966 0.082813 0.021261 0.081221 0.027894 0.080691 0.041822 0.080691 0.047791 0.084405 0.059066 0.088296 0.06603 0.093071 0.072441 0.09767 0.075647 0.113299 0.0823812 0.111744 0.0915038 0.110906 0.0952425 0.110069 0.103767 0.108281 0.106155 0.106159 0.111461 0.103506 0.114777 0.101384 0.116104 0.096608 0.115441 0.091302 0.114114 0.086527 0.110135 0.081752 0.106155 0.078038 0.099523 0.076446 0.097533 0.073793 0.095544 0.07061 0.090238 0.063712 0.082942 0.06212 0.079626 0.059467 0.072994 0.057345 0.066361 0.055753 0.059729 0.054161 0.052433 0.050978 0.045801 0.045141 0.045801 0.042488 0.05177 0.047794 0.067688 0.056814 0.092891 0.064773 0.108145 0.070079 0.11743 0.077507 0.124726 0.084405 0.129368 0.08918 0.130032 0.096078 0.130695 0.102445 0.130695 0.10722 0.128042 0.111995 0.120746 0.115709 0.114777 0.116771 0.105492 0.119999 0.0778947 0.113658 0.0741559 0.105628 0.070341 0.097139 0.061055 0.093955 0.057076 0.091302 0.053097 0.08918 0.045138 0.08865 0.039832 0.08865 0.030547 0.091833 0.025241 0.09767 0.023251 0.104037 0.021261 0.107751 0.021261 0.113587 0.025904 0.116771 0.032536 0.120485 0.041822 0.122077 0.058402 0.11964 0.0822316 0.116769 0.10601 0.115501 0.130839
3 34 0.134448 0.206578 0.129827 0.165327 0.127174 0.132165 0.115501 0.130839 0.124259 0.20492
1 34 0.103943 0.243051 0.102767 0.2542 0.103828 0.266802 0.110195 0.28073 0.117623 0.286699 0.125051 0.287362 0.133541 0.286699 0.140438 0.282719 0.146805 0.278077 0.152111 0.269455 0.155295 0.256853 0.155116 0.247386 0.143068 0.247195 0.13909 0.245537 0.134448 0.245537 0.129142 0.247195 0.121185 0.249682 0.117869 0.249682 0.109911 0.248024 0.105269 0.246366
0 34 0.130625 0.255469 0.135781 0.258105 0.140781 0.257324 0.143437 0.255078 0.142891 0.252637 0.141406 0.250488 0.137344 0.249707 0.134375 0.250488 0.130703 0.251172 0.130625 0.255469 0.122857 0.272321 0.121161 0.271317 0.119375 0.271875 0.118482 0.274554 0.118661 0.275893 0.120469 0.27793 0.122857 0.27779 0.124018 0.274219 0.122857 0.272321
0 12 0.871143 0.838791 0.873018 0.837717 0.874893 0.839475 0.876377 0.844455 0.876455 0.848459 0.876064 0.852658 0.873955 0.853537 0.871689 0.852951 0.870205 0.84426 0.870596 0.840353
0 26 0.509297 0.738672 0.50625 0.741797 0.507031 0.745898 0.508984 0.747656 0.511484 0.750293 0.515781 0.750391 0.517734 0.749414 0.51875 0.744922 0.518984 0.74082 0.5225 0.739062 0.52375 0.735645 0.522188 0.733594 0.517344 0.733105 0.514375 0.735059 0.511094 0.736426
