4 7 0.798174 0.420648 0.800888 0.411603 0.800737 0.411325 0.811425 0.412314 0.821808 0.411134 0.823819 0.411134 0.825668 0.420842 0.825584 0.422934 0.812841 0.425293 0.797738 0.420574 0.797762 0.420333 0.798174 0.420648 0.798174 0.420648 0.790034 0.41443 0.78506 0.405951 0.78099 0.390123 0.782347 0.377121 0.78506 0.372034 0.78913 0.366947 0.7932 0.359033 0.797722 0.355076 0.807219 0.355076 0.813098 0.358467 0.817168 0.365251 0.822594 0.375991 0.828473 0.391819 0.830734 0.408777 0.841135 0.49696 0.841587 0.569881 0.83797 0.624147 0.828473 0.624712 0.830282 0.606058 0.8339 0.500352 0.827569 0.430823 0.823046 0.407081 0.821238 0.39408 0.818524 0.386166 0.81355 0.379948 0.804505 0.373165 0.798627 0.372034 0.791391 0.380513 0.789582 0.390688 0.800888 0.411603 0.798174 0.420648
3 7 0.820785 0.703286 0.825308 0.667108 0.828473 0.624712 0.83797 0.624147 0.835256 0.6705 0.832917 0.707052 0.828021 0.703286 0.821202 0.703627
2 7 0.838438 0.76123 0.838047 0.773633 0.801875 0.759766 0.801641 0.750391 0.802697 0.738333 0.806767 0.720244 0.811741 0.708373 0.816715 0.703851 0.828021 0.703286 0.8339 0.707808 0.837065 0.724201 0.838874 0.745681
1 7 0.801641 0.759961 0.802697 0.769423 0.807671 0.78412 0.814906 0.795991 0.820333 0.799948 0.828021 0.798817 0.832995 0.794295 0.837518 0.786381 0.838125 0.773633
4 14 0.732731 0.739533 0.742441 0.736643 0.73643 0.721038 0.726257 0.695029 0.71701 0.663819 0.708687 0.628562 0.698052 0.566719 0.68973 0.51239 0.674009 0.444767 0.653664 0.371364 0.637943 0.273109 0.632722 0.24862 0.633319 0.210688 0.633319 0.120524 0.61991 0.123414 0.623144 0.140973 0.624997 0.245944 0.635631 0.326283 0.652739 0.408355 0.677708 0.496206 0.694581 0.606101 0.708589 0.665274 0.722597 0.711162
3 14 0.732731 0.739533 0.742441 0.736643 0.756312 0.783459 0.771285 0.815334 0.760936 0.819293 0.760122 0.820209 0.753075 0.80311 0.741053 0.766698
2 14 0.794689 0.83432 0.799141 0.839648 0.791641 0.844043 0.754453 0.868164 0.752613 0.864375 0.752613 0.864375 0.749376 0.857439 0.749376 0.843568 0.751688 0.829697 0.760936 0.819293 0.774424 0.813989 0.78313 0.818715
1 14 0.754297 0.868555 0.791797 0.844141 0.79918 0.839889 0.809585 0.856931 0.809944 0.861416 0.811738 0.878458 0.809485 0.892696 0.799313 0.903677 0.789603 0.908301 0.779537 0.904694 0.77157 0.898475 0.759086 0.882292
4 21 0.279495 0.494002 0.292954 0.500058 0.319872 0.467757 0.35002 0.44084 0.382859 0.426035 0.431849 0.409211 0.503873 0.396214 0.586592 0.365053 0.65288 0.331767 0.729581 0.273501 0.775013 0.226497 0.789372 0.214458 0.777311 0.214324 0.722406 0.269017 0.673378 0.307881 0.617773 0.339271 0.566354 0.360197 0.494007 0.384861 0.440794 0.398313 0.384591 0.411766 0.34214 0.430451 0.321213 0.449883
3 21 0.240196 0.555912 0.249886 0.563988 0.264422 0.545145 0.292954 0.500058 0.279495 0.494002 0.253655 0.535724
2 21 0.199281 0.584849 0.19625 0.592383 0.202031 0.594922 0.245312 0.610645 0.246118 0.608402 0.250424 0.59427 0.253116 0.575428 0.249886 0.563988 0.240196 0.555912 0.227275 0.550529 0.219738 0.552548 0.20951 0.565334
1 21 0.201641 0.594922 0.196051 0.592251 0.193359 0.598981 0.193359 0.613785 0.199819 0.626571 0.214609 0.635059 0.221406 0.634277 0.231562 0.629883 0.239119 0.622533 0.245391 0.610547
4 27 0.419051 0.314391 0.418652 0.301916 0.393502 0.307904 0.340809 0.31489 0.278535 0.322375 0.230632 0.32986 0.175543 0.341336 0.141612 0.35431 0.119257 0.36429 0.088903 0.394727 0.077712 0.420115 0.075225 0.437213 0.075225 0.45742 0.069007 0.470373 0.062375 0.469337 0.052842 0.45742 0.050769 0.436177 0.048282 0.414416 0.044137 0.39939 0.03792 0.398872 0.034189 0.406126 0.047453 0.467264 0.0545 0.478145 0.064448 0.482808 0.07481 0.476072 0.0831 0.462601 0.089318 0.439286 0.090976 0.417006 0.106727 0.389546 0.132426 0.369339 0.157295 0.355868 0.201647 0.344987 0.299469 0.330998
3 27 0.478531 0.308902 0.476934 0.293932 0.456176 0.296926 0.418652 0.301916 0.419051 0.314391 0.460567 0.308403
2 27 0.497296 0.259772 0.505684 0.280743 0.50919 0.303748 0.511193 0.332388 0.499688 0.32986 0.486914 0.321876 0.478531 0.308902 0.476934 0.293932 0.47893 0.276468 0.482522 0.267985
1 27 0.505058 0.258207 0.497045 0.259459 0.505559 0.28043 0.50919 0.304218 0.511318 0.332388 0.515256 0.331856 0.526034 0.327864 0.536813 0.316886 0.543599 0.300918 0.543998 0.286946 0.53801 0.271478 0.52843 0.262496 0.518849 0.258005
3 33 0.139696 0.130012 0.120492 0.148747 0.093326 0.167482 0.090048 0.156944 0.135949 0.116546
2 33 0.163583 0.080247 0.16703 0.0773315 0.169002 0.0921208 0.170222 0.140127 0.165925 0.140551 0.158431 0.141136 0.142506 0.137623 0.139696 0.130012 0.135949 0.116546 0.141569 0.10191
1 33 0.166936 0.0772142 0.169002 0.0920035 0.170222 0.140479 0.177634 0.138794 0.18747 0.12767 0.193559 0.109521 0.194964 0.084931 0.190749 0.07088 0.185596 0.066782 0.176229 0.067952
0 33 0.178759 0.0831786 0.175949 0.0849356 0.174215 0.0947527 0.174737 0.111072 0.178291 0.114795 0.181101 0.10894 0.18157 0.0872776
4 33 0.093326 0.167482 0.090048 0.156944 0.049299 0.175679 0 0.206123 0 0.219589 0.06335 0.182119
4 39 0.122074 0.910376 0.123229 0.901714 0.115915 0.901233 0.108215 0.902676 0.097051 0.909413 0.091276 0.913744 0.087426 0.920963 0.089351 0.928181 0.102056 0.943099 0.110525 0.949355 0.127654 0.952698 0.131314 0.935399 0.119764 0.931068 0.111295 0.927219 0.108215 0.920963 0.108215 0.91615 0.112835 0.912782 0.122074 0.910376 0.122074 0.910376 0.122865 0.901617 0.157492 0.912782 0.171732 0.914527 0.173276 0.921925 0.174152 0.92448 0.174844 0.925391 0.176953 0.928906 0.180156 0.929688 0.18375 0.930078 0.186016 0.929883 0.187266 0.934082 0.176094 0.944434 0.165391 0.950977 0.139375 0.954102 0.127812 0.952441 0.131016 0.935937 0.139922 0.937598 0.1575 0.935645 0.169531 0.931055 0.174844 0.925391 0.174152 0.92448 0.167502 0.924812 0.144403 0.917594 0.122074 0.910376
2 39 0.207154 0.885352 0.210234 0.871878 0.206769 0.865622 0.200995 0.865141 0.18983 0.872359 0.198685 0.878134 0.207154 0.885352 0.207154 0.885352 0.198685 0.878134 0.18983 0.872359 0.180591 0.876209 0.173661 0.881021 0.169426 0.891127 0.170966 0.910857 0.173276 0.921925 0.176797 0.928418 0.18 0.930469 0.183281 0.930469 0.185781 0.929492 0.194065 0.920481 0.202919 0.906045 0.206769 0.886315 0.207154 0.885352
0 21 0.218984 0.62041 0.219062 0.624609 0.219531 0.625977 0.223516 0.627051 0.229844 0.624316 0.233906 0.62168 0.236094 0.617188 0.234375 0.612402 0.228672 0.611816 0.223516 0.614941 0.221797 0.615625 0.218984 0.62041 0.207344 0.619141 0.208125 0.614941 0.208437 0.60957 0.206797 0.603711 0.203984 0.602051 0.201406 0.60459 0.201172 0.60957 0.202109 0.614551 0.203437 0.617676 0.204062 0.619043 0.206328 0.620508 0.207344 0.619141
0 14 0.792991 0.857267 0.792184 0.860967 0.79335 0.866237 0.796579 0.866685 0.798642 0.866349 0.79918 0.863546 0.799898 0.859846 0.798911 0.856146 0.797566 0.854128 0.794875 0.85424 0.793709 0.854801
0 7 0.823125 0.774512 0.821797 0.777246 0.822422 0.781934 0.823984 0.787305 0.827109 0.790723 0.830859 0.78916 0.831719 0.78584 0.831172 0.781543 0.828828 0.777539 0.826797 0.775293 0.825547 0.774414
