4 7 0.221375 0.889732 0.226749 0.883974 0.329864 1 0.318537 1
3 7 0.179719 0.849323 0.182139 0.849598 0.185915 0.847238 0.187757 0.844168 0.227448 0.883226 0.22084 0.890305 0.212817 0.883226
2 7 0.138836 0.819511 0.139219 0.81709 0.143594 0.81377 0.150547 0.810937 0.152031 0.805664 0.156562 0.798047 0.162789 0.790013 0.165234 0.785449 0.167508 0.788243 0.189219 0.815381 0.19205 0.82364 0.19205 0.82895 0.191106 0.834849 0.188747 0.842519 0.185915 0.847238 0.182139 0.849598 0.176948 0.849008 0.170812 0.847828 0.142022 0.82305
1 7 0.162969 0.781738 0.157125 0.777034 0.14627 0.775854 0.139219 0.779687 0.134297 0.784082 0.130695 0.790603 0.130223 0.795912 0.131167 0.805352 0.137775 0.819511 0.138828 0.81748 0.140781 0.815918 0.143594 0.813965 0.150625 0.81084 0.151797 0.805469 0.15625 0.798047 0.162789 0.790013 0.165234 0.784863
4 16 0.499283 0.824674 0.501453 0.816535 0.50536 0.813822 0.507096 0.813822 0.506662 0.819248 0.50536 0.825216 0.504491 0.8301 0.506228 0.83661 0.511871 0.846377 0.520118 0.856686 0.542255 0.871878 0.561788 0.878932 0.582623 0.880017 0.601287 0.877846 0.629067 0.866995 0.674644 0.83444 0.715446 0.81328 0.71651 0.81328 0.717877 0.820969 0.717182 0.821961 0.647732 0.865367 0.616914 0.882187 0.595645 0.890326 0.573941 0.891953 0.551804 0.88707 0.534442 0.878932 0.510568 0.861027 0.500585 0.840951
3 16 0.716319 0.812208 0.72859 0.811028 0.774119 0.811028 0.773427 0.817518 0.775443 0.822305 0.718207 0.822827
2 16 0.773427 0.817518 0.774371 0.808668 0.77909 0.799229 0.785226 0.79333 0.788594 0.790918 0.7925 0.788965 0.804375 0.808398 0.809219 0.821777 0.810312 0.82793 0.809219 0.833301 0.802109 0.837695 0.801484 0.847949 0.802578 0.852246 0.805234 0.855566 0.795391 0.851465 0.79089 0.847605 0.78381 0.838756 0.778147 0.828727
1 16 0.7925 0.78877 0.808689 0.785305 0.825237 0.791123 0.831914 0.795793 0.843853 0.807929 0.847209 0.819908 0.845731 0.829359 0.843037 0.835442 0.838682 0.840896 0.829373 0.848006 0.81748 0.853823 0.805586 0.855763 0.802969 0.85293 0.801719 0.848242 0.802031 0.837891 0.809297 0.833398 0.810312 0.828125 0.809375 0.821973 0.804297 0.808398
4 26 0.870329 0.524277 0.870356 0.524143 0.870716 0.525246 0.876721 0.521272 0.878202 0.519959 0.884025 0.537951 0.897059 0.61241 0.909843 0.655992 0.914879 0.672941 0.921465 0.681658 0.936186 0.690858 0.95052 0.69909 1 0.714102 1 0.723787 0.94161 0.70587 0.918366 0.692795 0.907906 0.675362 0.902095 0.655024 0.890473 0.611926 0.878851 0.550427
1 26 0.81715 0.422887 0.817622 0.410498 0.823286 0.396929 0.832253 0.392209 0.844524 0.392209 0.854907 0.399289 0.861043 0.406958 0.864347 0.415808 0.863875 0.415808 0.837445 0.434686 0.828005 0.441766 0.822814 0.442356 0.821398 0.441176
2 26 0.821924 0.441614 0.822814 0.442356 0.828005 0.441766 0.837445 0.434686 0.864453 0.415625 0.867033 0.425225 0.867467 0.439332 0.866165 0.450184 0.862692 0.45995 0.85922 0.468089 0.853143 0.470259 0.847934 0.469717 0.838819 0.466461 0.830138 0.456152 0.823193 0.445843
3 26 0.85043 0.469977 0.853143 0.470259 0.85922 0.468089 0.85977 0.4668 0.878367 0.519767 0.870716 0.525246 0.859482 0.490864
4 32 0.668083 0.424139 0.675143 0.42957 0.674 0.443444 0.674044 0.46209 0.674781 0.47104 0.679098 0.475778 0.684678 0.480121 0.690785 0.480385 0.695719 0.477703 0.701103 0.47512 0.706368 0.469329 0.709737 0.458932 0.711233 0.438919 0.714335 0.409832 0.709164 0.389147 0.702442 0.376865 0.696236 0.373633 0.683825 0.374926 0.67762 0.387854 0.674 0.399489 0.67038 0.405953 0.664692 0.42276 0.65435 0.455726 0.65435 0.464129 0.653833 0.471886 0.655384 0.474471 0.655384 0.479642 0.65435 0.480935 0.652281 0.47835 0.648661 0.462836 0.652281 0.432455 0.676069 0.371694 0.686411 0.363291 0.693651 0.363291 0.701407 0.368462 0.708647 0.377512 0.715887 0.392379 0.720477 0.412867 0.717739 0.450772 0.713212 0.469461 0.704683 0.483017 0.692259 0.491308 0.679098 0.487755 0.669727 0.482359 0.666568 0.469987 0.665726 0.451201 0.666243 0.431163
3 32 0.668083 0.424139 0.678402 0.403773 0.690893 0.390874 0.702841 0.382728 0.713679 0.378605 0.713857 0.381959 0.71624 0.388809 0.702841 0.394268 0.685462 0.409882 0.675143 0.42957
1 32 0.755527 0.361883 0.758566 0.347776 0.760234 0.344629 0.768549 0.347234 0.773758 0.353202 0.776797 0.360798 0.776362 0.370564 0.772456 0.379788 0.765511 0.385214 0.76117 0.386299 0.759 0.383586 0.75683 0.377618 0.755527 0.372192
0 32 0.759068 0.360951 0.762106 0.357695 0.765546 0.358497 0.767315 0.360408 0.768183 0.365834 0.766447 0.368547 0.76037 0.368547 0.759068 0.365834
2 32 0.713423 0.37382 0.716028 0.365681 0.724275 0.35483 0.744676 0.343978 0.756396 0.343978 0.760391 0.344629 0.758566 0.347776 0.755527 0.361883 0.755527 0.372192 0.75683 0.377618 0.759 0.383586 0.760502 0.385465 0.760302 0.386299 0.739467 0.396608 0.73122 0.400406 0.722539 0.399321 0.718198 0.394438 0.713857 0.381959
4 39 0.414224 0.339302 0.479466 0.310632 0.539451 0.288654 0.587543 0.264737 0.625293 0.242113 0.644426 0.224661 0.677005 0.185231 0.713203 0.152264 0.753021 0.127701 0.792839 0.109602 0.83576 0.105077 0.832657 0.112188 0.792839 0.117359 0.759744 0.133519 0.721477 0.156143 0.685569 0.190709 0.651587 0.232596 0.628933 0.252065 0.592592 0.272713 0.543508 0.298081 0.485456 0.319909 0.415605 0.344687 0.414583 0.344687
3 39 0.368154 0.364978 0.390119 0.347637 0.414189 0.338788 0.414661 0.345867 0.397671 0.354127 0.386344 0.360616 0.38068 0.366516 0.376432 0.369466 0.372657 0.373595 0.370297 0.376398 0.370297 0.375365 0.368409 0.365336
2 39 0.332041 0.375161 0.332721 0.373995 0.33261 0.374097 0.343395 0.360616 0.350002 0.357667 0.359442 0.357077 0.364633 0.360026 0.368409 0.365336 0.370297 0.375365 0.370297 0.388934 0.369844 0.39707 0.365547 0.403613 0.361563 0.408105 0.357422 0.411133 0.351328 0.419141 0.350282 0.414663 0.348668 0.411131 0.342912 0.403937
1 39 0.332721 0.373995 0.319807 0.38589 0.318447 0.391837 0.319127 0.402882 0.328844 0.416727 0.338436 0.420723 0.347389 0.421523 0.351226 0.419924 0.351226 0.416727 0.348668 0.411131 0.342912 0.403937 0.332041 0.375161
1 49 0.317188 0.198242 0.322551 0.179003 0.332844 0.163992 0.341993 0.161848 0.351143 0.161133 0.358005 0.163992 0.364796 0.17178 0.369252 0.184171 0.371157 0.198302 0.371157 0.212598 0.370234 0.217578 0.363437 0.214258 0.352969 0.208887 0.3425 0.206836 0.323594 0.201074
2 49 0.319766 0.211914 0.318359 0.205273 0.317188 0.198535 0.323437 0.201172 0.342578 0.206641 0.352813 0.208789 0.362266 0.213477 0.366094 0.215918 0.370391 0.218262 0.365781 0.229199 0.359609 0.236328 0.354687 0.241309 0.348855 0.243333 0.34085 0.241904 0.329985 0.234041 0.32198 0.22046
3 49 0.333988 0.294798 0.339261 0.240754 0.34085 0.241904 0.345396 0.242715 0.34085 0.308378 0.333988 0.306234
4 49 0.331579 0.375047 0.333862 0.307106 0.334186 0.306296 0.340226 0.308184 0.337355 0.368165 0.33261 0.374097 0.331579 0.375047 0.355313 0.415137 0.378772 0.434802 0.412824 0.44899 0.465136 0.466263 0.498201 0.483536 0.518435 0.502659 0.527318 0.527952 0.53176 0.558796 0.528305 0.58779 0.516955 0.611848 0.467604 0.67292 0.423188 0.733992 0.41924 0.733375 0.41924 0.72844 0.453785 0.680323 0.501656 0.619868 0.514487 0.601978 0.52337 0.582855 0.526825 0.559413 0.52337 0.540906 0.516461 0.516848 0.508565 0.50451 0.497708 0.491555 0.472045 0.478601 0.411837 0.45886 0.379265 0.444672 0.360018 0.432334 0.350635 0.42017 0.351226 0.419924 0.352813 0.418164 0.353359 0.417676 0.354219 0.416602 0.355313 0.415137
0 39 0.330703 0.39375 0.331875 0.392383 0.331641 0.39043 0.330547 0.388574 0.329453 0.388281 0.327813 0.388379 0.326562 0.392871 0.326953 0.393945 0.328984 0.394531 0.330703 0.39375 0.334609 0.39873 0.333516 0.401172 0.334453 0.403906 0.336328 0.404492 0.336797 0.40459 0.337969 0.403711 0.338125 0.401562 0.337422 0.399512 0.336328 0.39873 0.334609 0.39873
0 26 0.837578 0.418359 0.833281 0.419824 0.830859 0.42207 0.83 0.42334 0.8275 0.430469 0.828203 0.433203 0.829688 0.434375 0.834375 0.430957 0.838672 0.427051 0.841875 0.424805 0.841484 0.41875 0.837578 0.418359 0.834609 0.411328 0.837109 0.410156 0.83875 0.408789 0.839766 0.406836 0.838984 0.404297 0.837109 0.403613 0.834453 0.403516 0.832891 0.404102 0.832344 0.404785 0.831953 0.405859 0.830859 0.408691 0.832344 0.410449 0.834609 0.411328
0 7 0.143906 0.801758 0.143516 0.801758 0.143125 0.801758 0.142578 0.802832 0.144844 0.810352 0.147734 0.812598 0.149922 0.811523 0.149297 0.806055 0.147187 0.802539 0.143906 0.801758 0.145781 0.796094 0.149766 0.79541 0.15375 0.793945 0.154922 0.791504 0.151953 0.788477 0.149688 0.788184 0.146641 0.788672 0.143906 0.790625 0.142031 0.794434 0.145781 0.796094
0 16 0.812187 0.843164 0.810625 0.842187 0.809141 0.841797 0.8075 0.842676 0.805391 0.843945 0.80625 0.847363 0.807656 0.848633 0.810625 0.847949 0.812187 0.845508 0.812187 0.843164 0.821797 0.836914 0.823437 0.837598 0.818281 0.828613 0.820156 0.827344 0.820156 0.823145 0.818359 0.817871 0.816563 0.816895 0.814453 0.817285 0.813984 0.818945 0.814219 0.823145 0.816094 0.827148 0.818281 0.828613 0.823437 0.837598 0.824687 0.840234 0.824609 0.842383 0.823281 0.844336 0.821953 0.844434 0.818906 0.843652 0.817656 0.839453 0.820234 0.836621 0.821797 0.836914
