4 6 0.114642 0.863734 0.11898 0.853342 0.10125 0.844432 0.075937 0.844432 0.042186 0.841921 0 0.836396 0 0.847948 0.028927 0.852468 0.062276 0.854477 0.094018 0.854477 0.10125 0.856988
3 6 0.175126 0.905929 0.177426 0.897305 0.185968 0.890323 0.164166 0.880905 0.11898 0.853342 0.114642 0.863734 0.141031 0.881357 0.161636 0.894913
1 6 0.194838 0.94371 0.203476 0.951829 0.211906 0.955968 0.220336 0.955216 0.228767 0.94957 0.232982 0.940162 0.235692 0.924355 0.232982 0.910806 0.227562 0.902527 0.217835 0.896894 0.212907 0.905107 0.202394 0.920713 0.198452 0.935496
2 6 0.192095 0.942558 0.181697 0.930979 0.177426 0.918659 0.175126 0.905929 0.177426 0.897305 0.185968 0.890323 0.193853 0.887859 0.207651 0.889091 0.217835 0.896894 0.212907 0.905107 0.202394 0.920713 0.198452 0.935496 0.194838 0.94371
4 13 0.378515 0.461439 0.384757 0.466367 0.432137 0.399253 0.468165 0.348971 0.529607 0.266806 0.565511 0.232679 0.62693 0.187563 0.661409 0.173036 0.686589 0.161898 0.698986 0.150276 0.707896 0.135749 0.712635 0.107362 0.7118 0.093799 0.701368 0.068239 0.687179 0.04946 0.667566 0.040593 0.645448 0.042679 0.642527 0.047374 0.651708 0.047374 0.669652 0.048417 0.684675 0.05572 0.696777 0.072934 0.705541 0.096407 0.705541 0.118316 0.695108 0.140224 0.682589 0.150657 0.655046 0.16422 0.621662 0.179347 0.58786 0.201777 0.542791 0.241943 0.518429 0.264721 0.490649 0.302159 0.444205 0.365098 0.391249 0.439974
3 13 0.342671 0.523823 0.35058 0.528217 0.366031 0.500452 0.384757 0.466367 0.378515 0.461439 0.366359 0.480741 0.356175 0.500863
1 13 0.308985 0.547847 0.316308 0.552607 0.324217 0.560296 0.332711 0.569084 0.337105 0.574942 0.340913 0.578604 0.329489 0.589222 0.321873 0.593616 0.313379 0.593982 0.308692 0.591053 0.304298 0.58373 0.301662 0.574576 0.301662 0.566521 0.303419 0.558466
2 13 0.31039 0.546033 0.319823 0.535174 0.331247 0.525654 0.337691 0.523823 0.342671 0.523823 0.35058 0.528217 0.353509 0.536272 0.354095 0.546891 0.352337 0.557509 0.340913 0.578746 0.337105 0.575084 0.332711 0.569226 0.324217 0.560438 0.316308 0.552749 0.308985 0.547989
2 19 0.579931 0.39128 0.582731 0.386425 0.594951 0.362928 0.602341 0.352851 0.609059 0.347393 0.613425 0.346134 0.622158 0.350752 0.626189 0.360829 0.628204 0.371325 0.624509 0.391898 0.620479 0.403235 0.617865 0.408666 0.613259 0.405166 0.607207 0.401779 0.60233 0.398731 0.597453 0.398054 0.59375 0.398392 0.589053 0.399973 0.584086 0.400989 0.577222 0.398731
1 19 0.583725 0.400876 0.589144 0.39986 0.594021 0.398505 0.597814 0.397941 0.602601 0.398505 0.606936 0.401553 0.613439 0.405392 0.617775 0.408327 0.610066 0.419189 0.600997 0.424228 0.593272 0.425487 0.586218 0.423388 0.579836 0.418769 0.577485 0.412052 0.577149 0.404074 0.577312 0.398618
3 19 0.613425 0.346134 0.622158 0.350752 0.63312 0.322802 0.65819 0.273557 0.651744 0.26729 0.635985 0.299075 0.622734 0.32325
4 19 0.651744 0.26729 0.65819 0.273557 0.682221 0.235392 0.7077 0.179517 0.722451 0.143198 0.728223 0.080069 0.719364 0.041018 0.701179 0.000801 0.691387 0 0.694185 0.004298 0.704443 0.031692 0.713768 0.060835 0.718898 0.091143 0.717032 0.118537 0.711437 0.144765 0.700246 0.177987 0.683927 0.216455 0.667607 0.243849
4 26 0.925446 0.170442 0.932032 0.175642 0.942779 0.149643 0.958725 0.114543 0.971552 0.090711 0.982991 0.071211 0.993044 0.061158 0.994778 0.055525 0.995471 0.047292 0.994431 0.036026 0.996164 0.026059 1 0.014359 1 0.001793 0.989925 0.021293 0.987498 0.036026 0.987498 0.049025 0.985765 0.056392 0.978138 0.062458 0.971205 0.072425 0.957339 0.099291 0.940699 0.131357
3 26 0.888612 0.226039 0.891774 0.231968 0.892406 0.238293 0.90118 0.224174 0.921286 0.195575 0.932032 0.175642 0.925446 0.170442 0.9147 0.189508 0.902913 0.206841 0.89494 0.217241
1 26 0.842309 0.230937 0.842125 0.233154 0.844971 0.236712 0.852561 0.240665 0.858253 0.250152 0.867424 0.263987 0.872771 0.27775 0.86187 0.282382 0.851111 0.283416 0.842834 0.280313 0.834006 0.273071 0.829592 0.253069 0.830144 0.246517 0.837592 0.233413
2 26 0.842309 0.230937 0.859834 0.222877 0.871535 0.220109 0.881022 0.221295 0.888612 0.226039 0.891774 0.231968 0.892406 0.238293 0.889244 0.254105 0.877543 0.273474 0.872999 0.277608 0.867424 0.263987 0.858253 0.250152 0.852561 0.240665 0.844971 0.236712 0.842125 0.233154
0 19 0.587344 0.403125 0.586102 0.404406 0.585199 0.409148 0.586554 0.411858 0.589173 0.411858 0.591341 0.410729 0.593689 0.407455 0.594502 0.404293 0.594922 0.401855 0.593057 0.400003 0.590889 0.400568 0.589141 0.40127
0 26 0.847109 0.250879 0.849687 0.252734 0.853125 0.251074 0.853047 0.246387 0.85125 0.24248 0.84875 0.240625 0.846719 0.240918 0.844688 0.242676 0.844922 0.248047 0.847109 0.250879 0.842734 0.259082 0.840312 0.256543 0.8375 0.257422 0.83625 0.258496 0.836641 0.26377 0.838828 0.270996 0.841875 0.273242 0.843906 0.272266 0.844922 0.271875 0.844922 0.269922 0.844297 0.264746 0.842734 0.259082
