4 8 0.766564 0.652674 0.766776 0.64657 0.766591 0.643677 0.767036 0.642299 0.787955 0.618571 0.798802 0.611791 0.807325 0.608886 0.818559 0.607917 0.83483 0.613244 0.846452 0.622445 0.856137 0.634067 0.860011 0.649078 0.860011 0.671354 0.85575 0.695566 0.846839 0.724137 0.836767 0.772561 0.838824 0.815497 0.842578 0.84423 0.842578 0.865052 0.837929 0.877158 0.831344 0.873769 0.830956 0.863115 0.834055 0.849556 0.832506 0.82825 0.828632 0.803069 0.82747 0.781762 0.842133 0.716138 0.853383 0.664909 0.853383 0.650847 0.847356 0.636784 0.836508 0.623223 0.817623 0.618201 0.809989 0.618703 0.79673 0.621716 0.786685 0.629752 0.777042 0.639295 0.767801 0.651349 0.766564 0.652674 0.744659 0.680998 0.736044 0.695082 0.714737 0.739148 0.703115 0.759971 0.691106 0.775467 0.678709 0.782246 0.667087 0.782246 0.655465 0.77353 0.648105 0.762876 0.643068 0.754644 0.642282 0.745183 0.65238 0.74939 0.655746 0.759675 0.662478 0.769492 0.67108 0.772765 0.684544 0.769025 0.700999 0.754532 0.723813 0.707316 0.736383 0.682531 0.744659 0.680998
3 8 0.688658 0.675059 0.692771 0.689083 0.679682 0.697031 0.666966 0.710588 0.657616 0.72695 0.65425 0.742378 0.65238 0.74939 0.642282 0.745183 0.65238 0.712926 0.669584 0.691421 0.681178 0.681136
2 8 0.725313 0.645605 0.737578 0.680566 0.724187 0.686746 0.706609 0.689551 0.692771 0.689083 0.688658 0.675059 0.688658 0.662904 0.693145 0.651684 0.708105 0.638594 0.718359 0.630371
1 8 0.744242 0.618924 0.73614 0.620902 0.726585 0.625183 0.718438 0.62998 0.725469 0.64541 0.737812 0.680566 0.744766 0.678906 0.757031 0.669434 0.763359 0.655664 0.764844 0.646094 0.763984 0.633691 0.758984 0.625 0.753203 0.620215 0.748594 0.619238
4 17 0.827444 0.947859 0.824858 0.938809 0.847094 0.895501 0.867779 0.815994 0.88743 0.724852 0.900875 0.624014 0.910183 0.543861 0.914146 0.515902 0.923183 0.517709 0.91311 0.588577 0.896236 0.719268 0.87295 0.823104 0.842958 0.927174 0.827444 0.947859 0.827081 0.948016 0.811913 0.969219 0.798151 0.999023 0.790547 0.999023 0.810771 0.960452 0.824961 0.93823 0.827081 0.948016
3 17 0.932582 0.443604 0.941981 0.44496 0.935112 0.463938 0.926437 0.499635 0.923183 0.517709 0.914146 0.515902 0.919207 0.47659 0.92716 0.453545
2 17 0.927521 0.389833 0.978852 0.41107 0.968731 0.426885 0.953187 0.441345 0.941981 0.44496 0.932582 0.443604 0.928967 0.436374 0.926075 0.407455 0.926075 0.393899
1 17 0.927521 0.389833 0.929328 0.37944 0.933305 0.369951 0.940173 0.361817 0.94415 0.357299 0.949933 0.355943 0.954633 0.355491 0.966562 0.357299 0.974876 0.362269 0.979575 0.369047 0.983552 0.383506 0.982106 0.399773 0.978852 0.41107
4 24 0.68842 0.366522 0.684374 0.358092 0.700345 0.350402 0.730101 0.324652 0.752663 0.294405 0.770975 0.257619 0.788305 0.213884 0.809886 0.174237 0.828198 0.150122 0.851546 0.123975 0.888637 0.097843 0.908868 0.089414 0.927414 0.085199 0.941238 0.085199 0.956509 0.0911 0.970431 0.101541 0.973564 0.111547 0.97426 0.123294 0.973564 0.13678 0.967647 0.135475 0.965559 0.111547 0.964514 0.104151 0.953377 0.09806 0.942936 0.094145 0.933539 0.09284 0.921357 0.093275 0.902563 0.098931 0.879244 0.111547 0.853837 0.13417 0.840959 0.145046 0.813812 0.182896 0.792929 0.220746 0.7804 0.255115 0.765086 0.290354 0.753948 0.309062 0.726105 0.342996 0.702786 0.360833 0.691648 0.364314
3 24 0.650817 0.373047 0.684374 0.358092 0.68842 0.366522 0.670549 0.37453 0.6529 0.382658 0.65133 0.373687
2 24 0.621994 0.358935 0.616599 0.359357 0.61053 0.363571 0.604798 0.369051 0.601426 0.373687 0.598728 0.386331 0.59974 0.396869 0.602775 0.407827 0.607495 0.417521 0.612553 0.422579 0.618285 0.42553 0.626715 0.424265 0.636831 0.417943 0.648969 0.403612 0.65369 0.387174 0.65133 0.373687 0.643911 0.364414 0.633459 0.358935 0.629412 0.358514
0 24 0.623281 0.396289 0.620625 0.395703 0.616484 0.395996 0.612031 0.401367 0.610938 0.407813 0.613281 0.409473 0.616641 0.411035 0.622656 0.410059 0.628892 0.40712 0.63069 0.402625 0.629252 0.397231
4 31 0.109718 0.489628 0.106251 0.481923 0.088529 0.482886 0.073119 0.484812 0.061947 0.492517 0.05116 0.499741 0.04384 0.513706 0.026504 0.541637 0 0.587868 0 0.596054 0.042299 0.536822 0.066955 0.499259 0.076201 0.492036 0.091611 0.490591 0.103554 0.490591
3 31 0.170974 0.493962 0.171744 0.48722 0.17213 0.481441 0.159031 0.479515 0.135145 0.479515 0.106251 0.481923 0.109718 0.489628 0.145932 0.491073 0.163654 0.492517
2 31 0.201409 0.521893 0.211328 0.525195 0.216016 0.497852 0.22125 0.486035 0.226562 0.476953 0.20875 0.472949 0.203335 0.472773 0.189851 0.474218 0.179449 0.477589 0.17213 0.481441 0.171744 0.48722 0.170974 0.493962 0.176367 0.503593 0.185613 0.513706 0.194089 0.519004
1 31 0.216094 0.497656 0.211328 0.525586 0.214507 0.526709 0.229147 0.527672 0.239934 0.520448 0.244172 0.510817 0.245328 0.500222 0.245328 0.491073 0.242246 0.483849 0.226836 0.476626 0.221563 0.485742
4 38 0.438572 0.560433 0.438971 0.547949 0.411007 0.551445 0.347888 0.559435 0.270386 0.560433 0.22005 0.566426 0.180501 0.573916 0.153029 0.581906 0.137266 0.577758 0.113206 0.567906 0.089561 0.548202 0.076702 0.535757 0.075043 0.522794 0.075043 0.514498 0.086243 0.509312 0.113206 0.494275 0.103665 0.49272 0.083339 0.499979 0.070894 0.50672 0.065916 0.51709 0.065502 0.530572 0.071309 0.545091 0.084169 0.559091 0.098687 0.572054 0.117354 0.581387 0.142658 0.58761 0.165473 0.586054 0.222719 0.575165 0.270838 0.568943 0.350863 0.567429 0.42851 0.558801
3 38 0.438572 0.560433 0.438971 0.547949 0.498706 0.541161 0.497297 0.54745 0.499613 0.552275
2 38 0.546035 0.569921 0.535648 0.567424 0.516473 0.56293 0.502091 0.557437 0.497297 0.54745 0.500094 0.534966 0.516473 0.516489 0.520468 0.511995 0.530455 0.509498 0.537246 0.522482 0.54204 0.533468 0.546035 0.549947
1 38 0.530455 0.509498 0.537246 0.522482 0.54204 0.533468 0.546035 0.549947 0.546035 0.569921 0.564012 0.565926 0.572002 0.557437 0.576396 0.537962 0.575198 0.525977 0.568007 0.514991 0.557221 0.509998 0.545236 0.508 0.535249 0.508
0 31 0.2275 0.491797 0.222812 0.494336 0.219766 0.50332 0.219766 0.512402 0.221172 0.516113 0.224922 0.51748 0.228125 0.515625 0.228281 0.513086 0.226484 0.508887 0.227031 0.505664 0.230469 0.503125 0.231172 0.500488 0.231953 0.497656 0.231797 0.494629 0.230625 0.49248 0.229687 0.491797 0.228281 0.491797
0 8 0.736448 0.644718 0.7396 0.642437 0.743415 0.643059 0.744327 0.647413 0.746318 0.650627 0.748225 0.654048 0.748889 0.657573 0.746732 0.660994 0.743747 0.662031 0.740678 0.659128 0.739766 0.654774 0.73819 0.651664 0.735785 0.647413 0.736034 0.645755
0 17 0.94058 0.37969 0.937669 0.380864 0.93889 0.384033 0.944618 0.390489 0.946777 0.389667 0.946777 0.386968 0.944712 0.382038 0.942646 0.380512
