4 7 0.489051 0.732858 0.489051 0.721137 0.516194 0.725455 0.570974 0.739643 0.62378 0.747046 0.690897 0.740877 0.765911 0.729773 0.84734 0.706331 0.897184 0.67302 0.925315 0.63724 0.939626 0.597142 0.935678 0.569382 0.933704 0.550876 0.938146 0.528051 0.948509 0.502142 0.956406 0.495356 0.966276 0.500291 0.974666 0.512012 0.975653 0.522499 0.967756 0.525583 0.963315 0.512012 0.956406 0.510778 0.949003 0.526817 0.944561 0.541005 0.944561 0.557045 0.947029 0.577402 0.947029 0.596525 0.942094 0.618733 0.933704 0.642175 0.900145 0.680422 0.850794 0.714351 0.80031 0.732922 0.742393 0.743265 0.671031 0.754253 0.606908 0.756193 0.551577 0.745204 0.504519 0.732922
3 7 0.42144 0.737176 0.422921 0.723604 0.431311 0.716819 0.446609 0.714968 0.489051 0.721137 0.489051 0.732858 0.446609 0.727923 0.427363 0.732241
2 7 0.395778 0.762468 0.392419 0.763936 0.387835 0.738899 0.386539 0.728311 0.385643 0.721211 0.387835 0.716229 0.390525 0.712118 0.391123 0.706264 0.390426 0.698666 0.390625 0.692064 0.397258 0.693994 0.408609 0.700163 0.420453 0.714968 0.422921 0.723604 0.42144 0.737176 0.413544 0.752598 0.405648 0.75815
1 7 0.390725 0.692188 0.386401 0.690909 0.376038 0.691526 0.359258 0.700163 0.352843 0.708182 0.348894 0.722987 0.349388 0.733475 0.354817 0.747046 0.363206 0.761234 0.370609 0.766786 0.380973 0.76802 0.392319 0.76431 0.388233 0.738899 0.38624 0.727813 0.385842 0.721336 0.388034 0.716104 0.390525 0.711869 0.391123 0.70589 0.390525 0.698167
4 13 0.700612 0.539141 0.702549 0.528488 0.681629 0.531393 0.639403 0.535267 0.596789 0.537689 0.550689 0.538173 0.502264 0.53672 0.464687 0.535267 0.40464 0.538173 0.361639 0.543015 0.303142 0.558027 0.269826 0.572554 0.252393 0.584661 0.222951 0.612747 0.194945 0.639254 0.182087 0.646286 0.167622 0.645281 0.154765 0.641766 0.15356 0.637245 0.15356 0.627703 0.161194 0.622178 0.176462 0.617156 0.185703 0.611631 0.177667 0.603093 0.170033 0.603093 0.149542 0.616653 0.14472 0.624187 0.140702 0.635236 0.141506 0.645281 0.148738 0.650806 0.159587 0.656331 0.175257 0.656331 0.189721 0.653819 0.213829 0.633227 0.246374 0.603595 0.285349 0.577478 0.324323 0.562411 0.365708 0.552366 0.441246 0.546841 0.512363 0.546841 0.581071 0.547846 0.654599 0.54433
3 13 0.75291 0.543984 0.753298 0.532846 0.73354 0.529456 0.702549 0.528488 0.700612 0.539141 0.728117 0.538173
2 13 0.791053 0.519508 0.797482 0.521209 0.794774 0.535776 0.791902 0.541418 0.78706 0.552804 0.785009 0.567883 0.786404 0.577013 0.784188 0.575987 0.772668 0.570133 0.762208 0.559964 0.755235 0.548342 0.75291 0.543984 0.753298 0.532846 0.762208 0.522193 0.771118 0.518319 0.778866 0.51735
1 13 0.794856 0.536084 0.792148 0.541931 0.787142 0.552394 0.784926 0.567883 0.786568 0.577013 0.797998 0.58082 0.812757 0.576479 0.82057 0.567255 0.82274 0.555861 0.821438 0.540126 0.815361 0.529275 0.803641 0.522764 0.797482 0.521107
4 19 0.778238 0.433905 0.780329 0.423449 0.75105 0.410378 0.713824 0.400444 0.682036 0.400966 0.638535 0.405149 0.588343 0.417697 0.529785 0.42554 0.471645 0.43286 0.414696 0.437606 0.336523 0.435182 0.314594 0.434008 0.297799 0.428112 0.281265 0.427024 0.272998 0.427568 0.26125 0.433551 0.249067 0.445516 0.242975 0.456938 0.243846 0.464552 0.251242 0.470535 0.272998 0.47271 0.274738 0.466184 0.269952 0.461833 0.257334 0.459113 0.272563 0.437902 0.284102 0.436643 0.317123 0.443669 0.403094 0.44606 0.477497 0.442253 0.559732 0.430831 0.625433 0.417778 0.673295 0.413971 0.704188 0.411252 0.719416 0.414515 0.742042 0.418866
3 19 0.82701 0.457766 0.829814 0.444185 0.817137 0.440179 0.780329 0.423449 0.778238 0.433905 0.799151 0.444885
2 19 0.850491 0.431919 0.845234 0.432795 0.835421 0.439366 0.829814 0.444185 0.82701 0.457766 0.82701 0.471346 0.831216 0.484489 0.837524 0.493689 0.846286 0.49807 0.856449 0.498508 0.865562 0.496317 0.876426 0.484051 0.880281 0.466089 0.878529 0.450318 0.875024 0.441995 0.869066 0.435423 0.862057 0.432795
4 25 0.232734 0.256923 0.238477 0.27128 0.19102 0.326878 0.131484 0.408244 0.071655 0.489715 0 0.570578 0 0.554611 0.075776 0.460358 0.172193 0.332626
3 25 0.261065 0.225817 0.264894 0.232038 0.271785 0.235867 0.256088 0.254531 0.238477 0.27128 0.232734 0.256923 0.254556 0.237302
2 25 0.301265 0.214331 0.293225 0.223902 0.287099 0.231559 0.278293 0.235388 0.271785 0.235867 0.264894 0.232038 0.261065 0.225817 0.257619 0.210981 0.257619 0.199974 0.262596 0.189446 0.269488 0.182746 0.279442 0.172696
1 25 0.28863 0.165996 0.295905 0.164082 0.302796 0.165039 0.30739 0.169346 0.311602 0.176524 0.31275 0.186574 0.311984 0.196146 0.30739 0.20476 0.301265 0.214331 0.279442 0.172696
0 25 0.300241 0.186732 0.295264 0.185775 0.292584 0.186732 0.291436 0.191996 0.292201 0.196304 0.295647 0.199175 0.299858 0.199175 0.302538 0.194868 0.302156 0.189125
0 19 0.868386 0.471663 0.866088 0.473817 0.86059 0.481101 0.859933 0.484588 0.861985 0.487255 0.86658 0.486435 0.870848 0.479972 0.873638 0.475664 0.872161 0.472279 0.868386 0.471663 0.869297 0.460742 0.866953 0.460645 0.863125 0.456445 0.840625 0.477246 0.839297 0.475879 0.835859 0.476953 0.835938 0.480469 0.838203 0.483398 0.839922 0.485449 0.8425 0.485254 0.843984 0.483887 0.842422 0.480566 0.840625 0.477246 0.863125 0.456445 0.859766 0.451074 0.8575 0.447559 0.856953 0.445312 0.858906 0.443457 0.863828 0.445996 0.868906 0.453516 0.869297 0.460742
0 13 0.790425 0.547778 0.787388 0.552291 0.787553 0.556292 0.788373 0.558651 0.79223 0.56019 0.796498 0.557112 0.798467 0.55383 0.798549 0.549316 0.795349 0.54706 0.792558 0.546239
0 7 0.379375 0.70791 0.383047 0.70918 0.387891 0.710254 0.390625 0.710156 0.391172 0.707422 0.39 0.702832 0.386406 0.701074 0.382109 0.701172 0.379063 0.703418 0.379375 0.70791 0.366016 0.717676 0.367812 0.720898 0.367734 0.724121 0.367812 0.726074 0.368594 0.731641 0.367734 0.735449 0.365078 0.735742 0.363594 0.73125 0.363047 0.728809 0.361328 0.726855 0.360547 0.721094 0.363203 0.717773 0.366016 0.717676
