4 8 0.395258 0.94778 0.402592 0.939411 0.450099 1 0.436708 1
3 8 0.356891 0.901178 0.360765 0.897304 0.362702 0.890525 0.379954 0.910715 0.402592 0.939411 0.395258 0.94778 0.376447 0.924266
1 8 0.309922 0.87207 0.316406 0.879199 0.319701 0.87406 0.321251 0.870671 0.329766 0.859082 0.340469 0.848047 0.348359 0.840723 0.341172 0.832324 0.336484 0.828809 0.330005 0.824487 0.314099 0.824939 0.306508 0.829909 0.30217 0.83985 0.301447 0.850695 0.302893 0.858376 0.305423 0.862895
2 8 0.316406 0.879102 0.334035 0.893915 0.346819 0.900694 0.356891 0.901178 0.360765 0.897304 0.362702 0.890525 0.361928 0.88084 0.35263 0.846943 0.348438 0.84082 0.340469 0.848145 0.332969 0.855859 0.329531 0.859473 0.321251 0.870671 0.319701 0.87406
4 15 0.644356 0.829483 0.652392 0.822953 0.659963 0.840252 0.671682 0.881488 0.678193 0.917299 0.680798 0.948225 0.680363 0.970471 0.666908 1 0.656924 1 0.669512 0.975897 0.671682 0.953109 0.666473 0.908617 0.659094 0.869552
3 15 0.598551 0.757151 0.606102 0.751841 0.607518 0.744172 0.624668 0.766702 0.645159 0.805877 0.652392 0.822953 0.644356 0.829483 0.628686 0.797339 0.614221 0.773231
1 15 0.563625 0.745942 0.568468 0.743717 0.577149 0.735035 0.58149 0.722014 0.590605 0.708449 0.59755 0.705194 0.600364 0.702879 0.595358 0.694467 0.590206 0.687458 0.583705 0.682773 0.577687 0.681198 0.570985 0.680209 0.562247 0.683807 0.551814 0.694239 0.549895 0.703802 0.547925 0.712932 0.548893 0.723451 0.555234 0.733984 0.557344 0.737402
2 15 0.563625 0.745942 0.578728 0.754791 0.589112 0.757741 0.598551 0.757151 0.606102 0.751841 0.607518 0.744172 0.607518 0.734143 0.607518 0.725294 0.604303 0.713137 0.600446 0.702981 0.59755 0.705194 0.590605 0.708449 0.58149 0.722014 0.577149 0.735035 0.568468 0.743717
4 22 0.707933 0.495437 0.717372 0.494257 0.706604 0.439221 0.698847 0.419182 0.668337 0.377167 0.628002 0.326748 0.586115 0.283439 0.545263 0.251119 0.499757 0.229788 0.45787 0.217506 0.419086 0.213628 0.381854 0.203932 0.330142 0.181308 0.279465 0.152867 0.244301 0.134768 0.229304 0.134121 0.218962 0.138 0.223099 0.141232 0.230855 0.141878 0.249989 0.141878 0.273776 0.156745 0.309457 0.180015 0.348758 0.201347 0.391162 0.218153 0.439254 0.225263 0.489414 0.238191 0.533887 0.255644 0.57267 0.283439 0.604215 0.31188 0.642998 0.358421 0.67144 0.393327 0.690056 0.424354 0.696779 0.437928
3 22 0.713596 0.563872 0.722092 0.559152 0.717372 0.528475 0.717372 0.494257 0.707933 0.495437 0.706045 0.508416 0.706517 0.533784
2 22 0.720234 0.621777 0.715547 0.615527 0.709821 0.600449 0.706989 0.58511 0.706989 0.575081 0.713596 0.563872 0.722092 0.559152 0.730115 0.560332 0.750312 0.573926 0.753437 0.578809 0.755625 0.583984 0.746172 0.594238 0.731797 0.607031 0.72398 0.617558 0.722564 0.620508
1 22 0.720781 0.621875 0.722564 0.620508 0.72398 0.617558 0.732109 0.606738 0.746172 0.594629 0.755859 0.583594 0.759531 0.593652 0.760391 0.600391 0.760859 0.609863 0.759687 0.616699 0.756545 0.626407 0.74805 0.633487 0.74097 0.635257 0.733419 0.634077 0.724923 0.626997
4 29 0.752161 0.303115 0.762144 0.29769 0.780586 0.311241 0.804656 0.339559 0.828254 0.370826 0.850909 0.413893 0.871675 0.45637 0.887722 0.506516 0.901881 0.552532 0.905185 0.572001 0.9184 0.593829 0.941526 0.633356 0.976451 0.693532 1 0.730109 1 0.743678 0.963236 0.684682 0.918871 0.611528 0.897633 0.573771 0.89197 0.556072 0.878755 0.511826 0.848549 0.431592 0.825895 0.392065 0.798521 0.343688 0.77917 0.32127
3 29 0.707887 0.244517 0.713529 0.237464 0.724381 0.251028 0.747386 0.281955 0.762144 0.29769 0.752161 0.303115 0.734364 0.280327 0.713963 0.254283
1 29 0.667031 0.234082 0.669689 0.231495 0.675766 0.224984 0.678359 0.21709 0.680781 0.210254 0.684922 0.200977 0.696719 0.189746 0.694297 0.18623 0.68875 0.180957 0.6825 0.177344 0.675332 0.176695 0.668594 0.17832 0.663612 0.182663 0.655078 0.195215 0.653438 0.208984 0.654931 0.217388
2 29 0.666797 0.234277 0.681609 0.244517 0.697235 0.246687 0.707653 0.244517 0.713295 0.237464 0.714598 0.224442 0.709823 0.208707 0.697031 0.189941 0.684922 0.200684 0.681172 0.209863 0.678438 0.21709 0.675532 0.224984 0.669455 0.231495
0 22 0.733125 0.611621 0.730781 0.614648 0.731563 0.617969 0.732734 0.619238 0.735781 0.620117 0.737656 0.619043 0.738828 0.617676 0.739062 0.613477 0.736719 0.61084 0.734687 0.610645
0 29 0.670078 0.219336 0.668516 0.222461 0.668672 0.22373 0.670625 0.225391 0.671875 0.224707 0.673516 0.223633 0.673828 0.221582 0.673359 0.219727 0.672422 0.219043 0.671016 0.219043
0 8 0.319531 0.838672 0.322266 0.837402 0.323125 0.83584 0.320469 0.833105 0.315937 0.832324 0.31375 0.833887 0.314609 0.833398 0.313437 0.835547 0.315078 0.837695 0.319531 0.838672 0.320625 0.85957 0.318594 0.860156 0.317656 0.862598 0.317578 0.863672 0.317734 0.866211 0.320391 0.867285 0.322422 0.865625 0.322813 0.864648 0.322656 0.861133 0.320625 0.85957
