4 8 0.894333 0.326908 0.901327 0.325035 0.911636 0.353053 0.933115 0.405123 0.946132 0.436039 0.968262 0.479973 1 0.534484 1 0.550755 0.972818 0.505194 0.946132 0.453125 0.922711 0.399087 0.907706 0.364354
3 8 0.873671 0.260848 0.879371 0.257048 0.901345 0.32503 0.893565 0.327114 0.883561 0.297938
2 8 0.892095 0.227565 0.891665 0.232941 0.890805 0.241004 0.886935 0.249604 0.880054 0.256592 0.873604 0.260892 0.869734 0.260354 0.863714 0.256054 0.852621 0.247508 0.84953 0.243162 0.848516 0.24209 0.847266 0.239355 0.844063 0.23125 0.851328 0.225684 0.855234 0.222949 0.860078 0.219434 0.865938 0.214746 0.873203 0.210156 0.880436 0.207427 0.88739 0.205013 0.89048 0.20453 0.892813 0.203809 0.893185 0.220949
1 8 0.841014 0.212484 0.842953 0.19915 0.846832 0.190665 0.857499 0.18218 0.87059 0.17915 0.879318 0.18218 0.88756 0.188847 0.891924 0.198544 0.892969 0.203809 0.89048 0.20453 0.88739 0.205013 0.880436 0.207427 0.873594 0.210059 0.866484 0.214258 0.86 0.218945 0.855469 0.222656 0.843828 0.231348 0.842953 0.22703
4 17 0.369719 0.100542 0.370109 0.100542 0.370109 0.093254 0.39158 0.091976 0.411716 0.093301 0.431323 0.089989 0.443511 0.088664 0.45358 0.085352 0.462058 0.078728 0.475836 0.073429 0.495973 0.06548 0.529357 0.049583 0.558502 0.028386 0.590253 0 0.603106 0 0.570975 0.028674 0.550528 0.044739 0.518981 0.066647 0.499703 0.07468 0.472245 0.084903 0.450046 0.095857 0.429015 0.101699 0.397468 0.102429 0.370595 0.100968
3 17 0.306956 0.091195 0.307409 0.090064 0.308437 0.08171 0.327313 0.085874 0.348711 0.090188 0.370109 0.092776 0.370109 0.100542 0.361826 0.100542 0.336286 0.096228
2 17 0.257597 0.084102 0.260776 0.082778 0.263956 0.081453 0.271375 0.079466 0.277734 0.079466 0.281973 0.076816 0.284093 0.06953 0.285152 0.063568 0.286742 0.056282 0.291484 0.0495117 0.295751 0.051645 0.303169 0.058269 0.307409 0.068205 0.308469 0.081453 0.307409 0.090064 0.305289 0.095363 0.30105 0.09735 0.293101 0.099337 0.290452 0.099337 0.280859 0.0992187 0.275 0.0985352 0.268906 0.0972656 0.261953 0.0957031 0.254531 0.0935547 0.255625 0.0889648 0.255625 0.0868164
1 17 0.24505 0.076936 0.24823 0.067 0.260948 0.055077 0.273666 0.049778 0.285391 0.0483398 0.291563 0.0495117 0.286742 0.056282 0.285152 0.063568 0.284093 0.06953 0.281973 0.076816 0.277734 0.079466 0.271375 0.079466 0.263956 0.081453 0.260776 0.082778 0.257597 0.084102 0.255781 0.0869141 0.255391 0.0891602 0.254609 0.0936523 0.24823 0.088859
4 27 0.512655 0.863738 0.513625 0.854041 0.525746 0.826161 0.555124 0.773153 0.567842 0.748645 0.572081 0.732747 0.577552 0.710383 0.579399 0.691911 0.589251 0.662664 0.598487 0.639574 0.610802 0.619562 0.633584 0.591084 0.655715 0.557087 0.667414 0.532458 0.673571 0.510907 0.682192 0.473963 0.687733 0.421626 0.693275 0.381603 0.696429 0.339077 0.696724 0.338093 0.696583 0.339552 0.704587 0.340321 0.704599 0.340007 0.70502 0.340608 0.698838 0.392762 0.69139 0.439908 0.684578 0.485357 0.680979 0.508849 0.673381 0.53634 0.662585 0.558333 0.637176 0.601408 0.630546 0.608142 0.6206 0.61902 0.61024 0.631452 0.604853 0.639222 0.594079 0.664604 0.587034 0.687913 0.577917 0.733497 0.571701 0.754217 0.562999 0.776491 0.542279 0.809642 0.522388 0.847974 0.52156 0.853154 0.521974 0.857816 0.522803 0.861442 0.525703 0.86196 0.52819 0.859888 0.553364 0.808814 0.55755 0.801256 0.559875 0.800094 0.560806 0.805326 0.533504 0.862526 0.52914 0.871011 0.523807 0.872829 0.516049 0.870405
3 27 0.695976 0.270861 0.70256 0.268666 0.704133 0.267356 0.704587 0.271051 0.705819 0.306456 0.704587 0.340321 0.696583 0.339552 0.698321 0.321653 0.698321 0.297245
2 27 0.673945 0.242833 0.672734 0.236328 0.676797 0.233496 0.685 0.230469 0.696328 0.228027 0.700156 0.227441 0.710547 0.229004 0.718125 0.22998 0.725156 0.233496 0.723757 0.240183 0.721107 0.247469 0.715808 0.257405 0.712099 0.260717 0.70256 0.268666 0.694611 0.271315 0.688253 0.268666 0.680304 0.26138 0.676594 0.254756 0.675005 0.251444
1 27 0.672642 0.223718 0.67568 0.205995 0.682263 0.1965 0.694923 0.190803 0.704038 0.19017 0.714672 0.197133 0.722774 0.205995 0.725306 0.219287 0.725306 0.233213 0.718359 0.229883 0.710469 0.228906 0.700156 0.227344 0.688516 0.22959 0.681094 0.231836 0.676484 0.233203 0.672578 0.236328
4 38 0.701173 0.307435 0.67204 0.261751 0.654269 0.243401 0.631089 0.219256 0.562993 0.133095 0.512083 0.079761 0.482507 0.049457 0.461658 0.032487 0.442263 0.020971 0.431596 0.014305 0.426263 0.01188 0.421414 0.009456 0.409293 0 0.422869 0 0.430142 0.004001 0.439354 0.007638 0.453415 0.016729 0.492689 0.04582 0.526144 0.080367 0.592085 0.157338 0.618752 0.193097 0.658198 0.238528 0.676686 0.258859 0.694174 0.28267 0.705026 0.301816
3 38 0.737975 0.357951 0.716361 0.329672 0.701173 0.307435 0.705026 0.301816 0.727822 0.330323 0.743142 0.352632
2 38 0.735239 0.36631 0.737975 0.357951 0.743142 0.352632 0.755301 0.351112 0.763204 0.351112 0.773359 0.356152 0.772931 0.358331 0.771715 0.36669 0.76875 0.378125 0.766797 0.386328 0.763672 0.391797 0.76138 0.399746 0.757429 0.405445 0.753672 0.40791 0.751957 0.405825 0.746182 0.399366 0.743049 0.394442 0.736455 0.380748 0.735239 0.373909
1 38 0.753828 0.40791 0.757429 0.405445 0.76138 0.399746 0.763828 0.391992 0.766797 0.386133 0.76875 0.37832 0.771715 0.36669 0.772931 0.358331 0.773594 0.35625 0.777536 0.360088 0.78401 0.367828 0.787669 0.377679 0.790765 0.389289 0.790765 0.400196 0.787669 0.41075 0.780632 0.41638 0.77444 0.418491 0.766841 0.418491 0.760367 0.414269
3 51 0.318458 0.632155 0.325995 0.625186 0.348784 0.608327 0.364597 0.597281 0.37473 0.59212 0.37473 0.597176 0.377853 0.602251 0.38104 0.60499 0.364485 0.61037 0.354207 0.614839 0.343483 0.621542 0.322033 0.636624
2 51 0.409706 0.605764 0.392843 0.608887 0.38285 0.606545 0.377853 0.602251 0.37473 0.597176 0.37473 0.59054 0.375667 0.586246 0.378478 0.581172 0.387222 0.56829 0.400962 0.554237 0.405022 0.551895 0.40752 0.553066 0.40752 0.558922 0.406583 0.565167 0.405022 0.570632 0.405959 0.574926 0.409081 0.580001 0.410955 0.587417 0.411267 0.593273 0.412204 0.602641 0.41298 0.604995
1 51 0.405022 0.570632 0.406583 0.565167 0.40752 0.558922 0.40752 0.553066 0.405281 0.552017 0.405534 0.551713 0.411752 0.548012 0.42093 0.547642 0.4307 0.550602 0.438102 0.557264 0.442839 0.565776 0.443727 0.573178 0.443727 0.580209 0.441359 0.586501 0.438398 0.592792 0.433365 0.599824 0.423002 0.604635 0.413059 0.605192 0.412204 0.602641 0.411267 0.593273 0.410955 0.587417 0.409081 0.580001 0.405959 0.574926
4 51 0.275261 0.707185 0.265193 0.702548 0.256184 0.702548 0.249295 0.705198 0.241877 0.710497 0.231808 0.721758 0.224595 0.734505 0.221805 0.742063 0.221805 0.754271 0.22413 0.764736 0.232967 0.774038 0.244129 0.778689 0.24971 0.777526 0.257152 0.771712 0.265523 0.758341 0.272965 0.729854 0.283256 0.683763 0.28367 0.679101 0.282427 0.677029 0.279941 0.678065 0.277869 0.681691 0.275383 0.691015 0.263765 0.747562 0.261897 0.753167 0.257413 0.762509 0.251808 0.769048 0.248071 0.771383 0.243961 0.770916 0.238356 0.768114 0.233498 0.765311 0.230135 0.757838 0.227519 0.750832 0.227519 0.743358 0.22864 0.736819 0.234245 0.72701 0.244334 0.714866 0.249192 0.711129 0.25816 0.708794 0.265633 0.709728 0.272733 0.7158 0.277591 0.723274 0.281701 0.732148 0.283569 0.743825 0.282822 0.753167 0.281327 0.76064 0.279149 0.767753 0.274387 0.774253 0.267003 0.780273 0.259297 0.782279 0.248764 0.78313 0.240938 0.780578 0.234814 0.776325 0.229711 0.770797 0.225628 0.756762 0.224947 0.741452 0.228559 0.731066 0.235742 0.718575 0.256977 0.698277 0.292265 0.665487 0.322033 0.636624 0.318458 0.632155 0.287598 0.658398 0.266401 0.677607 0.231957 0.714701 0.21962 0.733681 0.216971 0.744941 0.217501 0.760176 0.22227 0.775411 0.231278 0.786672 0.245056 0.792634 0.253005 0.792634 0.265723 0.788659 0.278441 0.778723 0.28533 0.765475 0.289569 0.749578 0.289039 0.736993 0.28268 0.718446 0.275261 0.707185 0.277325 0.710394 0.275244 0.719608 0.272733 0.7158 0.270648 0.713863 0.272282 0.705741 0.250043 0.704863 0.249295 0.705198 0.241877 0.710497 0.231808 0.721758 0.224595 0.734505 0.221805 0.742063 0.221805 0.754271 0.22413 0.764736 0.229581 0.77048 0.225628 0.756762 0.224947 0.741452 0.228559 0.731066 0.235742 0.718575 0.250043 0.704863 0.272282 0.705741 0.275261 0.707185 0.277325 0.710394
0 38 0.769766 0.397266 0.768516 0.398828 0.768594 0.402832 0.769141 0.403613 0.770469 0.404395 0.772031 0.404297 0.773359 0.402832 0.773672 0.400977 0.773125 0.398242 0.772266 0.397363 0.771406 0.397266
0 17 0.26875 0.0743164 0.264922 0.0738281 0.261797 0.0731445 0.257734 0.0744141 0.255781 0.0776367 0.257422 0.0803711 0.263047 0.0819336 0.267891 0.0817383 0.269844 0.0802734 0.271328 0.0766602 0.26875 0.0743164 0.271875 0.0649414 0.275547 0.0661133 0.278906 0.0655273 0.280547 0.0626953 0.279609 0.0602539 0.276953 0.0586914 0.275469 0.0583008 0.274141 0.0581055 0.270547 0.059082 0.270078 0.0623047 0.271875 0.0649414
0 51 0.412585 0.557006 0.410294 0.560067 0.410215 0.563918 0.413296 0.565103 0.4193 0.562536 0.422144 0.560659 0.423802 0.558685 0.423171 0.55671 0.420643 0.555722 0.415113 0.555624
