4 8 0.258924 0.387227 0.258523 0.398265 0.303228 0.406969 0.369778 0.421399 0.427798 0.434881 0.474713 0.447879 0.525981 0.459668 0.582178 0.471619 0.618592 0.475471 0.69058 0.47302 0.692541 0.468118 0.692821 0.463566 0.688899 0.458664 0.683297 0.458664 0.649404 0.462516 0.617192 0.464266 0.599825 0.464266 0.528958 0.449211 0.453609 0.430653 0.409912 0.419449 0.338485 0.403343 0.289466 0.393889
3 8 0.193851 0.390691 0.196456 0.375494 0.211963 0.378697 0.233036 0.381206 0.258924 0.387227 0.258523 0.398265 0.239859 0.392495 0.223001 0.389986 0.203133 0.388983
2 8 0.172877 0.352103 0.166006 0.36457 0.16246 0.370942 0.160687 0.378699 0.160022 0.383963 0.160022 0.392274 0.1598 0.400586 0.1598 0.408897 0.172574 0.407516 0.18343 0.403446 0.18864 0.397204 0.193851 0.390691 0.196456 0.375494 0.192331 0.365724 0.187772 0.360839 0.179956 0.35514
1 8 0.165341 0.348224 0.156919 0.346285 0.149213 0.346132 0.141273 0.348756 0.134976 0.352064 0.131431 0.354873 0.126777 0.358752 0.124782 0.363462 0.123452 0.36928 0.123452 0.37676 0.124117 0.383686 0.126112 0.390058 0.128993 0.396984 0.134312 0.402248 0.14628 0.407512 0.1598 0.408897 0.1598 0.400586 0.160022 0.392274 0.160022 0.383963 0.160687 0.378699 0.16246 0.370942 0.166006 0.36457 0.172877 0.352103
4 15 0.34055 0.625329 0.346157 0.632057 0.316033 0.658355 0.286105 0.685589 0.252346 0.723299 0.210899 0.76738 0.160434 0.816193 0.098551 0.876969 0.05194 0.929489 0 0.980368 0 0.967238 0.059161 0.906101 0.121857 0.840861 0.172114 0.791296 0.229697 0.733714 0.277247 0.68095 0.31756 0.644069
3 15 0.395268 0.587206 0.40065 0.59926 0.392129 0.603745 0.378001 0.611033 0.367685 0.616359 0.357145 0.623087 0.346157 0.632057 0.34055 0.625329 0.362079 0.607669 0.383158 0.595055
2 15 0.419488 0.542355 0.422403 0.557773 0.432973 0.576665 0.44476 0.592571 0.437204 0.598699 0.428009 0.602904 0.419936 0.604586 0.412087 0.604866 0.405808 0.602343 0.40065 0.59926 0.395268 0.587206 0.395044 0.580198 0.395492 0.573751 0.399081 0.565622 0.406929 0.553848 0.411863 0.549083
1 15 0.419488 0.542355 0.422403 0.557773 0.432973 0.576404 0.444655 0.592311 0.449538 0.587487 0.455144 0.579638 0.458284 0.566463 0.457835 0.560576 0.455368 0.553848 0.452453 0.547962 0.449313 0.542636 0.439895 0.538711 0.432719 0.53787 0.426664 0.538431
0 15 0.437581 0.554602 0.434947 0.550412 0.431595 0.550412 0.428175 0.550979 0.427046 0.554602 0.427525 0.55969 0.428961 0.565077 0.431835 0.568968 0.435426 0.569866 0.438299 0.568669 0.439017 0.564778 0.439017 0.560887
4 23 0.656316 0.262832 0.665523 0.261787 0.656348 0.186325 0.648019 0.120737 0.640523 0.082738 0.628863 0.04578 0.610957 0 0.598464 0 0.618869 0.046821 0.633028 0.093149 0.640523 0.136874 0.648436 0.190489 0.653016 0.23942
3 23 0.667707 0.355837 0.683897 0.353734 0.678856 0.336007 0.676496 0.329686 0.671439 0.32168 0.670428 0.318731 0.665523 0.261787 0.656316 0.262832 0.657955 0.287127 0.659978 0.317466 0.660315 0.328422 0.661326 0.337271 0.662675 0.344013
2 23 0.672543 0.409716 0.682636 0.40262 0.689785 0.396575 0.695462 0.394735 0.702821 0.393421 0.713941 0.390625 0.706637 0.37729 0.701349 0.365824 0.697354 0.361619 0.693149 0.358465 0.689785 0.356625 0.683897 0.353734 0.667707 0.355837 0.667497 0.363459 0.665604 0.371606 0.666025 0.380805 0.667076 0.389741 0.668128 0.398415
1 23 0.672543 0.409716 0.682636 0.40262 0.689785 0.396575 0.695462 0.394735 0.702821 0.393421 0.713941 0.390728 0.716698 0.399203 0.71859 0.406299 0.719011 0.413658 0.717329 0.420492 0.715016 0.424697 0.712072 0.429954 0.706816 0.433108 0.700508 0.434685 0.692518 0.43337 0.68579 0.429428 0.681584 0.4268 0.676959 0.419966
4 31 0.928937 0.780445 0.929545 0.769032 0.948721 0.772456 1 0.783489 1 0.795664 0.96333 0.785011 0.941416 0.780445
3 31 0.871107 0.799849 0.874759 0.813545 0.883586 0.802512 0.895761 0.79262 0.908848 0.78463 0.919501 0.781206 0.928937 0.780445 0.929545 0.769032 0.919806 0.76751 0.907327 0.769412 0.900022 0.770934 0.892108 0.775119 0.879934 0.786152
2 31 0.842801 0.783869 0.835 0.786914 0.833516 0.794531 0.834609 0.808496 0.837578 0.824902 0.841875 0.834473 0.845469 0.841113 0.852656 0.846094 0.856328 0.847363 0.865324 0.837134 0.868976 0.826861 0.874759 0.813545 0.871107 0.799849 0.861367 0.79262 0.855888 0.788054 0.848279 0.783109
1 31 0.833516 0.794434 0.835078 0.786816 0.829713 0.789196 0.819669 0.796805 0.812668 0.802892 0.807798 0.808599 0.805668 0.816208 0.804375 0.824414 0.805972 0.839797 0.807798 0.847026 0.811451 0.854254 0.820886 0.859581 0.839453 0.858059 0.847062 0.853874 0.856484 0.847168 0.8525 0.846289 0.845313 0.840918 0.841641 0.834668 0.837344 0.824414 0.834375 0.808594
0 23 0.695641 0.420168 0.693425 0.420168 0.692194 0.424066 0.69441 0.427759 0.696626 0.426938 0.69761 0.4254 0.697036 0.422117 0.695641 0.420168 0.696297 0.403755 0.698595 0.404063 0.700236 0.403858 0.700893 0.401088 0.699908 0.398319 0.698513 0.397395 0.696872 0.398011 0.695559 0.400575 0.696297 0.403755
0 31 0.823281 0.839941 0.82125 0.838184 0.819688 0.836816 0.818359 0.837402 0.816953 0.839844 0.817812 0.844238 0.819688 0.846582 0.822266 0.846777 0.823984 0.846484 0.824687 0.844141 0.823281 0.839941 0.827031 0.832715 0.830703 0.832227 0.832266 0.830371 0.831563 0.827148 0.828828 0.822559 0.826328 0.820117 0.825 0.819238 0.823359 0.819922 0.821797 0.823145 0.821797 0.825 0.823125 0.828418 0.827031 0.832715
