4 8 0.142774 0.432798 0.133904 0.42828 0.158215 0.404872 0.173985 0.410211 0.156696 0.418848 0.142774 0.432798 0.142774 0.432798 0.133904 0.42828 0.124705 0.445939 0.115506 0.467704 0.110578 0.475507 0.106307 0.476328 0.104008 0.470579 0.113864 0.443475 0.126019 0.423352 0.143431 0.408568 0.152302 0.404462 0.158215 0.404872 0.173985 0.410211 0.194025 0.423352 0.212423 0.442653 0.230492 0.472632 0.252504 0.515752 0.283078 0.563274 0.328143 0.617486 0.383372 0.689064 0.412154 0.729231 0.418531 0.721659 0.403628 0.698497 0.363547 0.645521 0.331679 0.605276 0.295541 0.560925 0.263345 0.516162 0.239691 0.469347 0.220965 0.434851 0.197639 0.411443 0.176941 0.398302 0.150002 0.39707 0.13489 0.404872 0.12142 0.41555 0.11025 0.430334 0.101051 0.450456 0.096451 0.468115 0.096123 0.479613 0.099737 0.486594 0.105979 0.489058 0.112549 0.489058 0.120434 0.480435 0.128976 0.462365 0.142774 0.432798
3 8 0.4434 0.786224 0.452647 0.781442 0.444676 0.764304 0.427139 0.734014 0.418531 0.721659 0.412154 0.729231 0.422994 0.747166 0.437342 0.773471
2 8 0.43798 0.824485 0.439609 0.831348 0.445234 0.828809 0.460156 0.820996 0.470391 0.812207 0.485234 0.799512 0.479844 0.790332 0.476241 0.785029 0.472734 0.78184 0.462212 0.779847 0.452647 0.781442 0.4434 0.786224 0.43798 0.796188 0.434792 0.805355 0.434792 0.811731
1 8 0.439612 0.831183 0.442125 0.836043 0.446589 0.846405 0.456473 0.856369 0.466038 0.860355 0.474965 0.859956 0.485487 0.853181 0.493458 0.842021 0.496009 0.831659 0.49569 0.819703 0.491545 0.80934 0.485488 0.799585 0.470404 0.812588 0.460001 0.820781 0.443773 0.829493
0 8 0.468757 0.838293 0.466128 0.833776 0.461529 0.835008 0.458572 0.83665 0.458572 0.841989 0.460215 0.846506 0.464157 0.847328 0.467771 0.846096 0.469085 0.84281 0.468757 0.838293 0.46834 0.83873 0.472282 0.842837 0.476224 0.842837 0.480824 0.839962 0.484438 0.834624 0.484438 0.828464 0.481809 0.823947 0.475896 0.822304 0.472611 0.822304 0.469325 0.824357 0.466697 0.831339 0.46834 0.83873
4 17 0.174162 0.168988 0.181211 0.172292 0.184735 0.166785 0.186938 0.151917 0.182973 0.142555 0.173722 0.136498 0.163149 0.137599 0.156541 0.145309 0.155219 0.153018 0.155219 0.165684 0.156981 0.176697 0.159624 0.189363 0.167114 0.1789 0.165352 0.167336 0.165352 0.153569 0.167995 0.149163 0.173722 0.150815 0.174603 0.156322 0.174162 0.168988 0.174162 0.168988 0.167114 0.1789 0.159624 0.189363 0.151254 0.206434 0.146408 0.228461 0.147289 0.254894 0.158743 0.290688 0.181652 0.338047 0.213811 0.374942 0.251698 0.400274 0.31778 0.439372 0.37505 0.471311 0.437167 0.49499 0.438929 0.48673 0.40721 0.476267 0.373288 0.460848 0.335402 0.439922 0.304123 0.418997 0.26976 0.39752 0.222182 0.368334 0.201476 0.343003 0.182092 0.31657 0.163589 0.274718 0.15566 0.237272 0.16403 0.204782 0.181211 0.172292 0.174162 0.168988
3 17 0.489151 0.517018 0.48783 0.5027 0.467565 0.495541 0.438929 0.48673 0.437167 0.49499 0.459635 0.502149
2 17 0.524395 0.476818 0.527979 0.478094 0.524931 0.490031 0.522086 0.500952 0.512943 0.520636 0.505323 0.5327 0.503689 0.531886 0.497081 0.524727 0.489151 0.517018 0.48783 0.5027 0.494878 0.48673 0.503689 0.476267 0.512941 0.473514
1 17 0.527979 0.478094 0.524829 0.490666 0.522188 0.500571 0.512841 0.520382 0.505019 0.533335 0.511619 0.538494 0.523694 0.541491 0.53458 0.54069 0.546422 0.532987 0.551268 0.524177 0.55259 0.51096 0.550828 0.498295 0.545982 0.488933 0.53673 0.480673
4 43 0.852087 0.727487 0.848167 0.753822 0.847187 0.78322 0.836898 0.781383 0.842288 0.711563 0.846856 0.631375 0.84838 0.623118 0.855027 0.569472 0.86625 0.474892 0.873518 0.415629 0.882054 0.416752 0.857967 0.600095 0.852087 0.727487 0.852087 0.727487 0.857378 0.728089 0.861149 0.740885 0.862766 0.761091 0.862766 0.773888 0.862766 0.786011 0.858994 0.79544 0.849834 0.79746 0.84283 0.794766 0.836898 0.781383 0.847187 0.78322 0.854684 0.781296 0.857378 0.761091 0.848167 0.753822 0.852087 0.727487
3 43 0.876663 0.345434 0.886546 0.347119 0.883282 0.366764 0.882373 0.385878 0.882054 0.416752 0.873518 0.415629 0.873518 0.375197
2 43 0.870448 0.302412 0.880967 0.301216 0.892346 0.299782 0.899422 0.289622 0.903056 0.282331 0.910037 0.280538 0.910802 0.291295 0.909458 0.308933 0.90227 0.326903 0.894183 0.339819 0.886546 0.347119 0.876663 0.345434 0.871721 0.34038 0.868577 0.330834 0.868127 0.320726 0.868127 0.312303
1 43 0.90227 0.26794 0.895082 0.265132 0.887445 0.265132 0.882503 0.265693 0.875315 0.276363 0.871272 0.286471 0.870257 0.301814 0.880776 0.300977 0.892442 0.299543 0.899231 0.289861 0.903247 0.282211 0.910132 0.280299 0.909009 0.275801 0.906313 0.270747
0 43 0.89534 0.276269 0.890848 0.276269 0.885457 0.280761 0.880964 0.288623 0.880515 0.297046 0.885008 0.300977 0.890848 0.299854 0.896688 0.293115 0.898485 0.284131 0.898485 0.277953
4 51 0.871272 0.286471 0.869396 0.303009 0.868127 0.312303 0.852535 0.330554 0.818288 0.368156 0.783116 0.399972 0.759513 0.417906 0.71416 0.436417 0.669732 0.447987 0.617899 0.447987 0.560976 0.442202 0.468417 0.430632 0.450831 0.428318 0.45222 0.420798 0.492316 0.42409 0.586892 0.43526 0.659088 0.436996 0.713234 0.424269 0.761827 0.4046 0.812734 0.359478 0.847907 0.32419 0.867344 0.29758
3 51 0.882503 0.265693 0.900665 0.230475 0.914921 0.204886 0.925849 0.21087 0.902979 0.254772 0.895082 0.265132 0.887445 0.265132
2 51 0.920069 0.17034 0.925668 0.153631 0.930997 0.161872 0.948519 0.172936 0.970014 0.180726 0.962581 0.190475 0.948795 0.206178 0.938151 0.212542 0.927746 0.211999 0.91474 0.204435 0.913385 0.198903 0.913623 0.188245
1 51 0.96125 0.132227 0.955835 0.131616 0.950325 0.132293 0.94261 0.135 0.933291 0.142767 0.925746 0.153862 0.931358 0.162211 0.94888 0.17271 0.970376 0.1805 0.972543 0.173614 0.976339 0.154971 0.974564 0.145541 0.969238 0.137219
4 36 0.775725 0.545637 0.775725 0.539286 0.781712 0.536698 0.792928 0.540904 0.807236 0.554351 0.806077 0.557904 0.785125 0.548033 0.79597 0.559615 0.834426 0.597684 0.84838 0.623118 0.775725 0.545637 0.775725 0.545637 0.84838 0.623118 0.846856 0.631375 0.797572 0.579297 0.758958 0.535475 0.732538 0.486573 0.718312 0.449102 0.702054 0.412267 0.687828 0.374161 0.668013 0.347487 0.65023 0.328434 0.633154 0.314727 0.637117 0.30581 0.649799 0.317204 0.666048 0.334543 0.685071 0.357827 0.704094 0.388046 0.722325 0.436099 0.733749 0.467158 0.739839 0.483253 0.765138 0.52877 0.775725 0.545637
3 36 0.585596 0.267665 0.595107 0.248344 0.59907 0.260234 0.60343 0.271132 0.612941 0.285994 0.637117 0.30581 0.633154 0.314727 0.613734 0.298875 0.603826 0.286985 0.591937 0.265683
2 36 0.552774 0.251133 0.559042 0.258747 0.570139 0.265683 0.579255 0.267665 0.585596 0.267665 0.595107 0.248344 0.595107 0.229519 0.592729 0.221593 0.586024 0.205307
1 36 0.558117 0.184339 0.550547 0.186566 0.544758 0.192132 0.53986 0.199368 0.537188 0.207717 0.535853 0.219406 0.538524 0.230538 0.54654 0.24501 0.552774 0.251133 0.586024 0.205307 0.579491 0.194358 0.567023 0.184896
0 36 0.559898 0.204934 0.559453 0.199368 0.556781 0.195471 0.55411 0.195471 0.551438 0.198811 0.551883 0.206604 0.556781 0.207717 0.559898 0.204934 0.571476 0.204934 0.57014 0.21217 0.56257 0.220519 0.555445 0.217179 0.553219 0.218293 0.550102 0.226642 0.550547 0.238331 0.55411 0.242227 0.559898 0.237218 0.56257 0.227755 0.56257 0.220519 0.57014 0.21217 0.573257 0.216623 0.577265 0.216066 0.579491 0.211613 0.579046 0.203821 0.576819 0.201594 0.573257 0.200481 0.571476 0.204934
0 51 0.953906 0.148828 0.954609 0.149219 0.957891 0.149805 0.959375 0.148926 0.960469 0.146289 0.959297 0.144434 0.957656 0.143359 0.955313 0.143066 0.954297 0.143262 0.953125 0.143457 0.952812 0.145801 0.953906 0.148828 0.937031 0.164746 0.938281 0.160254 0.957891 0.162793 0.957969 0.165527 0.958906 0.167383 0.960313 0.167871 0.962187 0.166895 0.963516 0.163379 0.963281 0.159766 0.961953 0.159082 0.960938 0.159082 0.959375 0.160254 0.957891 0.162793 0.938281 0.160254 0.942969 0.15791 0.944141 0.157227 0.947891 0.157031 0.950547 0.159863 0.949609 0.164258 0.947422 0.169238 0.944844 0.171289 0.941406 0.169922 0.938516 0.166992 0.937031 0.164746
0 17 0.511016 0.522363 0.509687 0.523633 0.509844 0.525879 0.512266 0.52793 0.513516 0.529199 0.516172 0.529687 0.516406 0.529004 0.516875 0.527148 0.515937 0.524609 0.513437 0.521777 0.511641 0.521484
