4 6 0.1012 0.735815 0.090799 0.72564 0.08085 0.747121 0.068188 0.795169 0.049411 0.875073 0.031005 0.939378 0.011654 1 0.027229 1 0.071122 0.836136 0.087641 0.758852 0.096608 0.745873
3 6 0.122002 0.686636 0.131046 0.69568 0.115671 0.713204 0.1012 0.735815 0.090799 0.72564 0.108435 0.701333
2 6 0.134508 0.642487 0.141494 0.633647 0.17029 0.670175 0.167224 0.6742 0.155918 0.688332 0.150039 0.693985 0.140091 0.698507 0.131046 0.69568 0.122002 0.686636 0.119741 0.671939 0.123811 0.659503 0.130142 0.650458
1 6 0.141579 0.633647 0.170546 0.670069 0.173555 0.66346 0.178077 0.646502 0.177625 0.635196 0.171746 0.627282 0.163154 0.62389 0.157727 0.62389 0.152753 0.624456 0.143708 0.631239
4 13 0.315512 0.622155 0.328074 0.621911 0.322143 0.585476 0.3135 0.552853 0.299313 0.520021 0.277012 0.483567 0.247277 0.447828 0.222117 0.402082 0.190666 0.319167 0.158899 0.249288 0.10548 0.155805 0.0812188 0.0909789 0.0482772 0.00278223 0.036459 0 0.100361 0.172498 0.151331 0.264312 0.185458 0.345309 0.218071 0.41805 0.250685 0.465211 0.278822 0.509975 0.304401 0.558735 0.312075 0.593906
3 13 0.323535 0.700619 0.332031 0.69708 0.337564 0.698172 0.334006 0.681861 0.329599 0.641824 0.328074 0.622123 0.315512 0.622155 0.320704 0.663452
2 13 0.308997 0.731353 0.313885 0.733797 0.319343 0.735935 0.324557 0.738277 0.333274 0.736953 0.342886 0.733695 0.352092 0.728603 0.359342 0.723308 0.354213 0.710649 0.342818 0.698384 0.332031 0.69708 0.323535 0.700619 0.316456 0.710059 0.311736 0.718318
1 13 0.308671 0.731353 0.307489 0.739556 0.307017 0.754895 0.311264 0.767874 0.320232 0.779083 0.334391 0.782033 0.347606 0.779083 0.357045 0.772594 0.364124 0.756665 0.366012 0.741916 0.36318 0.730117 0.359424 0.723308 0.351929 0.728603 0.343294 0.733287 0.333355 0.737055 0.32415 0.738175 0.314292 0.734102
4 22 0.280268 0.537575 0.288293 0.573518 0.30033 0.631195 0.306348 0.691378 0.30447 0.752224 0.303005 0.800043 0.295573 0.857476 0.282118 0.892741 0.249508 0.948831 0.207379 1 0.207379 1 0.224097 1 0.256195 0.963877 0.285807 0.913357 0.306858 0.861003 0.315041 0.785833 0.315852 0.773608 0.311264 0.767874 0.307017 0.754895 0.307489 0.739556 0.30973 0.725956 0.311736 0.718318 0.316456 0.710059 0.319318 0.706242 0.318096 0.691985 0.312146 0.629501 0.303814 0.579662 0.295367 0.541514 0.293165 0.53157 0.279064 0.532275
3 22 0.265527 0.466001 0.270039 0.509009 0.279064 0.532275 0.293165 0.53157 0.275116 0.470937
2 22 0.248606 0.424404 0.24917 0.436389 0.250298 0.445555 0.25481 0.45472 0.265527 0.466001 0.275116 0.470937 0.286294 0.463657 0.292029 0.453891 0.294857 0.446965 0.299051 0.432877 0.30182 0.419403 0.279628 0.422288
1 22 0.248606 0.424404 0.279767 0.422122 0.301523 0.418785 0.302189 0.408187 0.298241 0.386331 0.286491 0.376137 0.27502 0.373665 0.265526 0.376384 0.259323 0.382101 0.255374 0.391266 0.250862 0.406777
4 28 0.411191 0.64719 0.421157 0.640266 0.439835 0.667879 0.45982 0.704488 0.473779 0.740616 0.490481 0.798087 0.506645 0.873518 0.524066 0.957705 0.532007 1 0.520388 1 0.51092 0.940853 0.494138 0.861242 0.476924 0.789162 0.459281 0.73053 0.442498 0.692876 0.427867 0.66867
3 28 0.380499 0.611316 0.388073 0.602846 0.402023 0.617794 0.421875 0.640266 0.411191 0.64719 0.392856 0.623274
2 28 0.347815 0.581422 0.370136 0.557506 0.377311 0.563983 0.385681 0.57345 0.389268 0.583913 0.389667 0.593878 0.388073 0.602846 0.380499 0.611316 0.373325 0.613808 0.366549 0.613808 0.357381 0.605836 0.351801 0.59338 0.347815 0.581422 0.347815 0.581422 0.370136 0.557506 0.365353 0.553022 0.360171 0.550033 0.354591 0.549036 0.349808 0.549534 0.344626 0.55352 0.341836 0.561492 0.343031 0.571955 0.34622 0.577436 0.347815 0.581422
4 36 0.748567 0.300781 0.757929 0.301366 0.758865 0.276791 0.764014 0.234661 0.772908 0.194287 0.783803 0.16425 0.809626 0.12006 0.856052 0.064151 0.907573 0.003287 0.914367 0 0.897382 0 0.84199 0.0658439 0.804503 0.115419 0.781884 0.145537 0.765465 0.187293 0.754141 0.230463 0.749612 0.265849
3 36 0.750439 0.366901 0.764482 0.365145 0.761206 0.354613 0.756525 0.329452 0.757929 0.301366 0.748567 0.300781 0.748567 0.327112 0.750439 0.352858
2 36 0.736864 0.413126 0.736875 0.415918 0.736563 0.419043 0.744297 0.416797 0.751563 0.414551 0.761719 0.410547 0.774844 0.405176 0.779687 0.404004 0.776094 0.393945 0.771972 0.383869 0.766823 0.372167 0.764482 0.365145 0.750439 0.366901 0.74529 0.373922 0.739673 0.389136 0.736864 0.401423
1 36 0.752031 0.414746 0.740469 0.417676 0.736328 0.419141 0.737332 0.433606 0.741545 0.443553 0.750938 0.453809 0.757891 0.456445 0.765469 0.456152 0.771094 0.454004 0.776653 0.448234 0.780781 0.432715 0.781802 0.413711 0.78 0.403906 0.774219 0.405566 0.767969 0.40752 0.761562 0.41084 0.752031 0.414746 0.750391 0.421387 0.747422 0.421191 0.745625 0.421973 0.744766 0.42998 0.745625 0.437012 0.748281 0.442773 0.750391 0.443262 0.751797 0.440723 0.752188 0.436133 0.752422 0.429199 0.751328 0.423535 0.750391 0.421387
4 45 0.879621 0.484521 0.88953 0.487752 0.897715 0.457057 0.912793 0.385438 0.922134 0.347955 0.941656 0.306817 0.966642 0.230351 1 0.123191 1 0.108113 0.962334 0.22012 0.943646 0.283054 0.933618 0.305496 0.919272 0.334699 0.904466 0.380688 0.892801 0.444064
3 45 0.852912 0.558833 0.865405 0.559371 0.873159 0.540524 0.88953 0.487752 0.879621 0.484521 0.858943 0.545909 0.855497 0.552909
2 45 0.83619 0.587385 0.833663 0.59594 0.839559 0.603968 0.847351 0.610681 0.850404 0.615155 0.857143 0.615155 0.864829 0.612392 0.8762 0.606206 0.87599 0.597388 0.875313 0.580911 0.869282 0.563141 0.865405 0.559371 0.852912 0.558833 0.847312 0.564756 0.842508 0.573171
1 45 0.833769 0.596072 0.833095 0.598143 0.83008 0.613221 0.829218 0.633684 0.832234 0.643377 0.839127 0.653069 0.847742 0.657916 0.856358 0.657377 0.863251 0.651454 0.873159 0.634222 0.875744 0.615913 0.876411 0.606074 0.868514 0.610681 0.862618 0.612918 0.857459 0.615287 0.850615 0.61555 0.847035 0.611339 0.839033 0.603705
0 45 0.842037 0.62058 0.845483 0.617349 0.846345 0.614118 0.844087 0.609364 0.839883 0.609271 0.837298 0.611425 0.836868 0.61681 0.839452 0.62058 0.842037 0.62058 0.844192 0.631607 0.840612 0.63266 0.838507 0.636871 0.840191 0.642399 0.844824 0.646874 0.853352 0.647795 0.857459 0.645821 0.862302 0.640557 0.86525 0.630028 0.867567 0.623579 0.869251 0.617524 0.86704 0.615287 0.863987 0.616208 0.862618 0.617261 0.861039 0.620288 0.856195 0.630554 0.854721 0.63345 0.853247 0.636477 0.846719 0.633186 0.844192 0.631607
0 6 0.157852 0.640037 0.156489 0.645681 0.159044 0.652071 0.161089 0.65665 0.163304 0.658567 0.166116 0.658035 0.167138 0.655372 0.165775 0.644936 0.163134 0.639824 0.160493 0.63844 0.159556 0.639185
0 36 0.764531 0.420801 0.769844 0.419043 0.774219 0.416406 0.776094 0.413574 0.775469 0.409766 0.773594 0.406348 0.769688 0.406738 0.767891 0.408301 0.766719 0.409668 0.763672 0.413477 0.762188 0.417969 0.764531 0.420801 0.766172 0.437891 0.760156 0.440723 0.759297 0.440723 0.757422 0.443262 0.757812 0.447266 0.759219 0.447949 0.766328 0.446973 0.770937 0.443652 0.771484 0.44082 0.770859 0.438965 0.769062 0.437891 0.766172 0.437891
0 22 0.270012 0.412436 0.267158 0.413455 0.264793 0.414067 0.261939 0.41478 0.25778 0.418144 0.257372 0.421406 0.259982 0.422324 0.265853 0.421304 0.269115 0.419265 0.272133 0.416411 0.272214 0.413761 0.270012 0.412436 0.279609 0.390527 0.283203 0.391797 0.285938 0.392188 0.286641 0.391113 0.285625 0.388574 0.283672 0.387305 0.282109 0.386914 0.279375 0.386621 0.278047 0.38916 0.279609 0.390527
0 13 0.353047 0.73623 0.352031 0.740625 0.351641 0.743848 0.3525 0.748535 0.355156 0.750586 0.356094 0.750195 0.357422 0.748145 0.3575 0.743945 0.357031 0.738379 0.355391 0.735059 0.35375 0.735059
