4 7 0.909928 0.549844 0.915513 0.543273 0.94101 0.579401 0.966068 0.612593 1 0.664485 1 0.68038 0.968312 0.635033 0.944376 0.600906 0.920067 0.567714
3 7 0.855746 0.48941 0.860017 0.479965 0.874775 0.493172 0.895144 0.513705 0.908942 0.533828 0.915513 0.543273 0.909928 0.549844 0.898101 0.533007 0.882331 0.515348 0.863934 0.498511
1 7 0.8093 0.471253 0.812664 0.469509 0.819279 0.467645 0.825521 0.46477 0.829135 0.459021 0.830777 0.449576 0.830777 0.438077 0.830449 0.4274 0.833077 0.422883 0.817159 0.414328 0.807248 0.416264 0.799196 0.425555 0.794241 0.437943 0.793931 0.444912 0.796099 0.455364 0.801054 0.465043
2 7 0.814679 0.476269 0.829792 0.486946 0.839976 0.490642 0.849504 0.491053 0.855746 0.48941 0.860017 0.479965 0.862316 0.469288 0.859031 0.449987 0.851475 0.436024 0.833077 0.422883 0.830449 0.4274 0.830777 0.438077 0.830777 0.449576 0.829135 0.459021 0.825521 0.46477 0.819279 0.467645 0.812582 0.469817 0.809546 0.47115
4 15 0.74899 0.383645 0.751401 0.395699 0.691646 0.419525 0.61296 0.452311 0.548292 0.482836 0.497622 0.49712 0.449752 0.515626 0.395959 0.54277 0.36092 0.56251 0.33279 0.571763 0.313543 0.572997 0.2864 0.572997 0.262218 0.569296 0.238529 0.555107 0.230633 0.540919 0.233101 0.539685 0.247412 0.546471 0.270607 0.556341 0.301698 0.560659 0.325387 0.560042 0.347101 0.555107 0.378686 0.540919 0.419154 0.519328 0.456661 0.501438 0.504038 0.482931 0.53809 0.474912 0.569675 0.460723 0.616558 0.436665 0.669857 0.415074 0.721676 0.395333
3 15 0.813987 0.355294 0.817813 0.367251 0.817963 0.367467 0.796402 0.377116 0.763053 0.391178 0.751401 0.395699 0.74899 0.383645 0.765062 0.376613 0.787965 0.366568
1 15 0.829929 0.329389 0.835668 0.333773 0.84874 0.345729 0.851291 0.354896 0.855117 0.37562 0.86819 0.369244 0.878393 0.360874 0.882856 0.35091 0.883813 0.339352 0.880943 0.325403 0.872653 0.316236 0.863088 0.312649 0.853204 0.313048 0.841407 0.317831 0.835349 0.321418
2 15 0.852248 0.377613 0.843639 0.380005 0.835987 0.380403 0.825784 0.376418 0.819725 0.37126 0.817813 0.367251 0.813987 0.355294 0.817494 0.344533 0.829929 0.329389 0.835668 0.333773 0.84874 0.345729 0.851291 0.354896 0.855117 0.37562
4 22 0.249808 0.707269 0.250225 0.69788 0.267123 0.695971 0.28275 0.697599 0.305755 0.703567 0.316172 0.703567 0.339655 0.692206 0.383999 0.661176 0.418367 0.634608 0.454997 0.593908 0.4875 0.539513 0.503075 0.511195 0.53328 0.444531 0.553575 0.397334 0.572453 0.343058 0.58378 0.299992 0.588028 0.309431 0.587556 0.32359 0.574341 0.371376 0.547439 0.438631 0.522425 0.492907 0.494579 0.546593 0.462958 0.600279 0.431309 0.637161 0.394605 0.665721 0.352654 0.699193 0.324966 0.712029 0.312747 0.714792 0.301074 0.71119 0.279836 0.708241 0.267564 0.708241
3 22 0.168138 0.690753 0.171326 0.683977 0.172283 0.676405 0.203904 0.686404 0.236454 0.693707 0.250225 0.69788 0.249808 0.707269 0.230612 0.705704 0.205156 0.698402 0.1797 0.69162
1 22 0.126051 0.694738 0.127266 0.68877 0.130937 0.67793 0.133516 0.662988 0.134766 0.649609 0.135859 0.641016 0.127008 0.639738 0.117442 0.642129 0.107239 0.6501 0.103413 0.660064 0.103413 0.668035 0.105008 0.675608 0.114573 0.687963 0.120631 0.691948
2 22 0.13188 0.697553 0.146138 0.700318 0.157935 0.697927 0.168138 0.690753 0.171326 0.683977 0.172283 0.676405 0.168138 0.66405 0.156022 0.652093 0.150703 0.648438 0.135547 0.641113 0.134453 0.649316 0.13375 0.6625 0.132187 0.670703 0.130937 0.678125 0.127266 0.689063 0.126051 0.694738
4 29 0.08197 0.413248 0.096033 0.414755 0.094153 0.305163 0.098382 0.207809 0.101401 0.163282 0.110457 0 0.097028 0 0.091273 0.080796 0.08296 0.212688 0.077844 0.319001
3 29 0.078987 0.529705 0.091041 0.528198 0.098675 0.533723 0.098042 0.488083 0.096033 0.414755 0.08197 0.413248 0.081569 0.465984 0.07956 0.501141
2 29 0.061611 0.561449 0.066532 0.543768 0.074568 0.534225 0.078987 0.529705 0.091041 0.528198 0.098675 0.533723 0.105908 0.544772 0.10872 0.555822 0.109922 0.560818 0.100181 0.56206 0.0946147 0.566906 0.085416 0.574907 0.07738 0.575911 0.07055 0.572396 0.069344 0.564862
1 29 0.061611 0.561449 0.069344 0.564862 0.07055 0.572396 0.07738 0.575911 0.085416 0.574907 0.0947141 0.566533 0.100181 0.562184 0.11012 0.560818 0.109926 0.56888 0.107515 0.591983 0.098274 0.609562 0.087827 0.615589 0.080193 0.615589 0.07055 0.612575 0.062916 0.606046 0.059299 0.599015 0.056889 0.583947
0 15 0.844453 0.330664 0.842734 0.334375 0.844063 0.337695 0.845 0.339648 0.847813 0.340332 0.851094 0.338867 0.852187 0.33623 0.851328 0.332715 0.847969 0.330371 0.846094 0.330371
0 7 0.815783 0.445813 0.819886 0.451045 0.825384 0.448583 0.829159 0.447762 0.831375 0.446326 0.831457 0.443146 0.830718 0.439351 0.829241 0.436273 0.825876 0.435042 0.822348 0.43494 0.819065 0.436581 0.818162 0.437709 0.817178 0.440171 0.815783 0.445813 0.815783 0.446223 0.812664 0.45084 0.811351 0.452891 0.811597 0.458123 0.813813 0.463047 0.81808 0.463765 0.821773 0.46438 0.824317 0.462841 0.825056 0.459764 0.821199 0.454635 0.819804 0.451455 0.815783 0.446223
1 1 0.161033 0.962249 0.171759 0.96551 0.18234 0.972033 0.187413 0.981273 0.190167 0.994499 0.188295 0.999023 0.146394 0.999023 0.154511 0.99305 0.159004 0.978555 0.158279 0.971127 0.158424 0.962249
0 1 0.164222 0.994318 0.163932 0.990332 0.165092 0.987252 0.169005 0.985803 0.173353 0.987252 0.176687 0.98997 0.177702 0.993593 0.176397 0.996311 0.173353 0.996311 0.16857 0.996311 0.165092 0.995949
2 1 0.131175 0.997942 0.127986 0.996311 0.126102 0.989426 0.125087 0.983447 0.126681 0.977468 0.130015 0.971308 0.137117 0.965148 0.141176 0.963699 0.153206 0.961343 0.158134 0.961887 0.158569 0.971127 0.159294 0.978918 0.154801 0.993412 0.146547 0.999023
3 1 0.121016 0.984473 0.109143 0.961162 0.0901554 0.941595 0.0750812 0.934166 0.0788497 0.924201 0.0991419 0.935616 0.11697 0.955002 0.130156 0.971387 0.126641 0.977441 0.124922 0.983398 0.125859 0.9875
4 1 0.0750688 0.934267 0.056246 0.928195 0.0384351 0.92693 0.0406614 0.916304 0.0689969 0.920099 0.0789143 0.923894
