4 14 0.571397 0.353891 0.58947 0.31025 0.622042 0.242393 0.64416 0.211745 0.661622 0.192866 0.684277 0.181067 0.713066 0.172808 0.750352 0.167498 0.794244 0.167498 0.824922 0.171038 0.859375 0.185787 0.904684 0.208795 0.924978 0.221184 0.947633 0.233573 0.959904 0.236523 0.968399 0.237113 0.973119 0.236523 0.974063 0.234753 0.974063 0.232393 0.972647 0.230033 0.969815 0.227673 0.957544 0.222954 0.952824 0.220594 0.952352 0.215874 0.959904 0.215284 0.974535 0.222954 0.980198 0.227673 0.981614 0.234753 0.98067 0.241242 0.975478 0.244782 0.970287 0.245372 0.952824 0.245372 0.928282 0.232983 0.910347 0.219414 0.862679 0.194636 0.827754 0.180477 0.791884 0.175167 0.760263 0.175167 0.713538 0.181067 0.688524 0.188146 0.667286 0.196996 0.648407 0.217644 0.629529 0.245962 0.594852 0.315597 0.576622 0.357918 0.576077 0.358508 0.576436 0.357565
3 14 0.543992 0.421371 0.570772 0.353435 0.576436 0.357565 0.54952 0.428337 0.54623 0.42305
2 14 0.505536 0.432693 0.505641 0.431899 0.510361 0.42541 0.517912 0.4201 0.525464 0.41774 0.541511 0.41951 0.54623 0.42305 0.549534 0.42836 0.551894 0.437209 0.552366 0.448418 0.550006 0.458447 0.541039 0.478506 0.538897 0.481183 0.532543 0.474376 0.525464 0.473786 0.521216 0.469067 0.514609 0.459863 0.51 0.449512 0.506875 0.443848 0.502188 0.436328
1 14 0.493842 0.457857 0.496674 0.444878 0.502031 0.43623 0.506641 0.443848 0.509844 0.449902 0.514844 0.460254 0.521216 0.469067 0.525464 0.473786 0.532543 0.474376 0.539151 0.481456 0.531127 0.492665 0.525464 0.495615 0.5198 0.498564 0.512249 0.498564 0.501866 0.492665 0.496674 0.482046 0.494314 0.473786
1 22 0.265156 0.610742 0.265439 0.60746 0.281232 0.611778 0.290608 0.621648 0.296037 0.640771 0.29505 0.65496 0.291102 0.666064 0.283699 0.670999 0.27679 0.671616 0.273829 0.671616 0.27375 0.66748 0.274531 0.662793 0.274062 0.656445 0.274531 0.648633 0.272969 0.637793 0.269062 0.628223
3 22 0.156377 0.601379 0.156811 0.59324 0.177212 0.600294 0.22332 0.616304 0.223223 0.616571 0.223223 0.623082 0.223732 0.627323 0.170701 0.606805
4 22 0 0.526503 0.015307 0.536812 0.038312 0.550377 0.068263 0.561228 0.105158 0.572622 0.156746 0.594473 0.156406 0.600837 0.155075 0.600837 0.102554 0.580219 0.063488 0.567739 0.034406 0.554717 0.011834 0.540068 0 0.533014
2 22 0.223223 0.616571 0.225393 0.610603 0.23364 0.607347 0.241888 0.60572 0.250135 0.60572 0.25708 0.606262 0.265313 0.607617 0.265234 0.611426 0.269062 0.628711 0.273203 0.638477 0.274375 0.64873 0.274219 0.656836 0.274688 0.663379 0.273828 0.667969 0.273984 0.671875 0.270234 0.671289 0.265327 0.670287 0.253607 0.667031 0.240585 0.65618 0.227998 0.643158 0.224525 0.633934 0.223223 0.623082
4 29 0.122806 0.463419 0.138174 0.464154 0.164062 0.464154 0.195898 0.464532 0.212316 0.465495 0.22212 0.463963 0.245742 0.427519 0.265625 0.38871 0.297319 0.30618 0.303229 0.28328 0.32308 0.204702 0.331461 0.207485 0.330114 0.215256 0.304133 0.307804 0.271264 0.393444 0.250477 0.430996 0.238469 0.45244 0.226869 0.46875 0.223652 0.47258 0.217371 0.474877 0.210018 0.476409 0.194853 0.47526 0.173853 0.472454 0.14469 0.471739 0.123831 0.473159 0.122806 0.463419 0.122601 0.463419 0.123831 0.472902 0.107222 0.473671 0.0809752 0.480848 0.0725681 0.485718 0.0619053 0.495714 0.0534982 0.505967 0.0403748 0.509812 0.029302 0.505454 0.0143332 0.496483 0.00244012 0.47444 0.000184547 0.452141 0.00264518 0.419845 0.00551591 0.393701 0.0151534 0.376015 0.0340182 0.346282 0.0434506 0.335005 0.0551386 0.320907 0.0668266 0.302965 0.0850763 0.281947 0.0961491 0.275539 0.119935 0.27272 0.128342 0.275796 0.108042 0.282203 0.0908177 0.287073 0.0727731 0.307579 0.0598548 0.328084 0.0444759 0.346282 0.0317626 0.366019 0.0206898 0.386011 0.0147433 0.39447 0.00941191 0.428816 0.0100271 0.453679 0.0118725 0.46957 0.0149483 0.47931 0.0233555 0.490844 0.0342233 0.499303 0.0524729 0.49392 0.0619053 0.483668 0.0830258 0.469827 0.122601 0.463419
3 29 0.322744 0.204618 0.34115 0.146802 0.344454 0.137953 0.344741 0.137527 0.34587 0.139723 0.348702 0.140903 0.35161 0.140903 0.331358 0.207873
1 29 0.348702 0.079547 0.355309 0.070108 0.364748 0.063029 0.372772 0.061259 0.380323 0.063029 0.384571 0.065978 0.389291 0.070698 0.393066 0.083677 0.391178 0.097836 0.385859 0.10918 0.382656 0.105469 0.378437 0.0998047 0.372422 0.0946289 0.366875 0.0928711 0.36125 0.090625 0.357266 0.0881836 0.351061 0.083677
2 29 0.337374 0.120844 0.338318 0.103146 0.34875 0.0793945 0.351061 0.083677 0.357266 0.0881836 0.361328 0.0907227 0.366953 0.0926758 0.369531 0.0936523 0.373047 0.0954102 0.378437 0.0999023 0.3825 0.105078 0.385859 0.109082 0.380469 0.119824 0.377019 0.126154 0.361917 0.137363 0.356253 0.140903 0.348702 0.140903 0.34587 0.139723 0.341622 0.131463
4 7 0.868534 0.596121 0.864917 0.597628 0.840408 0.605663 0.818309 0.617717 0.816455 0.61843 0.814025 0.61062 0.814025 0.61062 0.84081 0.597628 0.87215 0.588085 0.887418 0.586076 0.916347 0.587583 1 0.597628 1 0.607672 0.917955 0.595116 0.89224 0.595116 0.878579 0.595619
3 7 0.75848 0.644887 0.803845 0.617215 0.813889 0.610184 0.816702 0.619224 0.809068 0.623744 0.761656 0.653863 0.761656 0.652372 0.760451 0.64735
2 7 0.710712 0.661743 0.717458 0.655386 0.723887 0.648857 0.732325 0.644839 0.746789 0.641825 0.752816 0.642327 0.758442 0.644839 0.760451 0.64735 0.761656 0.652372 0.761656 0.657897 0.760451 0.662417 0.751465 0.684397 0.743296 0.698716 0.737662 0.707402 0.731182 0.696721 0.717849 0.671016
1 7 0.710712 0.661626 0.705991 0.667733 0.699046 0.679669 0.696875 0.689436 0.698612 0.697032 0.702952 0.705713 0.709463 0.712224 0.71554 0.714937 0.728996 0.712767 0.737568 0.707754 0.734469 0.702825 0.730807 0.696721 0.717849 0.671368
0 7 0.71475 0.678293 0.718788 0.682401 0.723764 0.690265 0.726581 0.694373 0.726487 0.697777 0.724234 0.699655 0.719445 0.698012 0.713905 0.691087 0.711557 0.685101 0.712027 0.68158 0.713905 0.679584
0 14 0.504609 0.454199 0.503281 0.45625 0.503047 0.460938 0.505547 0.463574 0.50875 0.464453 0.510547 0.463574 0.511016 0.45957 0.509297 0.45459 0.506953 0.453906 0.505703 0.453711
0 22 0.273906 0.628516 0.275547 0.627344 0.27625 0.626172 0.276484 0.624414 0.275547 0.62168 0.273281 0.618262 0.271484 0.616992 0.269922 0.616992 0.26875 0.617383 0.267344 0.620703 0.268828 0.624121 0.270234 0.627051 0.273906 0.628516 0.277031 0.641699 0.275469 0.64375 0.275547 0.646875 0.277109 0.648633 0.278594 0.650293 0.281797 0.649219 0.282578 0.646484 0.282266 0.644043 0.280703 0.641797 0.279375 0.641504 0.277031 0.641699
