4 9 0.866047 0.686247 0.866764 0.63562 0.869429 0.609194 0.87752 0.582047 0.897534 0.528286 0.942861 0.417553 0.963977 0.330299 0.969446 0.305232 0.97218 0.285862 0.970357 0.26991 0.968534 0.257377 0.967623 0.244844 0.961242 0.223195 0.925693 0.166225 0.93025 0.160528 0.966711 0.21408 0.975826 0.245983 0.979473 0.267632 0.980384 0.296117 0.970357 0.342832 0.949964 0.424565 0.900643 0.541229 0.886984 0.579169 0.87712 0.607624 0.874085 0.637976 0.870625 0.686412 0.866126 0.686412
3 9 0.85807 0.752474 0.865915 0.686412 0.871283 0.686412 0.865963 0.76098 0.865612 0.760316 0.863853 0.754821 0.861216 0.753722 0.859017 0.753722 0.858351 0.75511
1 9 0.839453 0.825862 0.841401 0.842293 0.846269 0.854465 0.857467 0.862377 0.862823 0.864203 0.869152 0.863594 0.874021 0.858725 0.879864 0.85264 0.886193 0.839859 0.887654 0.816733 0.881696 0.816538 0.875897 0.816811 0.866597 0.816127 0.856311 0.815033 0.849199 0.814759 0.840446 0.814623
2 9 0.843631 0.797133 0.855501 0.763064 0.857699 0.756469 0.859017 0.753722 0.861216 0.753722 0.863853 0.754821 0.865612 0.760316 0.883636 0.794386 0.885394 0.80043 0.888043 0.816674 0.878086 0.816674 0.866925 0.816127 0.856749 0.815033 0.849527 0.814896 0.840227 0.814896
4 18 0.751596 1 0.761701 0.892592 0.779748 0.78734 0.798019 0.700923 0.804439 0.578704 0.807895 0.515743 0.807895 0.494756 0.799312 0.437926 0.799312 0.437826 0.799688 0.438884 0.806161 0.437266 0.806626 0.438098 0.812776 0.484858 0.813801 0.513042 0.811751 0.571972 0.805089 0.703925 0.786129 0.787197 0.770339 0.892973 0.759806 1
2 18 0.753984 0.330957 0.749688 0.321484 0.753906 0.321484 0.762188 0.320508 0.768984 0.316309 0.776875 0.310254 0.782891 0.304688 0.790591 0.298944 0.795234 0.311035 0.798594 0.320117 0.799219 0.323437 0.799297 0.327148 0.798961 0.335901 0.796072 0.351791 0.793183 0.362625 0.787405 0.368403 0.783938 0.368403 0.77527 0.36407 0.769492 0.357569 0.756016 0.335938
1 18 0.746214 0.301654 0.747539 0.290891 0.751513 0.280128 0.757474 0.272677 0.764097 0.270193 0.770376 0.27123 0.776005 0.27481 0.780944 0.28123 0.787279 0.290063 0.789438 0.294934 0.790391 0.298926 0.7825 0.304688 0.776875 0.310254 0.769141 0.316016 0.761797 0.320605 0.753594 0.321191 0.749526 0.321524 0.746214 0.311589
3 18 0.779936 0.366402 0.783938 0.368403 0.787405 0.368403 0.789373 0.366435 0.789812 0.367899 0.807096 0.437032 0.799688 0.438884 0.787837 0.405552 0.779936 0.36975
1 26 0.181867 0.74832 0.185441 0.737896 0.193295 0.730939 0.200688 0.728087 0.208076 0.727473 0.213283 0.72957 0.219215 0.733335 0.21237 0.747709 0.206164 0.759004 0.201327 0.769499 0.195851 0.775089 0.191379 0.778854 0.185441 0.769912 0.181867 0.757254
2 26 0.191288 0.779196 0.196307 0.774747 0.201418 0.769613 0.205799 0.758889 0.212462 0.747937 0.216021 0.740294 0.219489 0.733905 0.224235 0.737328 0.234382 0.747133 0.240699 0.760951 0.248069 0.781349 0.248069 0.792535 0.247543 0.796483 0.243331 0.801747 0.240699 0.801747 0.234909 0.800431 0.230698 0.799773 0.224907 0.798457 0.220696 0.798457 0.215958 0.797141 0.208589 0.793193 0.200049 0.787867
3 26 0.239948 0.801576 0.240699 0.801747 0.243331 0.801747 0.247031 0.797122 0.251227 0.828067 0.251754 0.877417 0.243331 0.878075 0.243858 0.829383 0.242278 0.813591 0.241226 0.805037
4 26 0.224559 0.999023 0.228315 0.957451 0.244031 0.878157 0.244081 0.878017 0.250162 0.877542 0.236829 0.958703 0.234075 0.999023
4 33 0.576498 0.429996 0.593155 0.404097 0.603093 0.379252 0.616758 0.326455 0.628294 0.266534 0.63995 0.230426 0.6587 0.198753 0.684039 0.160112 0.71679 0.110609 0.744211 0.075516 0.751645 0.0711863 0.756168 0.0637336 0.761308 0.0452303 0.769021 0 0.776203 0 0.765008 0.0614206 0.757182 0.0761671 0.742253 0.08939 0.721989 0.11581 0.687099 0.169438 0.657051 0.214093 0.645947 0.233787 0.634222 0.268596 0.622985 0.330275 0.608329 0.384625 0.597092 0.414549 0.579993 0.435312 0.579688 0.435312
3 33 0.535928 0.463433 0.540145 0.459599 0.546977 0.45558 0.570379 0.434636 0.576177 0.42946 0.579904 0.435672 0.540543 0.47479 0.540211 0.469398 0.537476 0.464841
1 33 0.474003 0.503073 0.47874 0.491229 0.48611 0.482675 0.48611 0.481359 0.488215 0.485307 0.507166 0.515575 0.513483 0.522155 0.507166 0.526103 0.501375 0.530051 0.496638 0.530051 0.488215 0.528735 0.479267 0.522155 0.474529 0.512943
2 33 0.486815 0.482681 0.487342 0.481362 0.492356 0.476804 0.500104 0.470538 0.519246 0.459713 0.526082 0.459144 0.532463 0.460283 0.537476 0.464841 0.540211 0.469398 0.540667 0.476804 0.539755 0.487629 0.535653 0.497314 0.531096 0.506429 0.51879 0.518393 0.513103 0.52176 0.507166 0.515575 0.488215 0.485307
4 39 0.143859 0.026177 0.125901 0.000357715 0.133342 0 0.146764 0.016495 0.179685 0.043122 0.200019 0.067329 0.215671 0.105231 0.223258 0.14358 0.229705 0.169209 0.241333 0.201509 0.262004 0.257226 0.264745 0.278466 0.257894 0.280913 0.257894 0.28196 0.254456 0.260732 0.23588 0.206016 0.220281 0.1738 0.212607 0.136318 0.207765 0.10606 0.194209 0.079432 0.180654 0.057646 0.169034 0.047963
3 39 0.257894 0.280913 0.26493 0.2784 0.27448 0.298504 0.285537 0.328032 0.289558 0.342482 0.290563 0.356303 0.289055 0.35379 0.28604 0.353162 0.282521 0.35379 0.282521 0.34311 0.277998 0.329917 0.267443 0.304158 0.258396 0.286567 0.257894 0.282169
1 39 0.257035 0.428024 0.257083 0.421215 0.262347 0.423639 0.267887 0.426328 0.280774 0.432263 0.287556 0.436502 0.288913 0.43735 0.287556 0.442437 0.285522 0.446676 0.283487 0.449219 0.277383 0.451763 0.269244 0.45261 0.261105 0.447524 0.257035 0.438198
2 39 0.259401 0.410962 0.263422 0.392742 0.268951 0.375779 0.275485 0.360073 0.279506 0.355047 0.282521 0.35379 0.28604 0.353162 0.289055 0.35379 0.290563 0.356303 0.295086 0.370125 0.296594 0.383947 0.297097 0.397768 0.295589 0.415988 0.29006 0.434207 0.288718 0.437228 0.287556 0.436502 0.280774 0.432263 0.267887 0.426328 0.25736 0.420984 0.258191 0.41452
4 48 0.31198 0.349431 0.313113 0.344711 0.316103 0.338837 0.351135 0.299639 0.402547 0.254241 0.483365 0.172658 0.521159 0.113776 0.533757 0.089812 0.55731 0 0.562787 0 0.554262 0.0419371 0.538511 0.09805 0.526089 0.119938 0.486104 0.179505 0.403395 0.263719 0.355194 0.308223 0.322878 0.342457 0.319044 0.349988 0.318881 0.350446
3 48 0.309028 0.386488 0.309971 0.359367 0.311386 0.349344 0.319404 0.350523 0.317046 0.362904 0.316103 0.389436 0.319876 0.408893 0.321893 0.415897 0.320536 0.416651 0.320134 0.422679 0.319483 0.427159 0.316103 0.424811 0.312801 0.414199 0.310443 0.39828
1 48 0.345391 0.476855 0.347656 0.474707 0.352187 0.471582 0.356719 0.465234 0.360234 0.45957 0.363906 0.45459 0.368594 0.449023 0.373005 0.444856 0.375284 0.459101 0.37574 0.467078 0.373005 0.480184 0.367991 0.485882 0.361609 0.487022 0.355683 0.487022 0.342463 0.479044
2 48 0.31933 0.428206 0.320134 0.422679 0.320536 0.416651 0.324153 0.414641 0.326967 0.414641 0.332593 0.415646 0.343847 0.417655 0.351081 0.420167 0.359119 0.426196 0.365952 0.433732 0.368516 0.438086 0.372969 0.444922 0.368125 0.449512 0.362578 0.45625 0.357969 0.462793 0.351875 0.47207 0.346094 0.475977 0.3425 0.479004 0.335808 0.472415 0.332593 0.467894 0.323751 0.441268
0 33 0.501484 0.517383 0.498359 0.517969 0.497344 0.522266 0.497813 0.525488 0.500234 0.527539 0.502969 0.527051 0.505156 0.525488 0.505469 0.522852 0.505312 0.519824 0.504297 0.517773 0.502266 0.517578
0 48 0.364453 0.475488 0.361797 0.478027 0.362031 0.480957 0.363516 0.481934 0.366172 0.48125 0.368359 0.480078 0.370547 0.476562 0.370078 0.472461 0.368125 0.472168 0.365547 0.474414
