4 11 0.658014 0.440462 0.660147 0.4416 0.663756 0.437071 0.718096 0.463385 0.769262 0.486585 0.819297 0.504643 0.908785 0.531519 0.963989 0.548952 0.982584 0.554763 1 0.567111 1 0.57728 0.982584 0.564932 0.962246 0.556215 0.892515 0.533698 0.825928 0.515224 0.768241 0.495159 0.717075 0.471332 0.659389 0.441861
3 11 0.610847 0.411345 0.611152 0.410879 0.6129 0.405052 0.639963 0.422681 0.664233 0.436471 0.660147 0.4416 0.629508 0.425259
2 11 0.606247 0.418352 0.60049 0.42195 0.594254 0.425548 0.584659 0.423749 0.578422 0.420151 0.574375 0.416992 0.577687 0.409453 0.578828 0.393291 0.579589 0.38521 0.58187 0.3719 0.584152 0.367147 0.585 0.365332 0.589476 0.367147 0.602405 0.373326 0.610771 0.383784 0.614574 0.393291 0.613433 0.403273 0.611152 0.410879 0.607729 0.416108
1 11 0.555505 0.378392 0.560069 0.371262 0.571097 0.365557 0.577942 0.364607 0.585234 0.365039 0.584152 0.367147 0.58187 0.3719 0.579589 0.38521 0.578828 0.393291 0.577687 0.409453 0.574062 0.41709 0.568281 0.412793 0.56159 0.406438 0.558548 0.399307 0.555886 0.389325
0 11 0.575056 0.374835 0.573759 0.370377 0.575704 0.36754 0.578298 0.36835 0.580568 0.370377 0.580391 0.373535 0.578622 0.375241 0.575056 0.374835 0.573281 0.383789 0.575635 0.384171 0.577124 0.386405 0.576826 0.389012 0.575547 0.390332 0.573549 0.390874 0.574077 0.399035 0.576758 0.403131 0.576162 0.406483 0.573481 0.406483 0.571097 0.403504 0.571693 0.400152 0.574077 0.399035 0.573549 0.390874 0.571762 0.388639 0.571762 0.385288 0.573281 0.383789
4 20 0.179162 0.724946 0.187384 0.720835 0.186649 0.719391 0.187422 0.720036 0.19579 0.752734 0.202107 0.781356 0.206054 0.8159 0.204475 0.842549 0.199738 0.881041 0.19658 0.912624 0.198948 0.932363 0.217108 1 0.202896 1 0.192632 0.952103 0.186315 0.924468 0.187894 0.894858 0.192632 0.857353 0.197369 0.826757 0.197369 0.800109 0.195 0.779382 0.184558 0.74466 0.179328 0.725775
3 20 0.165302 0.6758 0.167627 0.65764 0.172275 0.646745 0.178918 0.637519 0.181189 0.641304 0.186015 0.643315 0.181573 0.651829 0.175181 0.669262 0.175181 0.687422 0.179248 0.704855 0.187384 0.720835 0.178667 0.725193 0.172275 0.712118 0.166464 0.688874
2 20 0.177217 0.630272 0.177659 0.616482 0.179865 0.604898 0.186016 0.592285 0.188828 0.587598 0.193906 0.592773 0.199453 0.599219 0.204141 0.606055 0.208984 0.612012 0.214297 0.616504 0.217266 0.618945 0.215469 0.624316 0.213402 0.630272 0.210415 0.634633 0.203694 0.6402 0.19531 0.644062 0.189132 0.644613 0.181189 0.641304 0.178541 0.636891
1 20 0.188594 0.5875 0.194033 0.579121 0.203486 0.571243 0.210182 0.567797 0.215697 0.568289 0.223968 0.57272 0.228047 0.57959 0.227907 0.590938 0.223968 0.603247 0.217734 0.619043 0.214453 0.616406 0.208906 0.611719 0.204141 0.606152 0.199687 0.599316 0.195156 0.593555 0.191953 0.590527
4 29 0.376952 0.756643 0.378367 0.758246 0.384779 0.752244 0.45496 0.851163 0.523037 0.950878 0.558093 0.999023 0.545072 0.999023 0.46942 0.888378 0.415832 0.812886 0.377047 0.757952
3 29 0.340475 0.711099 0.342656 0.708789 0.345349 0.70384 0.384962 0.752073 0.378367 0.758246 0.37189 0.750912 0.348156 0.719865
2 29 0.309334 0.706147 0.310337 0.701131 0.312343 0.69298 0.313594 0.685449 0.316719 0.675684 0.320078 0.667383 0.322891 0.661328 0.324219 0.656641 0.328897 0.660374 0.340434 0.669779 0.345952 0.676677 0.34846 0.683574 0.348594 0.691797 0.346956 0.69925 0.342656 0.708984 0.339506 0.711691 0.328395 0.713045 0.318363 0.711164
1 29 0.292319 0.675935 0.297227 0.665965 0.307656 0.658297 0.31625 0.656738 0.324453 0.656641 0.323125 0.660547 0.319922 0.667676 0.316406 0.676465 0.313281 0.684668 0.312343 0.69298 0.310337 0.701131 0.309421 0.705711 0.306429 0.704309 0.297841 0.697407 0.292933 0.688971
2 41 0.538889 0.640461 0.539469 0.63466 0.54121 0.633935 0.54411 0.633935 0.548751 0.636473 0.555423 0.640461 0.562964 0.645175 0.570506 0.647713 0.578337 0.651338 0.580368 0.653151 0.582524 0.654667 0.579498 0.661128 0.573986 0.670555 0.571956 0.673093 0.562384 0.682158 0.557743 0.683971 0.552522 0.683245 0.547881 0.67962 0.54411 0.673818 0.540049 0.662941 0.538889 0.654602
1 41 0.539638 0.634388 0.542945 0.623711 0.549282 0.613378 0.557273 0.607523 0.562783 0.606834 0.569672 0.608556 0.576836 0.613723 0.583449 0.6213 0.585653 0.630255 0.585653 0.638865 0.584 0.65092 0.582906 0.654548 0.580368 0.653151 0.578337 0.651338 0.570506 0.647713 0.562964 0.645175 0.555423 0.640461 0.548751 0.636473 0.54411 0.633935 0.54121 0.633935 0.539704 0.634562
3 41 0.538724 0.741676 0.54118 0.727936 0.543892 0.708512 0.549098 0.68057 0.552522 0.683245 0.555053 0.683597 0.552506 0.693438 0.547338 0.713681 0.543548 0.744316 0.538646 0.746553
4 41 0.538976 0.746402 0.543133 0.744505 0.546445 0.765661 0.552013 0.804249 0.557717 0.835147 0.575638 0.926468 0.590933 1 0.579906 1 0.568524 0.938028 0.556928 0.872669 0.548173 0.830516 0.543516 0.788716 0.54056 0.765531
4 51 0.395989 0.655909 0.396992 0.646504 0.40251 0.635844 0.414549 0.633336 0.428595 0.630201 0.447656 0.628319 0.48277 0.618287 0.525971 0.599508 0.552007 0.595095 0.575836 0.594544 0.602754 0.597302 0.645116 0.606679 0.665856 0.612746 0.665959 0.613326 0.665486 0.613191 0.665196 0.621887 0.629746 0.613271 0.586606 0.604492 0.558515 0.601357 0.526411 0.608881 0.499825 0.618287 0.481265 0.623303 0.462705 0.630201 0.429598 0.635844 0.414048 0.640233 0.409031 0.644622 0.407526 0.650893 0.413044 0.654028 0.420067 0.65152 0.429598 0.645249 0.440634 0.641487 0.483272 0.626438 0.48879 0.626438 0.489291 0.629574 0.483773 0.633963 0.46722 0.642114 0.452673 0.644622 0.43963 0.650893 0.430601 0.658417 0.423578 0.664688 0.40853 0.666569 0.3995 0.664688
3 51 0.665486 0.613191 0.67421 0.615676 0.712294 0.630165 0.740526 0.638634 0.738512 0.640465 0.735864 0.645981 0.736172 0.6506 0.704567 0.638444 0.665154 0.623127
2 51 0.735864 0.645981 0.738512 0.640465 0.743366 0.636052 0.749102 0.634397 0.774062 0.636719 0.7825 0.637402 0.782266 0.643945 0.781484 0.655469 0.780703 0.666504 0.779141 0.675879 0.778047 0.680273 0.77625 0.685742 0.768519 0.681835 0.753217 0.669577 0.742042 0.660323 0.736305 0.6526
1 51 0.776172 0.685742 0.777422 0.682715 0.778281 0.680371 0.779297 0.675977 0.780703 0.666602 0.781641 0.654687 0.782344 0.643945 0.782578 0.637207 0.792975 0.637287 0.799763 0.639939 0.805279 0.643651 0.811642 0.654258 0.812031 0.663672 0.811797 0.671094 0.81125 0.677246 0.809609 0.682324 0.806976 0.687138 0.798915 0.690851 0.785762 0.68926
0 20 0.211016 0.60332 0.210312 0.606543 0.211172 0.610156 0.21375 0.61123 0.215625 0.609668 0.216719 0.604688 0.215 0.602051 0.213203 0.60166
0 29 0.304766 0.682129 0.302734 0.685449 0.303516 0.687891 0.305469 0.689453 0.307344 0.689258 0.308906 0.687109 0.309375 0.68457 0.3075 0.682617
