1 8 0.819476 0.754143 0.818428 0.746931 0.815805 0.740376 0.812134 0.731853 0.807938 0.726609 0.803743 0.723986 0.795876 0.725297 0.787484 0.730542 0.78224 0.741687 0.781797 0.753027 0.782109 0.759766 0.787484 0.758076 0.7964 0.753487 0.804267 0.752176 0.813183 0.752176
0 8 0.807969 0.729102 0.806704 0.731911 0.809326 0.737811 0.812266 0.737891 0.812997 0.734533 0.809326 0.727977
2 8 0.782422 0.763281 0.782344 0.759863 0.787484 0.758076 0.7964 0.753487 0.804267 0.752176 0.813183 0.752176 0.817344 0.753516 0.819609 0.754395 0.819063 0.77041 0.817742 0.779154 0.815017 0.789376 0.810473 0.794487 0.803204 0.79392 0.795027 0.789944 0.790029 0.785401 0.785486 0.777451 0.783215 0.771204
3 8 0.801884 0.85405 0.803733 0.793961 0.810473 0.794487 0.810719 0.794211 0.808809 0.856145
4 8 0.785715 1 0.794537 0.931964 0.802001 0.854059 0.808932 0.856299 0.801304 0.933348 0.792332 1
1 15 0.201086 0.485813 0.207489 0.475142 0.222428 0.458469 0.224562 0.459136 0.230964 0.472474 0.241102 0.481811 0.247812 0.488672 0.245903 0.491148 0.232031 0.503819 0.227763 0.507154 0.221361 0.510489 0.213891 0.509822 0.207489 0.506487 0.20322 0.501819 0.201086 0.493149
2 15 0.2225 0.458594 0.224889 0.457021 0.24121 0.443943 0.252509 0.439758 0.258787 0.438712 0.26339 0.440281 0.263809 0.442897 0.263809 0.448128 0.262553 0.454405 0.258787 0.465391 0.24958 0.485269 0.248047 0.488379 0.241102 0.481811 0.230964 0.472474 0.224562 0.459136
3 15 0.260341 0.439242 0.260879 0.438712 0.29394 0.393723 0.300218 0.396339 0.263809 0.447312 0.263809 0.442897 0.26339 0.440281
4 15 0.293637 0.394137 0.29369 0.393671 0.294456 0.391756 0.376531 0.264149 0.397344 0.22512 0.416984 0.200643 0.441627 0.174333 0.472943 0.148664 0.491424 0.13968 0.510598 0.13663 0.530989 0.140335 0.597011 0.169666 0.617819 0.183005 0.627956 0.191008 0.635011 0.205297 0.638747 0.22811 0.639582 0.271926 0.636974 0.347206 0.629023 0.378413 0.608749 0.416428 0.566066 0.469782 0.562865 0.46578 0.606615 0.409759 0.625822 0.373078 0.632225 0.337731 0.633061 0.266443 0.631062 0.22771 0.626793 0.207165 0.622087 0.194342 0.592743 0.176335 0.526142 0.149015 0.510027 0.145952 0.492781 0.147248 0.479099 0.152326 0.446313 0.180895 0.423544 0.204497 0.406279 0.226688 0.381893 0.268362 0.299949 0.396227 0.29394 0.393723
4 21 0.457996 0.349323 0.455519 0.358353 0.444879 0.35414 0.429884 0.349975 0.413224 0.344421 0.403351 0.344421 0.404338 0.338868 0.404338 0.334394 0.457996 0.349323 0.457996 0.34971 0.455726 0.35874 0.460989 0.362739 0.471516 0.36919 0.485139 0.374092 0.493601 0.375382 0.5 0.372802 0.50258 0.360933 0.502167 0.354999 0.496181 0.347517 0.47843 0.342744 0.445715 0.333455 0.422391 0.327908 0.411761 0.32636 0.41011 0.33281 0.424249 0.335907 0.44716 0.34197 0.470381 0.34713 0.488751 0.352419 0.495149 0.355773 0.495975 0.364933 0.493498 0.367384 0.485036 0.365449 0.460163 0.351387 0.457996 0.34971
2 21 0.362891 0.333105 0.364353 0.33262 0.374905 0.329149 0.387678 0.325678 0.391565 0.325678 0.400451 0.329149 0.404338 0.33262 0.404338 0.338868 0.402117 0.351363 0.392676 0.365247 0.385859 0.37207 0.380078 0.376563 0.365847 0.339979
1 21 0.340175 0.361372 0.342509 0.347758 0.349511 0.339006 0.362891 0.333008 0.365847 0.339979 0.38 0.376758 0.372849 0.379849 0.363514 0.381793 0.356512 0.381793 0.348733 0.379849 0.340953 0.373042
4 28 0.113249 0.121594 0.105722 0.121594 0.0664535 0 0.0735415 0
3 28 0.123672 0.180943 0.131199 0.173705 0.113249 0.121594 0.105722 0.121594
2 28 0.161935 0.211242 0.148672 0.217349 0.140234 0.221289 0.129375 0.225 0.124251 0.207723 0.122514 0.189628 0.123672 0.180943 0.131199 0.173705 0.136989 0.173705 0.143937 0.175877 0.149727 0.182391 0.155517 0.193247
1 28 0.161935 0.211242 0.168915 0.226075 0.168915 0.237417 0.166123 0.24527 0.161935 0.24876 0.154954 0.250505 0.146578 0.250505 0.137504 0.246142 0.129453 0.225 0.140156 0.221387 0.148672 0.217349
4 35 0.195677 0.291419 0.199865 0.301017 0 0.409678 0 0.406834 0 0.398152
3 35 0.256403 0.265244 0.245933 0.263499 0.233369 0.263499 0.208241 0.280949 0.195677 0.291419 0.199865 0.301017 0.227087 0.279204 0.236859 0.273097 0.255007 0.274842 0.254309 0.269607
1 35 0.296406 0.271094 0.307358 0.277459 0.31713 0.283567 0.321318 0.294909 0.322016 0.30538 0.319224 0.314105 0.312244 0.32632 0.305962 0.32981 0.291304 0.32632 0.28572 0.320212 0.277344 0.307125 0.276646 0.301017 0.27874 0.295782 0.285938 0.284863
2 35 0.296328 0.271191 0.286094 0.284961 0.282031 0.29043 0.27874 0.295782 0.276646 0.301017 0.277344 0.307125 0.257101 0.283567 0.255007 0.274842 0.254309 0.269607 0.256403 0.265244 0.261028 0.260875 0.265477 0.258264 0.27525 0.261754 0.280834 0.263499
0 15 0.227031 0.483594 0.225312 0.487988 0.226875 0.489844 0.228984 0.48877 0.230938 0.4875 0.232734 0.485254 0.232969 0.482812 0.231172 0.481348 0.228828 0.481445
0 28 0.145234 0.226953 0.144531 0.228223 0.144453 0.230371 0.145859 0.231445 0.148672 0.230762 0.150938 0.228613 0.150547 0.225488 0.148516 0.225293 0.146719 0.225586
