2 9 0.864329 0.945817 0.852404 0.924881 0.846101 0.90403 0.844526 0.89566 0.847677 0.892705 0.853191 0.891721 0.858706 0.890736 0.862645 0.889751 0.867765 0.889751 0.871587 0.889744 0.873857 0.88994 0.876754 0.896985 0.88037 0.911415 0.880764 0.924709 0.879976 0.936034 0.876825 0.943912 0.872886 0.947851 0.868159 0.947851
1 9 0.842452 0.882698 0.843922 0.871211 0.846863 0.866616 0.849803 0.865238 0.85642 0.867535 0.863404 0.872589 0.870387 0.882238 0.874327 0.889842 0.871743 0.889549 0.867765 0.889751 0.862645 0.889751 0.858706 0.890736 0.847677 0.892705 0.844526 0.89566 0.844552 0.895797 0.84429 0.895563
0 9 0.847693 0.887054 0.845149 0.887407 0.843736 0.887054 0.843453 0.884228 0.844866 0.881755 0.847127 0.882815 0.847693 0.885288 0.847693 0.887054 0.858279 0.886417 0.859375 0.889646 0.861254 0.890527 0.863211 0.890429 0.86415 0.888277 0.863602 0.88583 0.862819 0.884265 0.86141 0.883286 0.859923 0.88358 0.858279 0.886417
3 9 0.871813 0.947851 0.872886 0.947851 0.876825 0.943912 0.877262 0.942817 0.891747 1 0.884763 1
2 17 0.485281 0.88153 0.489099 0.877818 0.493342 0.876757 0.501403 0.876757 0.510312 0.878878 0.522616 0.881 0.529828 0.881 0.534297 0.883203 0.533222 0.886833 0.530677 0.896379 0.527707 0.902213 0.526434 0.903804 0.511585 0.920775 0.506069 0.922896 0.502675 0.921835 0.498433 0.916002 0.491645 0.901683 0.486978 0.888955
1 17 0.485234 0.881445 0.486928 0.858444 0.493449 0.838379 0.500973 0.831481 0.510002 0.828346 0.51853 0.8296 0.526054 0.835244 0.531572 0.845276 0.53408 0.856563 0.536087 0.871612 0.534375 0.88291 0.529828 0.881 0.522616 0.881 0.510312 0.878878 0.501403 0.876757 0.493342 0.876757 0.489099 0.877818
3 17 0.477385 0.999023 0.499553 0.917541 0.502675 0.921835 0.506069 0.922896 0.507891 0.922195 0.487664 0.999023
4 27 0.00100571 0.692124 0.0613485 0.681739 0.153758 0.674998 0.224965 0.673128 0.229966 0.678772 0.23031 0.678847 0.230193 0.678964 0.132332 0.684836 0.074758 0.687934 0.000714202 0.699594 0 0.696254
3 27 0.245273 0.674528 0.257061 0.678331 0.271892 0.68356 0.281316 0.6866 0.278885 0.692678 0.278755 0.694132 0.265427 0.687838 0.254019 0.684035 0.229966 0.678772 0.224656 0.672779 0.228499 0.671752 0.235178 0.6723
2 27 0.278517 0.696813 0.278885 0.692678 0.281825 0.685326 0.288441 0.678434 0.29469 0.674758 0.300204 0.67338 0.306085 0.673839 0.313281 0.676758 0.312188 0.684668 0.311094 0.689941 0.310547 0.700684 0.310234 0.708984 0.310078 0.714551 0.308984 0.722168 0.305717 0.722084 0.301674 0.721165 0.297263 0.719787 0.288809 0.712895 0.280722 0.703246
1 27 0.310391 0.699609 0.311172 0.689844 0.312344 0.684375 0.313516 0.676855 0.321179 0.680099 0.326348 0.683114 0.330482 0.688283 0.333239 0.696035 0.333928 0.704649 0.332205 0.713263 0.327656 0.718457 0.324063 0.721387 0.319801 0.7236 0.311532 0.722739 0.309141 0.722363 0.309297 0.719727 0.309922 0.714746 0.310156 0.708691
4 37 0.423385 0.072939 0.430475 0.048813 0.440716 0 0.446624 0 0.431263 0.074416 0.431118 0.074596 0.423787 0.073578
3 37 0.408418 0.144099 0.421146 0.088414 0.423692 0.073565 0.431328 0.074626 0.42454 0.103264 0.416271 0.146678 0.415349 0.144994 0.411869 0.143907 0.408958 0.144362
2 37 0.388516 0.193164 0.390694 0.177627 0.394959 0.163652 0.402705 0.148756 0.407228 0.144632 0.411869 0.143907 0.415349 0.144994 0.41912 0.151883 0.422601 0.162398 0.422601 0.172913 0.41912 0.19213 0.41825 0.196843 0.415349 0.197568 0.410999 0.197206 0.405777 0.19503 0.395625 0.19503 0.390694 0.193217
1 37 0.388672 0.193457 0.390694 0.193217 0.395625 0.19503 0.405777 0.19503 0.410999 0.197206 0.415349 0.197568 0.418298 0.196582 0.418447 0.197202 0.416669 0.208317 0.4124 0.217654 0.404575 0.220767 0.398173 0.219877 0.392126 0.214097 0.38928 0.207873 0.388569 0.201203
4 48 0.899938 0.406846 0.900603 0.405777 0.920752 0.394383 0.939463 0.382988 0.953855 0.372194 0.963 0.365625 0.979 0.352187 0.991125 0.335 0.999219 0.323594 0.999219 0.335938 0.98225 0.361406 0.96425 0.376563 0.941989 0.391444 0.900354 0.416526 0.900152 0.41654
3 48 0.82875 0.426885 0.859461 0.420846 0.873886 0.417664 0.885341 0.412361 0.889584 0.409179 0.899907 0.40543 0.900154 0.416673 0.884493 0.42668 0.867522 0.434104 0.854794 0.437286 0.847157 0.438877 0.836556 0.441244 0.836768 0.440682 0.835495 0.434318 0.830828 0.427954
2 48 0.793359 0.426074 0.799433 0.425302 0.808342 0.423711 0.818949 0.423711 0.823616 0.424242 0.830828 0.427954 0.835495 0.434318 0.836768 0.440682 0.833374 0.449698 0.828932 0.452345 0.811312 0.46879 0.807918 0.472502 0.804375 0.476074 0.802031 0.468848 0.799453 0.459863 0.798359 0.452246 0.796016 0.445312 0.795937 0.440234 0.794687 0.43418
1 48 0.758279 0.455001 0.760825 0.444925 0.766764 0.4375 0.773553 0.432727 0.788402 0.426893 0.79375 0.426074 0.794531 0.430957 0.794766 0.434961 0.795859 0.440234 0.796016 0.445312 0.798125 0.452051 0.799219 0.460352 0.801875 0.468945 0.804297 0.475879 0.793917 0.479927 0.784583 0.481518 0.774401 0.480987 0.762946 0.473563 0.759552 0.464547
0 48 0.789845 0.455583 0.790475 0.451252 0.792995 0.450465 0.796144 0.45204 0.797089 0.454796 0.796774 0.457945 0.794254 0.45952 0.79142 0.459127
4 59 0.782693 0.429136 0.81345 0.391605 0.839972 0.363057 0.856919 0.337432 0.859986 0.324396 0.86244 0.295254 0.863667 0.263813 0.852809 0.160297 0.851335 0.149409 0.840233 0.112023 0.837474 0.096155 0.838578 0.083736 0.845866 0.067362 0.869691 0.044844 0.901051 0.031987 0.909786 0.031043 0.909205 0.036854 0.905137 0.039033 0.883056 0.046297 0.866204 0.060098 0.855163 0.070994 0.84819 0.07971 0.84517 0.0889392 0.845866 0.110218 0.855757 0.143211 0.865623 0.212637 0.870853 0.259125 0.869691 0.296896 0.866785 0.323046 0.863299 0.335394 0.857488 0.349921 0.847028 0.366628 0.796722 0.425693 0.788402 0.426893 0.782693 0.429136 0.760839 0.467966 0.762946 0.473563 0.76483 0.474784 0.762304 0.482363 0.74297 0.507393 0.725018 0.523792 0.694169 0.550555 0.688357 0.554366 0.682046 0.546334 0.682208 0.546233 0.71328 0.522929 0.736066 0.503077 0.749875 0.484089 0.760839 0.467966
3 59 0.617249 0.57579 0.635406 0.570552 0.65865 0.559657 0.682165 0.54591 0.688357 0.554366 0.669691 0.564741 0.633082 0.581448 0.618469 0.587929 0.619609 0.581089 0.617772 0.576035
2 59 0.57403 0.594414 0.575133 0.591657 0.585057 0.583846 0.597922 0.576035 0.604539 0.573278 0.61189 0.573278 0.617772 0.576035 0.619609 0.581089 0.617772 0.592116 0.61189 0.608657 0.611155 0.610495 0.606744 0.621522 0.600496 0.628415 0.59976 0.630252 0.594982 0.626117 0.592041 0.621063 0.58763 0.616009 0.581382 0.610036 0.578073 0.603603 0.576236 0.599468
1 59 0.557762 0.620265 0.559731 0.61091 0.565246 0.60254 0.573517 0.593185 0.574396 0.593498 0.57403 0.594414 0.576236 0.599468 0.578073 0.603603 0.581382 0.610036 0.58763 0.616009 0.592041 0.621063 0.594982 0.626117 0.598867 0.629479 0.590455 0.640452 0.580607 0.643406 0.571154 0.642914 0.563276 0.637005 0.559731 0.630112
0 37 0.407344 0.201465 0.406875 0.204492 0.407578 0.207129 0.410547 0.208301 0.412344 0.205078 0.412969 0.200684 0.412031 0.197168 0.409844 0.197266 0.40875 0.198145
0 27 0.316758 0.701396 0.315889 0.703134 0.316497 0.70661 0.317627 0.707479 0.319626 0.707479 0.321103 0.705849 0.320495 0.702591 0.31867 0.701504
