1 8 0.783079 0.854963 0.784903 0.848533 0.790234 0.841699 0.801719 0.83623 0.80125 0.839746 0.800313 0.847461 0.800156 0.857324 0.800156 0.864746 0.801016 0.871875 0.802266 0.877051 0.798984 0.875293 0.791564 0.869282 0.786473 0.863979
2 8 0.84502 0.867014 0.832198 0.874452 0.821711 0.878592 0.814536 0.879282 0.807344 0.878223 0.802344 0.876855 0.801016 0.872266 0.800156 0.864551 0.800078 0.857227 0.800781 0.844629 0.801797 0.836621 0.8075 0.834277 0.820607 0.831676 0.831646 0.835126 0.841029 0.838575 0.848757 0.846855 0.850413 0.855824 0.847653 0.863413
3 8 0.847893 0.862751 0.850413 0.855824 0.850108 0.854174 0.861212 0.856623 0.882358 0.859496 0.909104 0.861638 0.909481 0.871564 0.87914 0.868116 0.856615 0.865817
4 8 0.908557 0.871459 0.909481 0.871564 0.909117 0.861977 0.930913 0.861977 0.958502 0.864486 1 0.862604 1 0.873264 0.964521 0.874518 0.928906 0.873891 0.909343 0.872637
4 14 0.000134005 0.165322 0.0312232 0.164317 0.0470358 0.165155 0.0607043 0.166997 0.074122 0.170152 0.091679 0.170779 0.100708 0.167644 0.115255 0.167017 0.142179 0.17018 0.176955 0.174541 0.230603 0.192915 0.258908 0.20251 0.27522 0.207907 0.297289 0.205509 0.297604 0.205738 0.297604 0.21542 0.286811 0.21718 0.27105 0.216111 0.248186 0.209655 0.207053 0.195233 0.173945 0.18332 0.146858 0.177676 0.124786 0.174541 0.113249 0.174541 0.0982 0.175795 0.086663 0.178303 0.075125 0.178303 0.059073 0.175168 0.0415416 0.17085 0 0.170152
3 14 0.297604 0.205539 0.309195 0.204159 0.33348 0.201399 0.342312 0.196569 0.347279 0.19381 0.351143 0.18691 0.352116 0.180829 0.355376 0.186942 0.359869 0.187806 0.352247 0.202779 0.342312 0.211058 0.330169 0.212438 0.318578 0.214508 0.297604 0.215888
2 14 0.347851 0.163741 0.349858 0.144303 0.357812 0.134473 0.360392 0.136779 0.367916 0.143676 0.374437 0.151201 0.379454 0.156217 0.388984 0.163114 0.390859 0.165625 0.38748 0.171266 0.382713 0.178073 0.368919 0.186942 0.361897 0.188196 0.355376 0.186942 0.351363 0.179417
1 14 0.358047 0.134082 0.363142 0.130616 0.376473 0.122571 0.385208 0.120273 0.393942 0.123146 0.398539 0.13234 0.399919 0.142109 0.39762 0.152453 0.390724 0.165095 0.388984 0.163114 0.379454 0.156217 0.374437 0.151201 0.367916 0.143676 0.360392 0.136779
3 24 0.819371 0.169837 0.825433 0.158472 0.834462 0.148439 0.850012 0.13778 0.863556 0.135899 0.871582 0.135272 0.875306 0.1436 0.869576 0.14405 0.863055 0.14405 0.853022 0.147812 0.841485 0.155964 0.832957 0.162861 0.826249 0.175719 0.821536 0.17067
4 24 0.870039 0.135392 0.871738 0.134642 0.906795 0.135627 1 0.138581 1 0.147936 0.888282 0.143013 0.874828 0.142532 0.871582 0.135272
2 24 0.784687 0.20625 0.786719 0.198828 0.794157 0.186832 0.801001 0.177325 0.806706 0.172096 0.811269 0.169719 0.816593 0.168769 0.821536 0.17067 0.82686 0.176374 0.829142 0.185881 0.829903 0.200142 0.828001 0.212976 0.825859 0.222363 0.821172 0.220703 0.816484 0.220703 0.807734 0.217773 0.80125 0.213867 0.792344 0.210547
1 24 0.779589 0.226715 0.781795 0.215131 0.784687 0.20625 0.792109 0.210254 0.800859 0.213965 0.807734 0.217578 0.816563 0.220215 0.820625 0.220898 0.825703 0.222559 0.821951 0.233334 0.815773 0.243814 0.80783 0.250985 0.800329 0.25264 0.791503 0.252088 0.784001 0.244918 0.780913 0.23554
4 34 0.35162 0.761047 0.375298 0.779632 0.395439 0.789378 0.404535 0.787753 0.413631 0.782068 0.421428 0.773135 0.429874 0.756892 0.429874 0.743897 0.424677 0.730903 0.411682 0.721157 0.399338 0.720345 0.389592 0.721969 0.376598 0.730903 0.37075 0.742273 0.362304 0.751206 0.357756 0.744709 0.359705 0.738212 0.365553 0.72603 0.375948 0.71466 0.392841 0.708162 0.405835 0.70735 0.420778 0.711411 0.431174 0.71872 0.436371 0.734963 0.437671 0.758516 0.428575 0.781256 0.415581 0.795875 0.398038 0.798311 0.372699 0.787753 0.349321 0.768027 0.35162 0.761047 0.313858 0.735465 0.307624 0.741402 0.304949 0.740887 0.296118 0.737438 0.282319 0.736058 0.27128 0.736058 0.259138 0.740197 0.248651 0.751236 0.242579 0.765035 0.237612 0.785733 0.235956 0.799532 0.239796 0.809666 0.23498 0.816781 0.233748 0.816781 0.232092 0.811951 0.229333 0.805052 0.229884 0.787113 0.235956 0.765035 0.243131 0.745027 0.25417 0.736748 0.265209 0.731918 0.279008 0.727778 0.298326 0.729158 0.312676 0.733988 0.313858 0.735465
3 34 0.234794 0.817056 0.240312 0.808905 0.249842 0.822073 0.257367 0.824581 0.265894 0.824581 0.271412 0.822073 0.27994 0.815175 0.289471 0.80577 0.292415 0.803561 0.29308 0.805638 0.29584 0.808398 0.29958 0.808279 0.288468 0.823327 0.27392 0.832105 0.265894 0.833986 0.251849 0.830224 0.241816 0.823327
2 34 0.290872 0.798739 0.291424 0.78425 0.294736 0.767691 0.299151 0.759412 0.303125 0.761914 0.307431 0.765622 0.315158 0.770451 0.328405 0.778731 0.33558 0.78218 0.339766 0.784473 0.328022 0.796401 0.320039 0.803249 0.31571 0.804258 0.305857 0.808079 0.29584 0.808398 0.29308 0.805638
1 34 0.299183 0.758459 0.304199 0.744664 0.314733 0.734631 0.322759 0.732123 0.331788 0.733377 0.343326 0.738393 0.351352 0.747799 0.351853 0.76034 0.348342 0.770999 0.339844 0.784375 0.336797 0.783301 0.33558 0.78218 0.328405 0.778731 0.315158 0.770451 0.307431 0.765622 0.302891 0.762109 0.299464 0.759356
4 42 0.609375 0.347517 0.611345 0.344438 0.633441 0.338397 0.658989 0.333218 0.680394 0.328902 0.694894 0.332355 0.715608 0.335807 0.730108 0.333218 0.753585 0.324587 0.799157 0.309914 0.850253 0.296104 0.870967 0.291789 0.897896 0.290925 0.913777 0.289199 0.926896 0.283157 0.937253 0.276253 0.950373 0.269348 0.96142 0.265895 0.97454 0.262443 1 0.260717 1 0.273663 0.967581 0.273185 0.952243 0.277786 0.935679 0.288523 0.920955 0.293891 0.903164 0.299259 0.887213 0.300026 0.868809 0.300026 0.838134 0.306927 0.817275 0.313829 0.731387 0.339903 0.719117 0.342204 0.706847 0.34297 0.692123 0.339903 0.680467 0.338369 0.668197 0.338369 0.638749 0.346805 0.612134 0.356715
3 42 0.544647 0.422428 0.554763 0.399947 0.568308 0.37532 0.585547 0.358389 0.608942 0.346075 0.612636 0.358389 0.585547 0.376859 0.574465 0.396869 0.554003 0.429177 0.549264 0.423253
2 42 0.507683 0.453302 0.512231 0.446805 0.519377 0.441932 0.525225 0.432999 0.533021 0.426501 0.540168 0.421629 0.549264 0.423253 0.554462 0.42975 0.555761 0.436247 0.553163 0.444369 0.547315 0.462236 0.542056 0.487096 0.538219 0.484976 0.530423 0.475231 0.523276 0.466297 0.516129 0.461424 0.509632 0.455739
1 42 0.497741 0.494398 0.498322 0.478418 0.501228 0.464617 0.508119 0.453849 0.509632 0.455739 0.516129 0.461424 0.523276 0.466297 0.530423 0.475231 0.538219 0.484976 0.540161 0.4868 0.541898 0.487294 0.541323 0.49004 0.53435 0.503841 0.522728 0.511831 0.511106 0.513284 0.500065 0.505294
4 52 0.147229 0.53311 0.14893 0.525667 0.157436 0.52673 0.169236 0.532337 0.177688 0.536718 0.205921 0.545869 0.2459 0.554375 0.298363 0.557761 0.319864 0.557761 0.343107 0.556309 0.361121 0.553403 0.381459 0.547592 0.452934 0.528707 0.480245 0.520716 0.523828 0.516358 0.566829 0.516358 0.567849 0.517315 0.567211 0.517254 0.567211 0.527294 0.500339 0.527294 0.457701 0.537363 0.41432 0.551185 0.374341 0.565008 0.319052 0.570324 0.263762 0.566071 0.224635 0.560755 0.172747 0.549059 0.152333 0.541616
3 52 0.567211 0.517254 0.586366 0.519095 0.623201 0.524621 0.643773 0.533192 0.642656 0.540873 0.642748 0.542027 0.604783 0.531988 0.567211 0.528304
2 52 0.642656 0.540873 0.643883 0.532437 0.650018 0.525536 0.661061 0.520168 0.678238 0.520168 0.678238 0.527069 0.674557 0.538572 0.67333 0.550842 0.672103 0.566947 0.672103 0.574615 0.670263 0.573082 0.656153 0.56848 0.648791 0.561579 0.643269 0.548542
1 52 0.672103 0.566947 0.67333 0.550842 0.674557 0.538572 0.678238 0.527069 0.678238 0.520168 0.677424 0.520168 0.677718 0.519814 0.6878 0.521128 0.700899 0.526714 0.707523 0.534303 0.710282 0.545342 0.707523 0.559141 0.705315 0.56742 0.699795 0.5757 0.694276 0.578459 0.680477 0.577079 0.672103 0.573808
4 62 0.643196 0.558118 0.604463 0.54216 0.528745 0.52196 0.492628 0.506284 0.46855 0.49437 0.423403 0.473678 0.393808 0.466154 0.371736 0.464272 0.349163 0.464272 0.278337 0.464929 0.230508 0.470842 0.204755 0.478069 0.188462 0.484639 0.176373 0.487267 0.165336 0.487267 0.153773 0.483982 0.143787 0.478726 0.071747 0.45142 0.057453 0.448172 0.050307 0.45142 0.049657 0.455481 0.056804 0.457917 0.098385 0.473348 0.149713 0.490404 0.170504 0.496901 0.183498 0.495276 0.197142 0.489591 0.212735 0.483094 0.233526 0.480658 0.260814 0.474973 0.31604 0.471724 0.367367 0.4701 0.412198 0.479846 0.448582 0.495276 0.489514 0.513144 0.563198 0.538749 0.645592 0.567807
3 62 0.643196 0.558118 0.647875 0.559416 0.648791 0.561579 0.656153 0.56848 0.670263 0.573082 0.672103 0.574615 0.672103 0.573808 0.680477 0.577079 0.692888 0.578321 0.715858 0.585786 0.71454 0.591557 0.716765 0.598049 0.691665 0.589492 0.65915 0.574154 0.645592 0.567807
2 62 0.71454 0.591557 0.716747 0.581897 0.724475 0.574998 0.735514 0.569479 0.745859 0.566406 0.756953 0.567285 0.756487 0.570168 0.755936 0.579138 0.755936 0.591557 0.756487 0.603976 0.756487 0.618464 0.755703 0.622168 0.746719 0.620898 0.737154 0.61699 0.727234 0.609495 0.717851 0.601216
1 62 0.757109 0.567187 0.763727 0.568102 0.778599 0.574698 0.786276 0.580695 0.788674 0.59149 0.786755 0.603484 0.782917 0.613679 0.775721 0.620275 0.766126 0.622075 0.755765 0.622075 0.756487 0.618464 0.756487 0.603976 0.755936 0.591557 0.755936 0.579138 0.756487 0.570168
0 34 0.309375 0.756641 0.308828 0.758984 0.30875 0.762695 0.311328 0.763281 0.313125 0.760938 0.313594 0.757812 0.311797 0.75498 0.310078 0.755371
