4 6 0.678777 0.764666 0.68233 0.772808 0.675157 0.78238 0.664611 0.799742 0.662296 0.806815 0.658695 0.816782 0.656123 0.830286 0.650319 0.871778 0.64532 0.912916 0.645611 0.950009 0.647959 1 0.637562 1 0.63622 0.928629 0.640283 0.88133 0.642336 0.868357 0.645946 0.834721 0.653995 0.802021 0.661709 0.781898
3 6 0.729312 0.720497 0.734642 0.733081 0.718849 0.742211 0.707203 0.749861 0.689831 0.763925 0.68233 0.772808 0.678777 0.764666 0.693385 0.750601 0.718257 0.729874
2 6 0.763281 0.683594 0.769375 0.695898 0.772031 0.70332 0.774844 0.712988 0.778047 0.726172 0.771358 0.730861 0.763265 0.734562 0.755369 0.736536 0.746881 0.736783 0.74313 0.736289 0.734642 0.733081 0.729312 0.720497 0.728917 0.713835 0.730694 0.705939 0.738787 0.695328 0.74767 0.690146
1 6 0.763125 0.683594 0.769609 0.69541 0.772188 0.703027 0.774844 0.712695 0.778125 0.726172 0.783202 0.721484 0.789914 0.713341 0.792678 0.705939 0.792678 0.697796 0.791493 0.692614 0.788927 0.687432 0.785176 0.684965 0.78261 0.683237 0.779452 0.68225 0.769977 0.682497
4 13 0.561711 0.797193 0.566334 0.807243 0.539118 0.818524 0.5008 0.826603 0.428783 0.835259 0.357688 0.846801 0.319832 0.853148 0.29675 0.853148 0.283362 0.850263 0.274129 0.843915 0.271821 0.835259 0.270897 0.82718 0.273206 0.816216 0.27736 0.806406 0.281977 0.798904 0.290748 0.792556 0.30506 0.78794 0.374307 0.782169 0.461098 0.773513 0.542725 0.763181 0.595439 0.75447 0.598671 0.757932 0.598209 0.760818 0.58667 0.766631 0.527015 0.776449 0.451865 0.784477 0.357226 0.79371 0.310599 0.798327 0.302751 0.799481 0.295827 0.802366 0.28844 0.806983 0.284747 0.812754 0.281515 0.820256 0.280592 0.829489 0.283362 0.837568 0.288902 0.842761 0.299058 0.843915 0.310599 0.842184 0.369229 0.832951 0.422781 0.824295 0.480949 0.819678 0.536809 0.808714
3 13 0.613367 0.763777 0.620402 0.775335 0.609749 0.781113 0.590067 0.790779 0.566334 0.807243 0.561711 0.797193 0.58391 0.782686 0.603921 0.771315
2 13 0.640329 0.727881 0.648341 0.749456 0.656205 0.77968 0.647336 0.781867 0.630854 0.778601 0.620402 0.775335 0.613367 0.763777 0.616784 0.751969 0.620603 0.743929 0.624221 0.737397 0.631658 0.73212
1 13 0.64015 0.727208 0.648341 0.749456 0.656385 0.779456 0.663818 0.777596 0.673868 0.768049 0.6805 0.761014 0.682108 0.755738 0.681706 0.747949 0.6805 0.740914 0.677686 0.734382 0.675074 0.729357 0.670652 0.725337 0.665627 0.722824 0.661808 0.721819 0.652964 0.722071
0 13 0.663906 0.746094 0.66163 0.744306 0.658615 0.744557 0.656605 0.747572 0.6556 0.750587 0.656605 0.754859 0.659218 0.756366 0.661429 0.756366 0.663439 0.75511 0.665047 0.752346 0.665047 0.749331
4 21 0.389853 0.711965 0.397043 0.720607 0.359213 0.767219 0.318195 0.826695 0.271025 0.905654 0.234109 0.961028 0.194322 1 0.183247 1 0.223445 0.961028 0.250926 0.924112 0.284561 0.869251 0.345267 0.772859 0.369057 0.73902
3 21 0.443923 0.648873 0.45014 0.662256 0.429988 0.682673 0.397043 0.720607 0.389853 0.711965 0.422209 0.678433 0.437143 0.660112
2 21 0.47061 0.601205 0.482946 0.622866 0.494792 0.646362 0.483642 0.652326 0.468272 0.660097 0.459292 0.661608 0.45014 0.662256 0.443923 0.648873 0.447031 0.637 0.452903 0.624696 0.457047 0.617573 0.464646 0.606564
1 21 0.470708 0.601083 0.483044 0.622866 0.494987 0.646484 0.503112 0.639196 0.509273 0.631722 0.512534 0.624021 0.514346 0.619265 0.514528 0.612696 0.51344 0.605448 0.511447 0.600466 0.506736 0.596162 0.502025 0.592991 0.496589 0.591859 0.491516 0.592312 0.486805 0.593444 0.47394 0.599333
4 28 0.37766 0.368883 0.385941 0.363828 0.377172 0.333449 0.365672 0.26842 0.351367 0.160499 0.34375 0.105306 0.33531 0.062731 0.317181 0 0.305267 0 0.325302 0.0623516 0.334814 0.123018 0.346012 0.199424 0.354475 0.264742 0.362245 0.313303 0.369497 0.343086
3 28 0.409807 0.414463 0.415145 0.402427 0.410206 0.40114 0.404429 0.396566 0.396726 0.389826 0.389985 0.377549 0.385941 0.363828 0.37766 0.368883 0.383245 0.385252 0.394222 0.401862
2 28 0.427768 0.450626 0.438499 0.437796 0.442231 0.428756 0.445264 0.418841 0.447364 0.404261 0.436399 0.40047 0.425435 0.40047 0.415145 0.402427 0.409807 0.414463 0.410971 0.424382 0.414937 0.436046 0.420302 0.443628
1 28 0.447364 0.404261 0.445264 0.418841 0.442231 0.428756 0.438499 0.437796 0.427768 0.450626 0.441765 0.459375 0.450163 0.461708 0.457162 0.460541 0.46626 0.453834 0.469059 0.448294 0.470459 0.439837 0.469992 0.430214 0.467893 0.42234 0.46486 0.415925 0.459261 0.411551 0.453196 0.40601
4 34 0.667139 0.297345 0.667139 0.2874 0.695551 0.284686 0.726643 0.28367 0.763425 0.285195 0.810775 0.293323 0.850363 0.300712 0.907392 0.320964 0.953156 0.335727 1 0.353082 0.999219 0.363249 0.933174 0.338267 0.87962 0.320423 0.823826 0.304669 0.768989 0.295436 0.75397 0.29413 0.728029 0.293757 0.691546 0.295436
3 34 0.610655 0.287082 0.610301 0.297488 0.629037 0.297838 0.657807 0.297129 0.667139 0.297345 0.667139 0.2874 0.649479 0.286009 0.627712 0.286009
2 34 0.571515 0.264233 0.575706 0.277702 0.577701 0.299402 0.579297 0.318608 0.584087 0.318078 0.595422 0.314093 0.603393 0.309665 0.607998 0.303908 0.610301 0.297488 0.610655 0.287082 0.601622 0.271583 0.595777 0.266934 0.58816 0.264499 0.578791 0.263481
1 34 0.571515 0.264233 0.566128 0.264981 0.559343 0.267725 0.555352 0.270967 0.549765 0.277452 0.54757 0.280944 0.546174 0.28718 0.545775 0.292169 0.546972 0.297656 0.548967 0.303642 0.553756 0.312871 0.56493 0.318608 0.574508 0.319356 0.579297 0.318608 0.577701 0.299402 0.575706 0.277702
0 28 0.456797 0.420605 0.453984 0.420703 0.452891 0.422168 0.454375 0.425781 0.457969 0.428223 0.460313 0.428711 0.461406 0.427539 0.461328 0.424805 0.459609 0.42334 0.457813 0.421484
