4 11 0.701269 0.81633 0.701699 0.814808 0.753953 0.749703 0.791809 0.714909 0.854088 0.663097 0.899883 0.630527 0.940451 0.605422 0.999219 0.568308 1 0.581178 0.919622 0.631514 0.877775 0.660136 0.843769 0.688001 0.80016 0.724187 0.766445 0.750938 0.741179 0.77956 0.707998 0.823865
3 11 0.664876 0.876504 0.690907 0.833689 0.700864 0.815877 0.708223 0.824117 0.68631 0.858399 0.670395 0.888524 0.669687 0.882764 0.665193 0.876636
2 11 0.663967 0.925147 0.670095 0.906253 0.671321 0.89604 0.669687 0.882764 0.665193 0.876636 0.660291 0.874593 0.655389 0.874593 0.64681 0.879189 0.639048 0.888381 0.6325 0.899609 0.629141 0.905859 0.635469 0.914062 0.64 0.919043 0.645 0.924414 0.65212 0.931275 0.658438 0.937012 0.661108 0.932296
1 11 0.623183 0.920889 0.626484 0.912109 0.628984 0.905859 0.631953 0.90918 0.635391 0.913867 0.639609 0.91875 0.644688 0.924512 0.65212 0.931275 0.658594 0.936816 0.65319 0.946262 0.647012 0.949572 0.640393 0.949572 0.63245 0.946262 0.625831 0.939643 0.623183 0.932472
4 20 0.000352583 0.962877 0.0469307 0.931562 0.0675289 0.91834 0.0871994 0.903262 0.0977769 0.889113 0.105457 0.871626 0.114107 0.846663 0.125984 0.78357 0.135168 0.729243 0.135917 0.727994 0.141839 0.730432 0.121901 0.845504 0.114107 0.875891 0.107113 0.890944 0.090555 0.913022 0.0582504 0.935273 0 0.976562
3 20 0.137241 0.713657 0.145056 0.675731 0.15069 0.651082 0.154064 0.651685 0.157506 0.650903 0.142358 0.730646 0.135502 0.727823
2 20 0.148545 0.631677 0.150201 0.609598 0.152408 0.59511 0.154616 0.58752 0.16124 0.59373 0.166207 0.599249 0.174486 0.606839 0.181633 0.611933 0.187089 0.613811 0.189145 0.615788 0.192229 0.616677 0.187959 0.623102 0.183317 0.628917 0.180558 0.633056 0.172278 0.642716 0.160136 0.650305 0.154064 0.651685 0.150201 0.650995 0.149097 0.644785
1 20 0.154649 0.587552 0.158492 0.580004 0.168427 0.572414 0.17781 0.568275 0.184434 0.568275 0.192161 0.574484 0.197128 0.585523 0.198232 0.593802 0.197128 0.607601 0.192229 0.616579 0.189303 0.615491 0.187326 0.613811 0.181475 0.611735 0.174486 0.606839 0.166207 0.599249 0.16124 0.59373
4 29 0.465233 0.099861 0.466706 0.083284 0.472733 0.0660616 0.484835 0.0453814 0.494701 0.034477 0.538603 0.000957414 0.552849 0.000574449 0.514859 0.0314032 0.499234 0.0463388 0.482177 0.065787 0.476103 0.0794654 0.473499 0.0928692 0.47702 0.115516 0.485124 0.147747 0.50934 0.23464 0.530055 0.286427 0.549518 0.329408 0.55559 0.348037 0.557246 0.370805 0.557246 0.402542 0.551103 0.440947 0.531417 0.538875 0.513195 0.60779 0.508246 0.60554 0.508106 0.606065 0.507714 0.603944 0.523546 0.537377 0.528344 0.510391 0.542303 0.445303 0.550535 0.382366 0.548464 0.356473 0.541559 0.335758 0.529821 0.311591 0.500595 0.2426 0.493228 0.214973 0.47923 0.152352
3 29 0.485369 0.670201 0.497712 0.638773 0.505738 0.614946 0.508246 0.60554 0.513764 0.608048 0.503731 0.643162 0.491539 0.675746 0.490541 0.672894
2 29 0.449864 0.696865 0.457418 0.682337 0.465554 0.672168 0.473689 0.669262 0.483568 0.669262 0.490541 0.672894 0.494608 0.684516 0.493446 0.696865 0.488216 0.718656 0.485938 0.725684 0.480662 0.724467 0.475432 0.718656 0.464973 0.709939 0.457999 0.704855 0.453351 0.700497
1 29 0.443676 0.720669 0.444202 0.707529 0.449458 0.697674 0.450272 0.69729 0.453351 0.700497 0.457999 0.704855 0.464973 0.709939 0.475432 0.718656 0.480662 0.724467 0.485723 0.725925 0.480467 0.733808 0.472583 0.739064 0.463648 0.743006 0.452611 0.738407 0.446304 0.729867
4 38 0.0664062 0 0.089726 0 0.119362 0.014381 0.189094 0.043436 0.248365 0.06886 0.289623 0.081934 0.332624 0.101546 0.335502 0.103088 0.335983 0.113552 0.269285 0.087019 0.22077 0.0675175 0.153691 0.0420932 0.100081 0.018521
3 38 0.335712 0.113552 0.335655 0.101843 0.34559 0.105982 0.368772 0.113572 0.395249 0.12169 0.393907 0.125465 0.394997 0.133639 0.375395 0.127371 0.351661 0.119091
2 38 0.393907 0.125465 0.396115 0.119255 0.399979 0.114426 0.415433 0.112356 0.433095 0.116496 0.438906 0.118457 0.438984 0.122168 0.437422 0.133691 0.435781 0.140625 0.434141 0.150195 0.430156 0.163965 0.425703 0.162598 0.419849 0.160652 0.412673 0.156512 0.399979 0.144783 0.395011 0.133744
1 38 0.43 0.163867 0.431094 0.160645 0.434063 0.150684 0.436094 0.140625 0.437422 0.13418 0.438828 0.125977 0.439141 0.12207 0.438906 0.118164 0.448901 0.121797 0.455924 0.128067 0.459435 0.135591 0.459937 0.145624 0.457429 0.15503 0.451911 0.164435 0.444888 0.16757 0.434856 0.165689
4 45 0.680934 0.534352 0.671798 0.548786 0.657585 0.56359 0.637846 0.582343 0.608632 0.60603 0.57547 0.624783 0.550993 0.636627 0.517831 0.642548 0.496512 0.647483 0.4823 0.657353 0.457034 0.667223 0.43422 0.675209 0.404787 0.679151 0.383238 0.681779 0.353805 0.683092 0.328577 0.681779 0.289844 0.679883 0.262879 0.671267 0.247637 0.66404 0.236075 0.651557 0.210321 0.623307 0.20454 0.615423 0.201386 0.615423 0.198233 0.616737 0.198233 0.619365 0.231551 0.659707 0.249531 0.674414 0.266719 0.683008 0.286188 0.687344 0.333944 0.690966 0.373586 0.691835 0.425035 0.684938 0.459326 0.671759 0.485712 0.660964 0.51398 0.654659 0.56871 0.638775 0.597015 0.623783 0.629638 0.600994 0.662412 0.572074 0.680972 0.550754 0.68991 0.537804
3 45 0.680934 0.534352 0.688529 0.523995 0.692672 0.501554 0.696124 0.484291 0.691981 0.469618 0.686945 0.464316 0.689571 0.463054 0.691314 0.457243 0.690735 0.452537 0.699577 0.46444 0.70372 0.480839 0.70372 0.496375 0.699577 0.518816 0.68991 0.537804
2 45 0.651875 0.462109 0.651328 0.452637 0.652266 0.447559 0.653906 0.439063 0.655234 0.431934 0.656328 0.42666 0.658438 0.421094 0.66 0.419043 0.6625 0.414648 0.670395 0.420198 0.68376 0.437631 0.690152 0.4478 0.691314 0.457243 0.689571 0.463054 0.682017 0.466686 0.676206 0.469591 0.665746 0.469591 0.658438 0.466211
1 45 0.631797 0.416016 0.636972 0.408855 0.643279 0.407541 0.655367 0.410169 0.662109 0.414551 0.660156 0.418848 0.658359 0.421289 0.65625 0.427051 0.65375 0.43877 0.652266 0.447363 0.651172 0.452441 0.651688 0.462071 0.638548 0.450245 0.633293 0.439733 0.630665 0.427907
4 55 0.396996 0.118155 0.396115 0.119255 0.395249 0.12169 0.39378 0.12124 0.38507 0.114177 0.360443 0.089366 0.3427 0.070325 0.333397 0.056973 0.332019 0.051374 0.332363 0.047498 0.334431 0.046637 0.339599 0.050944 0.352692 0.071617 0.374743 0.095736 0.396996 0.118155 0.459435 0.135591 0.459937 0.145624 0.469997 0.158571 0.483493 0.175442 0.503739 0.188479 0.518462 0.192313 0.550364 0.183878 0.599443 0.16624 0.674838 0.141433 0.669642 0.129412 0.624327 0.148 0.573411 0.166689 0.542389 0.176209 0.527051 0.181577 0.517235 0.183878 0.510487 0.182344 0.501285 0.177743 0.490242 0.167773 0.459435 0.135591
3 55 0.669642 0.129412 0.705004 0.11744 0.732999 0.110073 0.747032 0.102555 0.747783 0.109126 0.751075 0.113242 0.749943 0.113757 0.731525 0.122966 0.675377 0.141433
2 55 0.779447 0.106727 0.765534 0.112724 0.758817 0.114524 0.7521 0.114524 0.747783 0.109126 0.746823 0.10073 0.748742 0.089936 0.75306 0.076742 0.764574 0.059951 0.767969 0.0543945 0.770811 0.058152 0.774169 0.064149 0.778007 0.070146 0.781845 0.076742 0.785204 0.083939 0.789042 0.090536 0.79288 0.096533 0.794453 0.0992187 0.789042 0.103129
1 55 0.767813 0.0545898 0.780606 0.042835 0.79164 0.038813 0.801753 0.038813 0.810947 0.04341 0.817383 0.052604 0.818763 0.061799 0.816464 0.07559 0.810947 0.085359 0.802673 0.092255 0.794375 0.0991211 0.79288 0.096533 0.789042 0.090536 0.785204 0.083939 0.781845 0.076742 0.778007 0.070146 0.774169 0.064149 0.770811 0.058152
0 38 0.439687 0.151758 0.4375 0.15332 0.437969 0.155957 0.438672 0.157422 0.441563 0.158496 0.443125 0.156543 0.443281 0.15332 0.442266 0.151855 0.441172 0.151855
0 45 0.64107 0.421926 0.639655 0.425463 0.640261 0.427105 0.643091 0.426979 0.644203 0.4242 0.64299 0.421547
