4 7 0.296884 0.384984 0.301148 0.373094 0.218932 0.348056 0.118382 0.320542 0 0.291246 0 0.300715 0.085709 0.320208 0.139177 0.335803 0.228735 0.363093
3 7 0.372252 0.415772 0.373951 0.406214 0.377349 0.403028 0.34379 0.389905 0.301148 0.373094 0.296884 0.384984 0.329685 0.396875
1 7 0.407084 0.447984 0.408327 0.44468 0.409592 0.437681 0.411398 0.427746 0.414379 0.418375 0.418411 0.410462 0.420677 0.405152 0.434419 0.412809 0.438406 0.419972 0.439402 0.428692 0.437907 0.437723 0.433921 0.446132 0.428689 0.450492 0.42271 0.451426 0.415983 0.450492
2 7 0.404266 0.445827 0.391225 0.438073 0.38273 0.432055 0.376216 0.425329 0.372252 0.415772 0.373951 0.406214 0.377349 0.403028 0.386128 0.398072 0.394057 0.397364 0.404252 0.398426 0.420677 0.405152 0.418411 0.410462 0.414379 0.418149 0.411759 0.42673 0.409592 0.437342 0.408327 0.445019 0.407084 0.447984
4 14 0.746597 0.732539 0.752828 0.723192 0.788824 0.771264 0.837715 0.818725 0.875684 0.84278 0.915194 0.859463 0.963063 0.872037 1 0.879189 1 0.890891 0.952141 0.878538 0.901689 0.864885 0.856688 0.843556 0.819511 0.816774 0.783103 0.780366
3 14 0.695268 0.672028 0.701347 0.669369 0.703779 0.665569 0.726967 0.691256 0.752828 0.723192 0.746597 0.732539 0.720736 0.702161
1 14 0.656362 0.646952 0.671863 0.631374 0.68007 0.620355 0.687973 0.611996 0.680511 0.601068 0.670368 0.596359 0.657328 0.599257 0.652111 0.603966 0.650083 0.614471 0.649214 0.626425 0.653271 0.64019
2 14 0.660087 0.65271 0.673079 0.665189 0.683718 0.670128 0.695268 0.672028 0.701347 0.669369 0.703779 0.665569 0.704083 0.646952 0.699827 0.628334 0.687973 0.611996 0.68007 0.620355 0.671863 0.631374 0.656362 0.646952
4 21 0.643907 0.703426 0.643561 0.690873 0.694147 0.696048 0.72495 0.693756 0.761988 0.68138 0.814162 0.663868 0.862037 0.65029 0.909275 0.640913 0.999219 0.62282 0.999219 0.63233 0.90445 0.649959 0.833071 0.666382 0.794047 0.678451 0.745367 0.695047 0.718412 0.703093 0.699102 0.704602 0.673354 0.704602
3 21 0.559322 0.684713 0.559915 0.674328 0.586078 0.678753 0.630056 0.686545 0.643561 0.690873 0.643907 0.703426 0.618628 0.696933 0.585385 0.689575
1 21 0.520157 0.699919 0.524311 0.685455 0.525795 0.669507 0.525795 0.655042 0.524904 0.643545 0.514113 0.642737 0.501942 0.645635 0.492379 0.653605 0.489191 0.663385 0.49064 0.676063 0.495856 0.686568 0.502811 0.693451 0.509766 0.697073
2 21 0.522827 0.699919 0.537069 0.699548 0.550718 0.693614 0.556355 0.689163 0.559322 0.684713 0.559915 0.674328 0.553388 0.662089 0.543893 0.652817 0.524904 0.643545 0.525795 0.655042 0.525795 0.669507 0.524311 0.685455 0.520157 0.699919
4 28 0.667169 0.560401 0.674385 0.566962 0.658815 0.588152 0.652111 0.603966 0.645954 0.623225 0.644006 0.658785 0.652396 0.688041 0.676115 0.752713 0.704874 0.8235 0.750757 0.924267 0.794422 1 0.785956 1 0.740954 0.926495 0.710359 0.861673 0.684861 0.798298 0.658918 0.732885 0.638644 0.672343 0.635284 0.641146 0.637204 0.612348 0.649051 0.582851
3 28 0.720417 0.50099 0.721743 0.506292 0.725984 0.509605 0.709155 0.523499 0.674385 0.566962 0.667169 0.560401 0.68849 0.53375 0.704563 0.514889
1 28 0.735792 0.45659 0.739768 0.463548 0.751431 0.477133 0.755407 0.486411 0.760709 0.494032 0.77381 0.480093 0.779149 0.46897 0.780166 0.456259 0.776099 0.446089 0.766438 0.437191 0.761099 0.435602 0.755251 0.436237 0.749912 0.439733 0.743556 0.446089
2 28 0.759118 0.496351 0.744274 0.505629 0.730755 0.508611 0.725984 0.509605 0.721743 0.506292 0.720417 0.50099 0.722008 0.486411 0.727044 0.469512 0.735792 0.45659 0.739768 0.463548 0.751431 0.477133 0.755407 0.486411 0.760709 0.494032
4 35 0.828419 0.493358 0.832376 0.485369 0.860528 0.509212 0.879603 0.517882 0.892435 0.517882 0.899024 0.512246 0.902493 0.502275 0.902493 0.492738 0.897637 0.482767 0.888967 0.477131 0.87336 0.471929 0.84943 0.466293 0.812105 0.462084 0.800936 0.449255 0.800876 0.448952 0.832783 0.456322 0.866771 0.458923 0.883071 0.461525 0.898678 0.470628 0.908735 0.486669 0.909429 0.50401 0.906308 0.514414 0.900412 0.523518 0.893129 0.52742 0.875788 0.52742 0.861222 0.523084 0.841106 0.507478 0.828419 0.493358 0.828419 0.493358 0.804983 0.470531 0.787939 0.447703 0.781444 0.437615 0.785386 0.43392 0.786699 0.430224 0.798592 0.446562 0.832376 0.485369 0.828419 0.493358
1 35 0.745967 0.39368 0.761077 0.391627 0.769947 0.385878 0.775859 0.38013 0.768961 0.364937 0.759435 0.359599 0.751551 0.358778 0.742682 0.365758 0.740054 0.374381 0.740711 0.384646
2 35 0.749252 0.402713 0.760749 0.424476 0.76929 0.434741 0.776516 0.437615 0.781444 0.437615 0.785386 0.43392 0.786699 0.430224 0.786042 0.410515 0.780458 0.391216 0.775859 0.38013 0.769947 0.385878 0.761077 0.391627 0.745967 0.39368
0 7 0.417991 0.418714 0.415824 0.422101 0.416366 0.425939 0.418262 0.427859 0.421423 0.428084 0.423772 0.425375 0.424043 0.421762 0.423049 0.417924 0.420069 0.417246
0 28 0.763672 0.452637 0.763203 0.455469 0.764453 0.458691 0.765937 0.45957 0.767578 0.458691 0.76875 0.456641 0.768672 0.453125 0.766953 0.451758 0.765078 0.451758
