4 8 0.057414 0.392735 0.062482 0.405117 0.046818 0.41462 0 0.44284 0 0.429018 0.040137 0.404254
3 8 0.115237 0.353573 0.1233 0.364803 0.112703 0.371138 0.094043 0.384384 0.076074 0.396191 0.062482 0.405117 0.057414 0.392735 0.079069 0.378913 0.104409 0.362787
2 8 0.132812 0.317188 0.136484 0.312402 0.139688 0.321387 0.142969 0.329102 0.147578 0.333691 0.159922 0.338867 0.163594 0.345117 0.167266 0.352441 0.164453 0.355176 0.157578 0.358691 0.144263 0.364803 0.133666 0.365667 0.1233 0.364803 0.115237 0.353573 0.115467 0.34695 0.115928 0.340327 0.118462 0.333703 0.126525 0.324489
1 8 0.136406 0.312305 0.141038 0.307499 0.156933 0.299148 0.168221 0.299148 0.176284 0.304044 0.184117 0.313546 0.185729 0.321321 0.185729 0.331688 0.17997 0.343494 0.171677 0.349541 0.1675 0.352148 0.163828 0.34502 0.159531 0.338574 0.147656 0.333496 0.143047 0.328809 0.139688 0.321387
0 8 0.162704 0.324952 0.155332 0.323512 0.151186 0.32236 0.1475 0.32092 0.144044 0.32236 0.143353 0.326679 0.145196 0.328983 0.150956 0.331863 0.162474 0.332439 0.163395 0.330423 0.162704 0.324952 0.162812 0.324707 0.164609 0.321875 0.165313 0.316309 0.163125 0.312012 0.160391 0.311816 0.155234 0.313086 0.152095 0.317002 0.150938 0.322168 0.155625 0.32373 0.162812 0.324707
4 14 0.250376 0.692764 0.257173 0.682464 0.229997 0.658107 0.187403 0.62373 0.131729 0.578454 0.0511325 0.510588 0 0.465575 0 0.481982 0.08103 0.551199 0.157733 0.615802 0.217619 0.666561
3 14 0.301238 0.74971 0.31156 0.735579 0.281877 0.707168 0.257173 0.682464 0.250376 0.692764 0.260231 0.702462 0.285171 0.728637
2 14 0.315738 0.784731 0.329746 0.771214 0.346212 0.748174 0.336873 0.741723 0.326059 0.736808 0.318195 0.735579 0.31156 0.735579 0.301238 0.74971 0.301729 0.759848 0.304679 0.766606 0.310085 0.777358
1 14 0.315738 0.784731 0.329746 0.771214 0.346212 0.748174 0.354322 0.752475 0.361694 0.761077 0.364398 0.769678 0.364643 0.779201 0.364398 0.789032 0.361694 0.796097 0.356042 0.802856 0.349161 0.807463 0.342034 0.807771 0.33761 0.805928 0.332203 0.801627 0.322373 0.79364
4 21 0.876592 0.746149 0.877443 0.732675 0.907308 0.730532 1 0.722986 1 0.736401 0.967342 0.740174 0.932462 0.74269 0.892216 0.746044
3 21 0.803581 0.716654 0.816903 0.709428 0.825533 0.717074 0.840851 0.728066 0.852481 0.731966 0.877443 0.732675 0.876592 0.746149 0.857871 0.746858 0.842553 0.746858 0.835178 0.744731 0.824682 0.735512 0.808514 0.723102
2 21 0.776094 0.670703 0.775938 0.664355 0.780078 0.661816 0.788281 0.65957 0.797187 0.656055 0.809766 0.651563 0.812266 0.658984 0.816149 0.672667 0.819165 0.691519 0.818839 0.70067 0.816903 0.709428 0.803581 0.716654 0.792521 0.708485 0.783724 0.694661 0.777943 0.679894
1 21 0.789505 0.62868 0.785483 0.629622 0.780708 0.633707 0.775681 0.645018 0.774424 0.650674 0.774424 0.657272 0.775429 0.664498 0.780083 0.66147 0.787805 0.659449 0.797234 0.656194 0.809806 0.651255 0.807854 0.646275 0.799559 0.633079
4 28 0.573174 0.576532 0.573558 0.588502 0.604849 0.585566 0.644089 0.58425 0.672267 0.581616 0.70703 0.57602 0.751273 0.561206 0.793409 0.549026 0.819443 0.537611 0.832601 0.530135 0.839777 0.524154 0.847552 0.512193 0.85144 0.495746 0.853234 0.477431 0.85144 0.460236 0.847851 0.450892 0.840076 0.440799 0.83589 0.437809 0.831105 0.43594 0.830507 0.438556 0.8329 0.443416 0.835591 0.447901 0.844263 0.458367 0.846954 0.471076 0.846655 0.483785 0.845758 0.494625 0.842768 0.504343 0.835292 0.515557 0.828713 0.523407 0.82034 0.529761 0.797315 0.539853 0.753955 0.55331 0.719866 0.56415 0.68458 0.570504 0.651686 0.573495 0.614307 0.575737 0.581115 0.576111
3 28 0.510773 0.594016 0.510773 0.580915 0.532372 0.578817 0.562824 0.577334 0.573174 0.576532 0.573558 0.588502 0.555705 0.59167 0.525253 0.594141
2 28 0.483405 0.557623 0.479276 0.557463 0.478083 0.572372 0.476592 0.587406 0.477089 0.599334 0.477686 0.612628 0.483696 0.611849 0.48981 0.611849 0.499418 0.608573 0.506114 0.600931 0.510773 0.594016 0.510773 0.580915 0.503785 0.566721 0.493013 0.559079
1 28 0.479276 0.556842 0.470886 0.556168 0.462734 0.556895 0.450797 0.562718 0.447304 0.567813 0.444392 0.576911 0.44381 0.586738 0.445557 0.593288 0.448468 0.599839 0.452253 0.603842 0.456911 0.608937 0.467101 0.611849 0.477387 0.612752 0.477089 0.599458 0.476394 0.587779 0.478083 0.571503
4 34 0.911548 0.468356 0.920342 0.464456 0.926539 0.493678 0.929529 0.527319 0.92923 0.562455 0.92417 0.61564 0.909642 0.702114 0.895394 0.781955 0.87559 0.861814 0.856561 0.916086 0.845959 0.948056 0.83014 0.970796 0.811948 0.999962 0.798502 1 0.824208 0.965358 0.844773 0.932237 0.860715 0.883087 0.877993 0.82002 0.886176 0.786268 0.899349 0.719173 0.908342 0.653605 0.917936 0.592126 0.9211 0.554061 0.920704 0.522917 0.917541 0.491279
3 34 0.880138 0.386429 0.889353 0.379518 0.900769 0.403469 0.912116 0.43609 0.920342 0.464456 0.911548 0.468356 0.901053 0.437508 0.888288 0.407015
2 34 0.843279 0.366272 0.835972 0.358083 0.841453 0.356017 0.845368 0.350906 0.850936 0.346447 0.853546 0.343185 0.857983 0.332853 0.864856 0.324588 0.868159 0.328838 0.87507 0.340068 0.885206 0.357634 0.889122 0.370304 0.889353 0.379518 0.880138 0.386429 0.86885 0.383838 0.855258 0.378655 0.848117 0.372895
1 34 0.841192 0.356126 0.835907 0.358209 0.830839 0.349283 0.827614 0.340932 0.826693 0.332005 0.827384 0.323078 0.830609 0.316167 0.834525 0.310984 0.839363 0.30868 0.845353 0.306953 0.851342 0.309832 0.859175 0.316455 0.864856 0.324262 0.857809 0.332636 0.853546 0.341662 0.850849 0.346556 0.845107 0.350906
0 34 0.851023 0.333288 0.846847 0.332745 0.843763 0.336084 0.843522 0.340291 0.843763 0.344197 0.844724 0.3457 0.847609 0.346902 0.850254 0.346 0.853379 0.342995 0.853619 0.33999
4 40 0.849401 0.483135 0.849668 0.473124 0.875738 0.468904 0.910003 0.459108 0.92372 0.457677 0.955922 0.445092 1 0.429407 1 0.440086 0.963583 0.453832 0.927288 0.467058 0.892224 0.474902 0.857143 0.4818
3 40 0.802091 0.481715 0.800872 0.497455 0.815229 0.492813 0.849401 0.483135 0.849668 0.473124 0.827243 0.478463 0.80989 0.4818
2 40 0.759844 0.470703 0.753047 0.47334 0.754375 0.478125 0.758203 0.490527 0.763594 0.502539 0.767422 0.51875 0.773454 0.517511 0.780563 0.515987 0.785437 0.51421 0.789499 0.511672 0.79681 0.504563 0.800872 0.497455 0.802091 0.481715 0.799451 0.476129 0.79417 0.471052 0.790514 0.469275 0.786046 0.467498 0.780156 0.466228 0.769189 0.467752
1 40 0.767031 0.518945 0.763437 0.502832 0.758125 0.490332 0.754375 0.47832 0.753281 0.47334 0.748594 0.474316 0.743828 0.476172 0.739922 0.478613 0.737891 0.481641 0.736172 0.48623 0.735391 0.492578 0.735625 0.496289 0.736328 0.500293 0.737303 0.504055 0.739131 0.508879 0.742177 0.513195 0.747422 0.518555 0.756484 0.519531
0 40 0.758574 0.494278 0.755547 0.49286 0.753088 0.494042 0.751764 0.49688 0.752142 0.501609 0.753655 0.50421 0.755925 0.505156 0.75952 0.504683 0.761222 0.502082 0.760844 0.498062
4 48 0.643577 0.865977 0.648467 0.857513 0.642054 0.843831 0.630484 0.820931 0.624056 0.816512 0.619235 0.814503 0.609915 0.813298 0.603487 0.816914 0.599951 0.824547 0.598666 0.83218 0.600594 0.839411 0.606701 0.843429 0.612486 0.838608 0.605094 0.833385 0.604772 0.827761 0.608629 0.822538 0.619235 0.822538 0.623413 0.82535 0.626948 0.830573 0.638519 0.855883 0.643577 0.865977 0.643577 0.865977 0.648467 0.857513 0.650724 0.869738 0.648467 0.880083 0.645458 0.886196 0.639439 0.892309 0.633044 0.89466 0.626649 0.89466 0.621007 0.890898 0.617997 0.886196 0.614612 0.878673 0.613483 0.866917 0.61386 0.858453 0.617997 0.846698 0.622888 0.839645 0.630035 0.834002 0.647339 0.825068 0.666147 0.817545 0.688718 0.800617 0.703389 0.787921 0.718935 0.772177 0.736618 0.742649 0.752667 0.695289 0.779751 0.591841 0.795551 0.527892 0.800979 0.505147 0.808285 0.504861 0.794664 0.558792 0.78232 0.611394 0.768854 0.67136 0.753774 0.722029 0.741721 0.750622 0.728554 0.772252 0.708994 0.797644 0.689433 0.813161 0.659339 0.831969 0.62853 0.846228 0.62364 0.854221 0.619878 0.863626 0.619502 0.875381 0.621759 0.881494 0.625897 0.886666 0.629659 0.887607 0.634925 0.885256 0.637558 0.882904 0.643953 0.87397 0.643577 0.865977
3 48 0.812394 0.436654 0.821755 0.436654 0.819015 0.454633 0.815134 0.47461 0.808285 0.504861 0.800979 0.505147 0.809883 0.469759 0.811709 0.449782
2 48 0.804219 0.381934 0.804844 0.374512 0.823828 0.374707 0.832578 0.37373 0.832423 0.381761 0.832942 0.400981 0.830887 0.417819 0.828376 0.428093 0.824723 0.434657 0.821755 0.436654 0.812394 0.436654 0.805773 0.428949 0.803719 0.421243 0.803947 0.413538 0.80349 0.392705
1 48 0.804766 0.374512 0.805176 0.367756 0.806704 0.35566 0.80925 0.350567 0.815871 0.347065 0.822747 0.347384 0.826567 0.348975 0.831914 0.357888 0.832933 0.362981 0.832656 0.373828 0.826328 0.374707 0.816875 0.375
