4 7 0.569278 0.279232 0.570353 0.269824 0.610894 0.290446 0.650577 0.306916 0.703941 0.320176 0.762213 0.340164 0.808235 0.357084 0.808235 0.35934 0.801016 0.359904 0.757701 0.350316 0.717545 0.335089 0.669718 0.323245 0.643098 0.314221 0.614769 0.303234 0.595271 0.295045
3 7 0.47635 0.253477 0.480011 0.262628 0.479012 0.267619 0.501538 0.259967 0.524118 0.265792 0.569278 0.279232 0.570353 0.269824 0.542397 0.257279 0.5191 0.251007 0.497237 0.251007
1 7 0.429764 0.257637 0.432426 0.268035 0.43409 0.282177 0.437422 0.290527 0.442742 0.296319 0.430246 0.303142 0.420837 0.304212 0.413994 0.30136 0.408862 0.295301 0.406296 0.286748 0.406296 0.278194 0.411428 0.269284 0.420267 0.262512
2 7 0.442742 0.296319 0.462042 0.284673 0.475019 0.275522 0.479012 0.267619 0.480011 0.262628 0.47635 0.253477 0.470693 0.24807 0.463373 0.247654 0.453057 0.249318 0.429764 0.257637 0.432426 0.268035 0.43409 0.282177 0.437578 0.290625
4 35 0.445823 0.071579 0.446756 0.05759 0.419015 0.052258 0.394379 0.057857 0.378142 0.069755 0.365265 0.09355 0.355187 0.135543 0.348468 0.182434 0.349588 0.20553 0.356866 0.223726 0.363585 0.232125 0.383741 0.235624 0.39214 0.228625 0.399419 0.212528 0.400538 0.190132 0.405577 0.127844 0.412296 0.091451 0.413416 0.077453 0.405577 0.070455 0.401098 0.073254 0.403338 0.085852 0.398299 0.118746 0.39214 0.14814 0.388221 0.20133 0.385981 0.216028 0.381502 0.221627 0.372543 0.220227 0.362465 0.215328 0.360786 0.197831 0.361346 0.159338 0.370304 0.108947 0.381502 0.080953 0.399419 0.067655 0.411736 0.063456 0.420695 0.063456
3 35 0.520695 0.072958 0.520258 0.079514 0.525066 0.087162 0.515299 0.088481 0.491519 0.087316 0.471002 0.081487 0.445823 0.071579 0.446756 0.05759 0.461677 0.066333 0.479862 0.072161 0.498047 0.074493
1 35 0.555985 0.0284297 0.559919 0.0377177 0.566475 0.0546537 0.573467 0.0661257 0.579922 0.0762695 0.581771 0.0781447 0.593535 0.0643937 0.598059 0.0494847 0.597648 0.0361187 0.589834 0.0227517 0.579141 0.0170967 0.566802 0.0201817
2 35 0.581882 0.078421 0.565274 0.087709 0.542111 0.090986 0.529873 0.089894 0.525066 0.087162 0.520258 0.079514 0.520695 0.072958 0.529873 0.05493 0.540799 0.039086 0.556096 0.028706 0.56003 0.037994 0.566586 0.05493 0.573578 0.066402 0.579766 0.0758789
4 20 0.534943 0.852764 0.537661 0.844026 0.509831 0.829055 0.464002 0.8182 0.436504 0.816994 0.419137 0.823628 0.37379 0.847145 0.330373 0.87006 0.298533 0.88996 0.279237 0.909859 0.252222 0.946643 0.225206 1 0.236302 1 0.256563 0.961116 0.278754 0.92795 0.307217 0.896593 0.344845 0.870663 0.38971 0.845939 0.426856 0.829658 0.449969 0.826064 0.482816 0.830864 0.512726 0.842321
3 20 0.586029 0.890249 0.591078 0.883452 0.574167 0.867328 0.537661 0.844026 0.534943 0.852764 0.552031 0.864415 0.571449 0.877522
1 20 0.607778 0.94025 0.610108 0.933454 0.616797 0.92334 0.622656 0.918164 0.629138 0.90821 0.632795 0.914817 0.636456 0.930207 0.636456 0.940606 0.631464 0.948509 0.623145 0.950173 0.617156 0.947261
2 20 0.605595 0.938493 0.596127 0.928114 0.589136 0.918405 0.584864 0.900929 0.586029 0.890249 0.591078 0.883452 0.59768 0.88151 0.606613 0.882481 0.615933 0.888307 0.629138 0.90821 0.622734 0.918164 0.616641 0.92373 0.610108 0.933454 0.607778 0.94025
4 27 0.360162 0.844944 0.360586 0.83382 0.390181 0.838666 0.434155 0.844287 0.477629 0.838666 0.5266 0.834293 0.549586 0.836167 0.579069 0.851783 0.600556 0.867398 0.606613 0.882481 0.59768 0.88151 0.587064 0.869272 0.557582 0.84866 0.537661 0.844026 0.501615 0.845536 0.449646 0.853657 0.419664 0.854281 0.397177 0.853657
3 27 0.278512 0.818092 0.28353 0.808235 0.309733 0.821107 0.360586 0.83382 0.360162 0.844944 0.342364 0.842295 0.314819 0.834879
1 27 0.236936 0.817196 0.24052 0.812267 0.247688 0.797931 0.257007 0.77777 0.262383 0.769706 0.245179 0.757609 0.235502 0.756713 0.225108 0.761193 0.217223 0.772842 0.214356 0.783594 0.215789 0.794795 0.219732 0.803755 0.227259 0.812715
2 27 0.236936 0.817196 0.251272 0.823916 0.265251 0.824364 0.272777 0.821228 0.278512 0.818092 0.28353 0.808235 0.282455 0.793899 0.274569 0.779562 0.262383 0.769706 0.257007 0.77777 0.247688 0.797931 0.24052 0.812267
3 34 0.424496 0.638687 0.430164 0.639632 0.433942 0.646244 0.451194 0.632118 0.485039 0.604068 0.480992 0.594411 0.456345 0.612345 0.439422 0.62752
4 34 0.480992 0.594411 0.485039 0.604068 0.503408 0.584492 0.518662 0.556484 0.521791 0.52609 0.5036 0.449496 0.485409 0.409764 0.445389 0.346096 0.404527 0.293478 0.374778 0.239918 0.351476 0.18709 0.350614 0.17006 0.349407 0.142897 0.348889 0.114872 0.340094 0.0896497 0.306809 0.05796 0.3006 0.0599001 0.312328 0.0734815 0.330608 0.0954703 0.336255 0.109888 0.340784 0.141604 0.342854 0.186188 0.357307 0.227137 0.377498 0.262488 0.41456 0.323596 0.446729 0.364765 0.486941 0.436093 0.504527 0.488293 0.511126 0.527474 0.510301 0.550158 0.498753 0.573873
1 34 0.41694 0.698669 0.410516 0.691112 0.40296 0.678833 0.391624 0.667025 0.386335 0.660885 0.384843 0.657567 0.3772 0.667735 0.373521 0.68245 0.375728 0.695786 0.384925 0.706362 0.392282 0.708201 0.401111 0.707741 0.411412 0.703603
2 34 0.384843 0.657567 0.400693 0.646244 0.41505 0.641521 0.424496 0.638687 0.430164 0.639632 0.433942 0.646244 0.432809 0.65569 0.429031 0.67411 0.41694 0.698669 0.410516 0.691112 0.40296 0.678833 0.391624 0.667025 0.386335 0.660885
0 35 0.56166 0.032576 0.559782 0.036858 0.560887 0.0405874 0.564644 0.0423831 0.567738 0.0416925 0.568511 0.0393443 0.567517 0.0352005 0.566301 0.0328523 0.563539 0.0318854
