4 7 0.439548 0.769082 0.441957 0.778114 0.397193 0.799089 0.336101 0.824393 0.272117 0.849697 0.191529 0.875594 0.135804 0.885879 0.105511 0.891021 0.067363 0.901306 0.034826 0.907851 0.026224 0.913461 0.023232 0.917201 0.023606 0.919538 0.031834 0.921408 0.049037 0.917668 0.079705 0.904579 0.107007 0.896164 0.130568 0.893826 0.132064 0.897099 0.105511 0.906449 0.066241 0.920006 0.047167 0.927018 0.030338 0.931226 0.019866 0.930291 0.013134 0.923278 0.01276 0.915331 0.019492 0.907384 0.039688 0.896164 0.075591 0.889151 0.127202 0.877464 0.166846 0.869517 0.210977 0.858297 0.255482 0.84474 0.334395 0.815287 0.389373 0.79238
3 7 0.502826 0.736542 0.503525 0.744413 0.508423 0.748348 0.494345 0.753652 0.441957 0.778114 0.439548 0.769082 0.460322 0.759297 0.486516 0.747254
1 7 0.526961 0.699377 0.52976 0.709871 0.532558 0.722114 0.536354 0.736115 0.542181 0.755092 0.546956 0.751897 0.555565 0.741933 0.560028 0.732766 0.560985 0.71802 0.560235 0.71088 0.558115 0.705266 0.550463 0.698889 0.541217 0.696498 0.535159 0.696498
2 7 0.538488 0.756939 0.531513 0.757041 0.51808 0.753466 0.508286 0.748656 0.503388 0.744721 0.502689 0.73685 0.503388 0.727668 0.507586 0.7163 0.516331 0.706681 0.526824 0.699685 0.529623 0.710179 0.532421 0.722422 0.536026 0.736422 0.541853 0.755605
4 17 0.677259 0.411561 0.678614 0.42342 0.642568 0.429074 0.580806 0.442115 0.522801 0.458807 0.475645 0.4755 0.428072 0.498973 0.378775 0.53518 0.337171 0.567966 0.292853 0.600752 0.24944 0.637495 0.201957 0.677064 0.182059 0.683847 0.209192 0.660671 0.252605 0.619971 0.304611 0.579271 0.348476 0.54592 0.396864 0.508047 0.451327 0.474607 0.496903 0.456159 0.551161 0.439339 0.596304 0.427945 0.646655 0.417636
3 17 0.759459 0.389945 0.758409 0.399127 0.759109 0.409621 0.751801 0.409019 0.720629 0.414949 0.678614 0.42342 0.677259 0.411561 0.697589 0.406902 0.748074 0.398007
1 17 0.7731 0.37027 0.777578 0.377246 0.782891 0.391699 0.789375 0.396484 0.792422 0.405762 0.790703 0.414941 0.793388 0.429297 0.793388 0.431483 0.803532 0.427985 0.815075 0.419678 0.820672 0.408747 0.822771 0.392132 0.821631 0.384486 0.820085 0.376642 0.814719 0.368797 0.808429 0.363274 0.800895 0.361635 0.792689 0.36065 0.780796 0.364148
2 17 0.788491 0.432358 0.776249 0.427111 0.765055 0.420115 0.759109 0.409621 0.758409 0.399127 0.759459 0.389945 0.765781 0.375 0.7731 0.37027 0.777578 0.377246 0.782734 0.391699 0.789375 0.395898 0.7925 0.405664 0.790625 0.414453 0.793388 0.431483
4 24 0.107651 0.166898 0.119596 0.161922 0.102307 0.075249 0.08589 0 0.071231 0 0.087063 0.063522
3 24 0.140083 0.27808 0.151177 0.273667 0.135963 0.217218 0.119596 0.161922 0.107651 0.166898 0.120923 0.215559 0.130212 0.249843
1 24 0.129998 0.323465 0.133203 0.320801 0.136049 0.320313 0.15269 0.312119 0.168323 0.305185 0.181875 0.298828 0.18446 0.29699 0.188144 0.309352 0.18959 0.326817 0.185254 0.343078 0.180859 0.349121 0.172727 0.355123 0.161645 0.355725 0.148636 0.350305 0.137555 0.338862
2 24 0.129998 0.323465 0.129998 0.301403 0.134536 0.286274 0.140083 0.27808 0.151177 0.273667 0.159246 0.273667 0.171853 0.27808 0.18446 0.29699 0.181797 0.29873 0.168323 0.305185 0.15269 0.312119 0.136049 0.320313 0.133125 0.320996
4 31 0.533289 0.209327 0.546012 0.213196 0.567964 0.135401 0.590331 0.064505 0.606148 0.0141791 0.611815 0 0.59873 0 0.584827 0.045708 0.56479 0.107044 0.548843 0.15918
3 31 0.516151 0.287193 0.523229 0.286087 0.528537 0.289957 0.535696 0.252311 0.546012 0.213196 0.533289 0.209327 0.527099 0.236837 0.521597 0.263487
1 31 0.490383 0.322743 0.493147 0.324241 0.507303 0.329771 0.520132 0.338066 0.532961 0.345254 0.528755 0.358132 0.519759 0.36631 0.509537 0.36631 0.503403 0.364265 0.494816 0.355576 0.490727 0.34382 0.490727 0.330531
2 31 0.490383 0.322743 0.498013 0.304335 0.508188 0.292722 0.516151 0.287193 0.523229 0.286087 0.528537 0.289957 0.535173 0.302123 0.535615 0.3165 0.53473 0.33696 0.532961 0.345254 0.520132 0.338066 0.507303 0.329771 0.493147 0.324241
0 7 0.533072 0.707597 0.539391 0.707597 0.542837 0.711906 0.546284 0.717548 0.546612 0.722164 0.546859 0.728421 0.543494 0.731396 0.538734 0.730473 0.536272 0.723908 0.53537 0.718881 0.533728 0.715599 0.532251 0.713547 0.532087 0.710983
0 31 0.504844 0.341699 0.505 0.344238 0.506016 0.351367 0.508047 0.357031 0.508437 0.357324 0.511016 0.357324 0.51125 0.356445 0.511719 0.352832 0.511484 0.349414 0.510234 0.344434 0.508203 0.341992 0.506328 0.341309
0 17 0.79625 0.383203 0.796406 0.379102 0.795703 0.375293 0.794063 0.372656 0.790625 0.372461 0.787344 0.375391 0.785547 0.378613 0.785391 0.38125 0.786016 0.384277 0.788203 0.38584 0.792578 0.386523 0.794609 0.385352 0.79625 0.383203 0.808984 0.382031 0.810391 0.38457 0.797891 0.403809 0.796328 0.399805 0.812578 0.400293 0.812656 0.406934 0.814141 0.409375 0.808047 0.416895 0.808359 0.419141 0.806563 0.420703 0.804844 0.421094 0.804219 0.419531 0.804141 0.417383 0.798281 0.419434 0.7975 0.41748 0.796094 0.415625 0.794453 0.415137 0.792656 0.417773 0.792969 0.420312 0.793672 0.422168 0.796484 0.422266 0.798125 0.421387 0.798281 0.419434 0.804141 0.417383 0.805391 0.416016 0.806016 0.415332 0.807031 0.415137 0.808047 0.416895 0.814141 0.409375 0.815937 0.408887 0.817422 0.405469 0.816953 0.400098 0.815859 0.397754 0.814297 0.398047 0.813437 0.399219 0.812578 0.400293 0.796328 0.399805 0.797422 0.395996 0.798984 0.39541 0.80125 0.395508 0.802812 0.39873 0.802891 0.402832 0.80125 0.404687 0.797891 0.403809 0.810391 0.38457 0.812891 0.385156 0.814297 0.382617 0.812969 0.379102 0.811484 0.378418 0.809453 0.378613 0.808984 0.382031
