4 7 0.249646 0.193256 0.245016 0.183905 0.288236 0.150396 0.32203 0.129778 0.375248 0.102396 0.401917 0.094869 0.419553 0.094331 0.434949 0.100008 0.45743 0.116749 0.472461 0.133582 0.485366 0.17122 0.493969 0.216923 0.512436 0.24151 0.518335 0.256856 0.522358 0.277682 0.525369 0.295963 0.529815 0.309869 0.537628 0.322226 0.55591 0.349194 0.558491 0.35941 0.550223 0.351523 0.52666 0.315858 0.516767 0.291124 0.514616 0.274456 0.511639 0.259646 0.507175 0.249681 0.49698 0.239506 0.491388 0.230903 0.487086 0.221225 0.477108 0.180271 0.463631 0.136719 0.452647 0.123924 0.432239 0.109375 0.413496 0.101795 0.398945 0.103355 0.384809 0.109591 0.352379 0.124143 0.297498 0.156884 0.262159 0.18131
3 7 0.182851 0.242665 0.189802 0.254073 0.22115 0.223088 0.249646 0.193256 0.245016 0.183905 0.214971 0.215312
1 7 0.134014 0.26056 0.137964 0.268179 0.143544 0.275369 0.147837 0.280735 0.152988 0.288891 0.157452 0.296939 0.162689 0.304129 0.155194 0.310001 0.145026 0.313691 0.132889 0.314101 0.124033 0.305901 0.121409 0.29483 0.121737 0.28417 0.123705 0.27556 0.129609 0.265719
2 7 0.138359 0.256445 0.159029 0.241878 0.169003 0.240097 0.178264 0.241433 0.182712 0.242492 0.189663 0.2539 0.189663 0.262805 0.185032 0.275718 0.166866 0.301097 0.162891 0.304199 0.1575 0.296973 0.153359 0.28916 0.147812 0.280566 0.143906 0.275586 0.137891 0.267969 0.134219 0.260547
4 14 0.360427 0.387759 0.369689 0.392657 0.327858 0.463675 0.305195 0.500982 0.278902 0.547479 0.263192 0.589671 0.25638 0.614504 0.25638 0.661332 0.258083 0.701774 0.269435 0.746473 0.27795 0.777691 0.277382 0.796848 0.258651 0.834452 0.217783 0.869218 0.159887 0.936622 0.151941 0.945136 0.151373 0.936622 0.178618 0.898308 0.224594 0.849352 0.258083 0.813876 0.266597 0.796139 0.266597 0.774853 0.258651 0.732283 0.249002 0.700355 0.245596 0.64856 0.247866 0.607164 0.254923 0.575951 0.276093 0.529811 0.315706 0.463604 0.348519 0.407936
3 14 0.402634 0.302506 0.404702 0.305637 0.411262 0.308507 0.398897 0.329875 0.369689 0.392657 0.360427 0.387759 0.374436 0.361079 0.388867 0.329564
1 14 0.414214 0.242904 0.41096 0.247115 0.416623 0.255014 0.428319 0.266685 0.438815 0.277346 0.447999 0.283496 0.457184 0.267916 0.458229 0.259322 0.458824 0.252745 0.456178 0.24609 0.453248 0.240444 0.446658 0.23419 0.440455 0.231834 0.430943 0.230604 0.424382 0.231424 0.41979 0.235524
2 14 0.441439 0.292927 0.432255 0.302357 0.419134 0.308097 0.411262 0.308507 0.404702 0.305637 0.402385 0.302195 0.401749 0.283496 0.40503 0.266685 0.40995 0.250285 0.411043 0.247115 0.416787 0.255014 0.428319 0.266685 0.438815 0.277346 0.447999 0.283496
4 21 0.160876 0.834229 0.15977 0.82271 0.187866 0.820395 0.216426 0.820395 0.250612 0.827967 0.281769 0.839868 0.305137 0.849604 0.32461 0.853391 0.345814 0.856095 0.363556 0.853932 0.385192 0.843654 0.436861 0.822235 0.462953 0.813779 0.512721 0.801095 0.572153 0.787808 0.632068 0.782372 0.742102 0.769726 0.776156 0.768416 0.777204 0.772345 0.705953 0.782168 0.618985 0.793301 0.558736 0.800505 0.505821 0.810983 0.436142 0.833249 0.392658 0.853551 0.365939 0.864684 0.341315 0.867303 0.315644 0.867303 0.288925 0.858135 0.255395 0.845037 0.232343 0.835214 0.213483 0.829975 0.188335 0.829975
3 21 0.076331 0.849521 0.07829 0.844624 0.076837 0.834229 0.096741 0.831925 0.15977 0.82271 0.160876 0.834229 0.116645 0.842983
1 21 0.03088 0.858337 0.0395 0.840216 0.045769 0.821604 0.047336 0.805931 0.031496 0.802302 0.021115 0.806777 0.010375 0.816174 0.006438 0.83094 0.006796 0.84168 0.011449 0.847497 0.019325 0.852867
2 21 0.040438 0.85984 0.051646 0.858337 0.071237 0.85246 0.076331 0.849521 0.07829 0.844624 0.076331 0.827971 0.068495 0.823073 0.047336 0.805931 0.045769 0.821604 0.0395 0.840216 0.03088 0.858337
4 29 0.573791 0.776818 0.581614 0.775253 0.59442 0.82612 0.610374 0.883098 0.620618 0.919565 0.626891 0.945702 0.627309 0.959293 0.625218 0.976542 0.618527 1 0.609327 1 0.617691 0.974974 0.618945 0.952497 0.617273 0.937861 0.608491 0.903361 0.5926 0.852134 0.582146 0.814498
3 29 0.575163 0.693348 0.580966 0.697009 0.586423 0.695404 0.580675 0.719317 0.578485 0.739657 0.581614 0.775253 0.573791 0.776818 0.571287 0.755695 0.570662 0.736528
1 29 0.577344 0.637402 0.588028 0.650864 0.5983 0.660093 0.608572 0.664909 0.612987 0.651859 0.614865 0.636603 0.61111 0.624086 0.602035 0.617436 0.59515 0.617436 0.588892 0.620175 0.580443 0.62878
2 29 0.575508 0.640833 0.567804 0.660495 0.568767 0.67494 0.575163 0.693348 0.580966 0.697009 0.586423 0.695404 0.597979 0.683768 0.605683 0.67173 0.608572 0.664909 0.5983 0.660093 0.588028 0.650864 0.5775 0.637402
4 35 0.647317 0.391217 0.651827 0.398357 0.665497 0.385905 0.697404 0.363791 0.716991 0.353129 0.732786 0.34839 0.753005 0.351154 0.772592 0.360632 0.782385 0.372873 0.795022 0.399331 0.807342 0.429343 0.810501 0.456591 0.8154 0.492994 0.822057 0.56372 0.830471 0.633184 0.833285 0.681976 0.832046 0.768405 0.835888 0.768405 0.83781 0.757838 0.840499 0.674261 0.838194 0.620945 0.831648 0.580822 0.827946 0.537048 0.823981 0.486988 0.814626 0.428432 0.802748 0.39413 0.785546 0.36034 0.767524 0.34754 0.739673 0.340373 0.720833 0.340373 0.705679 0.344469 0.67496 0.365971
3 35 0.584988 0.440822 0.586249 0.434709 0.585325 0.424311 0.607934 0.417147 0.628978 0.40437 0.647317 0.391217 0.651827 0.398357 0.634991 0.413389 0.611842 0.429548 0.592 0.438943
2 35 0.55082 0.463207 0.546506 0.456275 0.544042 0.446263 0.540961 0.432399 0.539602 0.426577 0.530925 0.436757 0.529778 0.444285 0.531499 0.45253 0.535513 0.458982 0.542396 0.463283 0.55082 0.463207 0.55082 0.463207 0.546506 0.456275 0.544042 0.446263 0.540961 0.432399 0.539602 0.426577 0.55236 0.416609 0.561603 0.412758 0.570229 0.411603 0.580088 0.415454 0.585325 0.424311 0.586249 0.434709 0.583785 0.446648 0.576391 0.45589 0.564991 0.462052 0.55082 0.463207
0 7 0.131696 0.293076 0.129722 0.296081 0.129808 0.298764 0.131353 0.302734 0.133671 0.303271 0.136161 0.301769 0.137363 0.299086 0.136762 0.295222 0.134701 0.292754 0.132727 0.292754
