4 8 0.438722 0.998744 0.556973 0.924007 0.651152 0.874426 0.765282 0.818343 0.765901 0.824535 0.765249 0.824987 0.657171 0.883485 0.563616 0.933308 0.452009 0.999023
3 8 0.765263 0.818156 0.775383 0.812804 0.79718 0.802587 0.81742 0.794802 0.825025 0.794406 0.822865 0.800887 0.823213 0.802048 0.80224 0.806479 0.778886 0.818643 0.766042 0.825941
2 8 0.825063 0.794292 0.82814 0.787149 0.829844 0.782422 0.836493 0.771213 0.843594 0.764551 0.84478 0.766812 0.852963 0.782495 0.857873 0.79477 0.863328 0.808408 0.867109 0.819238 0.862031 0.819727 0.858034 0.81957 0.852319 0.81957 0.8425 0.818457 0.836053 0.815723 0.829459 0.811327 0.824184 0.805283 0.822865 0.800887
1 8 0.848437 0.762305 0.85951 0.759993 0.873147 0.759993 0.882421 0.763402 0.891695 0.770221 0.896059 0.779086 0.896605 0.784541 0.896059 0.793406 0.893332 0.80227 0.886785 0.811135 0.875875 0.817954 0.870965 0.819318 0.867147 0.819318 0.865938 0.815527 0.863328 0.808408 0.857873 0.79477 0.852963 0.782495 0.843906 0.764648
4 16 0.26551 1 0.368691 0.936516 0.408542 0.911359 0.437465 0.882569 0.462759 0.853366 0.48493 0.816527 0.491036 0.823304 0.488267 0.82713 0.472817 0.853731 0.444626 0.885265 0.413232 0.916283 0.374454 0.94187 0.275727 1
3 16 0.491036 0.824033 0.484324 0.815946 0.512478 0.754821 0.514345 0.75673 0.518237 0.757216 0.520828 0.756892 0.520833 0.756985
2 16 0.499766 0.708008 0.502969 0.707324 0.521094 0.709082 0.534375 0.709375 0.541328 0.708691 0.538047 0.726367 0.535156 0.735449 0.531016 0.745313 0.527968 0.750405 0.525244 0.754784 0.52213 0.75673 0.518237 0.757216 0.514345 0.75673 0.510064 0.752351 0.505782 0.740187 0.501111 0.724132
1 16 0.499991 0.691702 0.502099 0.6752 0.510074 0.662786 0.517785 0.659078 0.528462 0.659078 0.534987 0.663527 0.539732 0.676132 0.542698 0.688736 0.541484 0.708594 0.534531 0.709082 0.521641 0.709277 0.502891 0.707422 0.5 0.707617
4 23 0.679944 0.481286 0.681459 0.475605 0.693579 0.434576 0.712214 0.352911 0.731395 0.255982 0.743154 0.175728 0.740834 0.0609095 0.736671 0.038211 0.728325 0 0.735913 0 0.745018 0.036314 0.749571 0.07615 0.751663 0.173311 0.740123 0.25199 0.720751 0.356033 0.702526 0.431835 0.685886 0.484862 0.679944 0.481486
3 23 0.631299 0.543532 0.632548 0.541039 0.643469 0.532507 0.666676 0.508617 0.675044 0.4936 0.679644 0.481315 0.687153 0.485581 0.670885 0.516203 0.63138 0.556721 0.631525 0.553645 0.631525 0.546071
1 23 0.568404 0.611085 0.568909 0.602248 0.576988 0.580787 0.588098 0.563113 0.588047 0.567871 0.593652 0.575738 0.599712 0.581419 0.607286 0.586468 0.613346 0.589624 0.62 0.594727 0.617734 0.599023 0.608801 0.61361 0.601732 0.621816 0.595672 0.624341 0.587088 0.624972 0.578503 0.623078 0.571434 0.619922
2 23 0.588098 0.563113 0.588603 0.561851 0.593147 0.557433 0.598702 0.553645 0.601732 0.552383 0.603752 0.551752 0.606781 0.549858 0.610316 0.546071 0.613851 0.541652 0.618901 0.534709 0.623445 0.532184 0.627485 0.533447 0.63001 0.536603 0.63102 0.54039 0.631525 0.546071 0.631525 0.553645 0.63102 0.564376 0.624455 0.582681 0.620156 0.594629 0.613346 0.589624 0.607286 0.586468 0.599712 0.581419 0.593652 0.575738 0.588047 0.56748
1 30 0.594414 0.354144 0.594978 0.338635 0.600053 0.328061 0.609641 0.323126 0.616972 0.322421 0.620356 0.322421 0.631635 0.332291 0.636711 0.348505 0.638967 0.361194 0.636711 0.364719 0.62374 0.368244 0.598925 0.375293 0.596669 0.368949
2 30 0.599559 0.375113 0.62374 0.368244 0.636711 0.364719 0.638599 0.361769 0.639358 0.364138 0.637967 0.391074 0.636925 0.404976 0.633797 0.411927 0.631364 0.414969 0.626498 0.414969 0.620589 0.412796 0.612248 0.408017 0.602169 0.390205
3 30 0.62198 0.416706 0.622147 0.413369 0.626498 0.414969 0.629817 0.414969 0.631263 0.433036 0.635522 0.461107 0.645201 0.476594 0.639781 0.481917 0.632424 0.47127 0.627778 0.458687
4 30 0.639781 0.481917 0.645201 0.476594 0.662006 0.495386 0.686179 0.514284 0.718275 0.536225 0.743853 0.543748 0.799655 0.547215 0.827363 0.546863 0.853182 0.550016 0.87473 0.556456 0.902329 0.570125 0.924721 0.590954 0.939501 0.603432 0.950743 0.610578 0.962938 0.614865 0.977315 0.624151 0.984605 0.628708 1 0.633915 1 0.639773 0.985328 0.63785 0.962081 0.622249 0.943979 0.617128 0.922638 0.598115 0.90285 0.579238 0.870043 0.561012 0.848219 0.5566 0.827574 0.555573 0.800359 0.55484 0.750622 0.554547 0.71636 0.541744 0.677915 0.518731 0.654631 0.497748
4 37 0 0.109138 0.0731828 0.0901442 0.0808966 0.0886867 0.110024 0.084228 0.119878 0.084601 0.119308 0.089947 0.0746179 0.0985532 0 0.115658
3 37 0.119272 0.090277 0.119951 0.083919 0.153516 0.084767 0.162671 0.086886 0.169875 0.089888 0.169452 0.091124 0.17013 0.095786 0.17064 0.096308 0.165722 0.095362 0.152499 0.091972
1 37 0.210174 0.0693962 0.219775 0.071756 0.230456 0.077405 0.235797 0.086135 0.236619 0.095891 0.235386 0.105648 0.230867 0.113351 0.221008 0.119513 0.212791 0.118486 0.204575 0.115405 0.204575 0.110783 0.204575 0.100513 0.204575 0.079459 0.204986 0.069702
2 37 0.204986 0.069702 0.204575 0.079459 0.204575 0.100513 0.204575 0.110783 0.204575 0.115405 0.196575 0.11401 0.183353 0.106381 0.173859 0.0996 0.17013 0.095786 0.169452 0.091124 0.171486 0.085191 0.181657 0.075019 0.188438 0.070781 0.196575 0.069086
0 8 0.867812 0.782813 0.866406 0.784961 0.867109 0.787988 0.869531 0.788477 0.871797 0.787793 0.872109 0.784473 0.871406 0.782129 0.868984 0.782031 0.868438 0.782031
0 30 0.617472 0.363649 0.616217 0.366368 0.617388 0.368459 0.62065 0.368668 0.622491 0.366681 0.623327 0.364172 0.622156 0.36229 0.620483 0.362185 0.618978 0.362499
