4 7 0.452962 0.732847 0.460649 0.729352 0.436446 0.664747 0.414469 0.600193 0.392185 0.519086 0.375537 0.452397 0.357951 0.387657 0.341035 0.341721 0.32991 0.31668 0.310659 0.285241 0.296925 0.266355 0.280488 0.242764 0.273791 0.225262 0.275009 0.20852 0.282016 0.178815 0.289041 0.146085 0.295448 0.098984 0.294114 0.098984 0.289445 0.108989 0.279439 0.149845 0.271435 0.189866 0.266099 0.219049 0.2681 0.235725 0.280773 0.262406 0.305179 0.295955 0.322884 0.321949 0.353656 0.398002 0.381495 0.505871 0.399575 0.579951 0.417148 0.637576
3 7 0.478243 0.820307 0.486787 0.817394 0.479868 0.77871 0.460649 0.729352 0.452962 0.732847 0.458902 0.744203 0.46659 0.764733 0.473229 0.788319
1 7 0.473982 0.872029 0.476689 0.87128 0.489505 0.863027 0.498826 0.858658 0.510865 0.858658 0.514749 0.85623 0.519705 0.873348 0.518271 0.885444 0.512895 0.897093 0.502501 0.902469 0.492824 0.902021 0.487089 0.898437 0.479562 0.890821 0.475978 0.881412
2 7 0.473982 0.872029 0.472029 0.842638 0.475524 0.824676 0.478243 0.820307 0.486787 0.817394 0.496107 0.821763 0.50504 0.831958 0.514749 0.85623 0.510865 0.858658 0.498826 0.858658 0.489505 0.863027 0.476689 0.87128
4 14 0.745673 0.685747 0.75155 0.6955 0.699942 0.749217 0.623958 0.826065 0.553731 0.881604 0.509233 0.915664 0.455182 0.93609 0.403645 0.947089 0.365935 0.944732 0.337653 0.93609 0.287503 0.909067 0.232011 0.870717 0.174339 0.833205 0.161674 0.81589 0.172358 0.817461 0.235364 0.861496 0.302058 0.906357 0.343163 0.928556 0.362108 0.934004 0.396732 0.93609 0.466224 0.92017 0.516022 0.897617 0.565459 0.858825 0.643404 0.79139 0.718112 0.714626
3 14 0.824867 0.614439 0.825791 0.621368 0.829948 0.629452 0.814375 0.636602 0.784381 0.661048 0.752057 0.69474 0.745471 0.68638 0.771008 0.659779 0.799834 0.632394
1 14 0.849375 0.575977 0.854892 0.584413 0.861821 0.603468 0.866441 0.613861 0.878451 0.632339 0.893233 0.619636 0.8997 0.604623 0.900162 0.590187 0.894619 0.578062 0.886304 0.57171 0.873832 0.568823 0.863207 0.568823
2 14 0.87106 0.636958 0.855816 0.637536 0.840111 0.635226 0.829948 0.629452 0.825791 0.621368 0.824867 0.614439 0.829024 0.599426 0.837339 0.584413 0.849531 0.575977 0.854892 0.584413 0.861821 0.603468 0.866441 0.613861 0.878451 0.632339
4 22 0.127017 0.232494 0.129136 0.224017 0.083801 0.191343 0.028791 0.152136 0 0.134515 0 0.144348 0.037477 0.168422 0.084766 0.2022
3 22 0.181423 0.275236 0.184919 0.268924 0.165589 0.251568 0.129136 0.224017 0.127017 0.232494 0.147786 0.24733
1 22 0.203176 0.31748 0.207984 0.305462 0.211986 0.294624 0.219036 0.276522 0.224466 0.263541 0.238693 0.268812 0.250835 0.28031 0.254515 0.292269 0.253411 0.306986 0.249732 0.318945 0.242373 0.326764 0.236485 0.329523 0.228023 0.329983 0.219928 0.329523 0.209625 0.324004
2 22 0.19968 0.314081 0.19463 0.303398 0.189969 0.289803 0.181423 0.275236 0.184919 0.268924 0.193465 0.26601 0.206284 0.26164 0.224531 0.263281 0.219062 0.27627 0.212109 0.294629 0.208203 0.305664 0.203176 0.31748
4 29 0.177378 0.067776 0.182291 0.060218 0.150315 0.0198754 0.135557 0 0.124537 0 0.141912 0.0236744 0.162685 0.047447
3 29 0.226534 0.123931 0.232927 0.114441 0.212524 0.091869 0.182291 0.060218 0.177378 0.067776 0.196652 0.0862
1 29 0.236253 0.167121 0.240119 0.167385 0.250109 0.154399 0.261297 0.147406 0.271286 0.140913 0.275965 0.150847 0.277099 0.160295 0.271435 0.189866 0.262738 0.191473 0.25518 0.188166 0.241575 0.175884
2 29 0.236253 0.167121 0.229331 0.1534 0.226933 0.137916 0.226534 0.123931 0.232927 0.114441 0.244515 0.116938 0.256901 0.122932 0.271286 0.140913 0.261297 0.147406 0.250109 0.154399 0.240119 0.167385
4 36 0.495623 0.189334 0.502982 0.189794 0.51922 0.115721 0.534852 0.037047 0.542257 0 0.53418 0 0.514794 0.101632 0.507702 0.128576
3 36 0.483493 0.26512 0.491053 0.268385 0.4957 0.233723 0.501878 0.199452 0.502982 0.189794 0.495623 0.189334 0.491473 0.207669 0.486372 0.241193
1 36 0.458656 0.305249 0.470798 0.310768 0.482204 0.316747 0.491734 0.320031 0.495818 0.320887 0.489712 0.337633 0.480275 0.344187 0.471887 0.345934 0.46315 0.342002 0.457558 0.333265 0.456509 0.319285 0.456509 0.312295
2 36 0.459312 0.300029 0.466015 0.280413 0.477053 0.268454 0.483493 0.26512 0.491053 0.268385 0.494715 0.278113 0.498394 0.291451 0.498762 0.304329 0.495818 0.320887 0.491902 0.320136 0.482204 0.316747 0.470798 0.310768 0.458656 0.305249
0 7 0.507812 0.866113 0.508516 0.87207 0.510781 0.875 0.511719 0.875586 0.513047 0.874316 0.513047 0.869141 0.511797 0.864844 0.510156 0.864258 0.50875 0.865137
0 36 0.464214 0.32224 0.464136 0.323509 0.465229 0.328587 0.468433 0.330052 0.469917 0.329076 0.471011 0.326146 0.470386 0.322142 0.467886 0.319994 0.466479 0.319994 0.465229 0.320287
