4 8 0.599654 0.693787 0.592885 0.6956 0.59342 0.688249 0.59833 0.680748 0.605967 0.674611 0.615241 0.671883 0.62506 0.675974 0.631061 0.684839 0.634334 0.699841 0.632698 0.702568 0.631061 0.702568 0.626151 0.688249 0.61906 0.680066 0.609786 0.680748 0.601603 0.686885 0.599654 0.693787 0.599966 0.693704 0.603785 0.712797 0.611968 0.719616 0.622878 0.720298 0.633789 0.718252 0.63835 0.715877 0.637607 0.72098 0.639752 0.728353 0.639244 0.728481 0.63488 0.728481 0.626151 0.730526 0.620151 0.731208 0.613059 0.729844 0.604331 0.723707 0.597784 0.71757 0.592329 0.695749 0.599966 0.693704
1 8 0.666908 0.686336 0.680553 0.68401 0.693578 0.687112 0.703502 0.693314 0.708464 0.700291 0.707844 0.708044 0.702882 0.715797 0.694199 0.722775 0.680553 0.732078 0.674971 0.732854 0.67187 0.725101 0.668769 0.71037 0.665048 0.688662
2 8 0.637607 0.72098 0.638698 0.713479 0.641426 0.70666 0.645245 0.699159 0.6507 0.693022 0.6567 0.688249 0.663792 0.687567 0.665924 0.687567 0.665048 0.688662 0.668769 0.71037 0.67187 0.725101 0.674562 0.731831 0.673066 0.733936 0.66652 0.735982 0.646881 0.73189 0.639789 0.728481
4 15 0 0.782854 0.040114 0.772198 0.094674 0.769356 0.135027 0.770777 0.168297 0.779302 0.216269 0.791926 0.250607 0.803288 0.283935 0.82033 0.283993 0.820396 0.279222 0.825601 0.279515 0.825829 0.247558 0.80985 0.216299 0.798483 0.169127 0.787117 0.1373 0.777881 0.093538 0.77575 0.039545 0.778591 0 0.791379
3 15 0.284384 0.81997 0.331236 0.855627 0.327219 0.857452 0.324847 0.862643 0.324847 0.863384 0.310611 0.850038 0.279222 0.825601
2 15 0.324847 0.862643 0.327219 0.857452 0.333744 0.854487 0.347386 0.851521 0.35747 0.85597 0.362266 0.858496 0.360436 0.861901 0.356877 0.86635 0.352725 0.874506 0.349166 0.885627 0.3462 0.893783 0.339844 0.902832 0.337578 0.90127 0.333151 0.895266 0.328999 0.885627 0.32544 0.87673 0.324847 0.870057
1 15 0.339609 0.902832 0.3462 0.893783 0.349166 0.885627 0.352725 0.874506 0.356877 0.86635 0.360436 0.861901 0.362422 0.858691 0.365 0.86084 0.372892 0.868574 0.379417 0.877471 0.381797 0.887207 0.382344 0.892871 0.381484 0.898145 0.378823 0.907129 0.372892 0.914543 0.366016 0.916602 0.3575 0.91582 0.347386 0.909353
4 23 0.248461 0.569065 0.252221 0.540864 0.261151 0.517362 0.272336 0.503737 0.290054 0.487836 0.309975 0.47708 0.319585 0.472503 0.355929 0.462281 0.371935 0.460749 0.411205 0.453737 0.449608 0.44564 0.495019 0.445861 0.494312 0.451758 0.45008 0.454196 0.419486 0.460261 0.375554 0.469098 0.359395 0.470991 0.322027 0.477935 0.294254 0.492453 0.274561 0.511389 0.265471 0.522751 0.259411 0.542318 0.255877 0.568829 0.259411 0.612382 0.262946 0.625638 0.271531 0.640156 0.28163 0.651517 0.298799 0.665404 0.306715 0.670231 0.319203 0.68544 0.326673 0.699982 0.340206 0.721582 0.350306 0.731681 0.36091 0.734837 0.368484 0.731681 0.400802 0.692546 0.406481 0.689961 0.407058 0.694771 0.404845 0.699341 0.372019 0.737993 0.366465 0.74178 0.35788 0.74178 0.351316 0.739887 0.341721 0.732943 0.323542 0.708326 0.305435 0.681038 0.293749 0.670454 0.27961 0.661617 0.270016 0.650886 0.256887 0.631319 0.251751 0.617243
1 23 0.568166 0.430009 0.583963 0.429688 0.596532 0.433191 0.604723 0.43831 0.607453 0.445136 0.608136 0.452814 0.607453 0.466465 0.603358 0.477557 0.59585 0.484382 0.587659 0.485236 0.576738 0.485236 0.570595 0.483529 0.572459 0.47755 0.57409 0.469823 0.573575 0.448789 0.571171 0.435482
0 23 0.584832 0.459941 0.585279 0.463015 0.585279 0.467617 0.584911 0.468997 0.584175 0.470838 0.583071 0.471298 0.58123 0.470838 0.580126 0.468997 0.580126 0.465316 0.58123 0.460254 0.583071 0.458873 0.584832 0.459941 0.592201 0.454273 0.593334 0.457815 0.596263 0.461004 0.600042 0.459941 0.601742 0.456871 0.601175 0.451084 0.599191 0.44707 0.595885 0.446479 0.592862 0.448132 0.592201 0.454273
2 23 0.541357 0.452549 0.546143 0.443345 0.556083 0.435983 0.568125 0.430176 0.57125 0.435449 0.573438 0.448633 0.574062 0.469922 0.5725 0.477246 0.570595 0.483268 0.568934 0.483268 0.561597 0.479127 0.546617 0.468914 0.541726 0.460372
3 23 0.494266 0.452136 0.495117 0.445046 0.503909 0.445755 0.531986 0.447527 0.537374 0.447527 0.543787 0.447876 0.541357 0.452549 0.541548 0.456609
4 30 0 0.68133 0.036466 0.63967 0.057169 0.623259 0.20765 0.538677 0.25283 0.509035 0.269439 0.493848 0.288444 0.46735 0.328633 0.416952 0.396928 0.336995 0.39743 0.336744 0.402876 0.341736 0.341845 0.411236 0.294007 0.47321 0.276248 0.495919 0.254829 0.516917 0.215092 0.54181 0.0621094 0.629883 0.039495 0.64472 0 0.689536
3 30 0.440423 0.281042 0.441423 0.285283 0.444972 0.286392 0.402876 0.341736 0.397273 0.336582
1 30 0.447197 0.240262 0.458211 0.219939 0.467651 0.211416 0.477616 0.206827 0.481518 0.207478 0.488629 0.210761 0.491776 0.212728 0.496496 0.219939 0.497679 0.226228 0.498571 0.233036 0.498482 0.245647 0.495972 0.256651 0.488105 0.269763 0.482369 0.274106 0.473806 0.262383 0.466711 0.25484 0.460308 0.250095 0.454539 0.246162 0.450344 0.242884
2 30 0.439207 0.264363 0.441087 0.254375 0.447198 0.240274 0.447206 0.240269 0.450344 0.242884 0.454539 0.246162 0.460308 0.250095 0.466406 0.254883 0.473672 0.2625 0.4825 0.274121 0.476016 0.278906 0.470313 0.281836 0.463359 0.285352 0.457003 0.285891 0.451647 0.2865 0.445318 0.2865 0.441423 0.285283 0.439677 0.277876
4 36 0.692311 0.204722 0.693782 0.195526 0.700158 0.158741 0.716834 0.113373 0.753619 0 0.758524 0 0.720965 0.119756 0.705739 0.163778 0.698196 0.197365 0.699668 0.222502 0.707025 0.24212 0.719415 0.267139 0.715241 0.271776 0.703234 0.250669 0.695182 0.229315 0.692311 0.215758
1 36 0.710761 0.358999 0.730824 0.357566 0.743436 0.357566 0.752034 0.356133 0.756047 0.35685 0.758913 0.364732 0.759487 0.37978 0.75662 0.39626 0.753754 0.401276 0.748595 0.407009 0.744009 0.409875 0.735983 0.412025 0.729105 0.409158 0.718786 0.397694 0.713054 0.37978 0.711334 0.361866
2 36 0.710761 0.358999 0.711907 0.351834 0.718786 0.337503 0.727958 0.33177 0.73369 0.329621 0.742862 0.332487 0.748013 0.338331 0.753181 0.348251 0.755961 0.356733 0.752034 0.356133 0.743436 0.357566 0.730824 0.357566
3 36 0.714773 0.272296 0.719933 0.266563 0.729105 0.288777 0.734837 0.326038 0.734976 0.330022 0.73369 0.329621 0.727958 0.33177 0.723893 0.334311 0.723372 0.331054 0.721652 0.300242
4 45 0.434884 0.082114 0.43148 0.088192 0.424544 0.088442 0.42147 0.091187 0.420592 0.097774 0.42147 0.102714 0.424105 0.103263 0.433327 0.103812 0.439914 0.103812 0.44694 0.103263 0.475138 0.0991403 0.485885 0.103405 0.49936 0.108735 0.522433 0.117746 0.58187 0.142583 0.588252 0.148655 0.591628 0.152392 0.576006 0.146366 0.513281 0.12207 0.486049 0.111886 0.473884 0.106864 0.442548 0.113692 0.423666 0.111497 0.414005 0.106007 0.410492 0.098323 0.410492 0.095029 0.412688 0.088991 0.416201 0.0846 0.42147 0.080758 0.428496 0.080703 0.434884 0.082114 0.434884 0.082114 0.43148 0.088192 0.470064 0.113172 0.549357 0.14475 0.632314 0.177546 0.665381 0.19639 0.692008 0.217012 0.706026 0.234453 0.7245 0.262586 0.727677 0.257481 0.711311 0.228887 0.692412 0.206526 0.665053 0.186575 0.638279 0.171259 0.550526 0.137631 0.473423 0.1066 0.434884 0.082114
3 45 0.7245 0.262586 0.727677 0.257481 0.74356 0.284708 0.762075 0.307852 0.759896 0.309667 0.758916 0.315183 0.755812 0.308533 0.740383 0.291515
2 45 0.758081 0.319878 0.759896 0.309667 0.762619 0.307398 0.765342 0.307398 0.768972 0.308533 0.777141 0.316474 0.796243 0.338444 0.790661 0.339696 0.779062 0.347261 0.761031 0.353522 0.760804 0.353345 0.758081 0.339164
1 45 0.760906 0.353566 0.779062 0.347261 0.790661 0.339696 0.796333 0.338783 0.803774 0.352305 0.806178 0.358652 0.808797 0.366894 0.808074 0.376716 0.805791 0.386347 0.801252 0.395173 0.794192 0.398956 0.782592 0.398325 0.774523 0.393282 0.766958 0.378152
0 45 0.797187 0.376074 0.796719 0.378223 0.798516 0.380469 0.800703 0.380664 0.802031 0.378711 0.801406 0.376855 0.800234 0.374707 0.798516 0.374512 0.798047 0.375
