4 7 0.781606 0.803609 0.782469 0.7966 0.819285 0.811392 0.890729 0.836069 0.931621 0.85487 1 0.889534 1 0.897172 0.931621 0.863683 0.897309 0.848407 0.823515 0.822555 0.782153 0.804342
3 7 0.73275 0.768885 0.735075 0.768357 0.739164 0.76495 0.743576 0.75778 0.7825 0.796347 0.78149 0.804553 0.738063 0.771099
2 7 0.697261 0.757346 0.698922 0.757346 0.703877 0.752701 0.706767 0.746507 0.724934 0.717089 0.726172 0.71543 0.734166 0.725198 0.743707 0.750753 0.743707 0.757567 0.739164 0.76495 0.735075 0.768357 0.730077 0.769493 0.715994 0.769493 0.709179 0.765518 0.697367 0.757567
1 7 0.726328 0.715137 0.715025 0.704186 0.70718 0.702122 0.699335 0.702638 0.689426 0.707799 0.683645 0.716573 0.681994 0.728443 0.683232 0.73825 0.686948 0.747023 0.693142 0.755281 0.696858 0.757346 0.698922 0.757346 0.703877 0.752701 0.706767 0.746507 0.724688 0.717383
1 15 0.347891 0.596875 0.347143 0.582992 0.355573 0.577755 0.365119 0.574599 0.373198 0.577123 0.378248 0.58028 0.382793 0.584698 0.385317 0.589748 0.387842 0.596691 0.387842 0.604897 0.384308 0.612471 0.377238 0.620046 0.351406 0.62334
2 15 0.300726 0.610919 0.304361 0.604104 0.32117 0.593314 0.347066 0.583092 0.347127 0.58311 0.347734 0.59668 0.35125 0.623145 0.347812 0.623828 0.343906 0.624316 0.332528 0.62398 0.32117 0.623412 0.312084 0.622844 0.303906 0.620005 0.30118 0.617733
3 15 0.239152 0.619637 0.241361 0.610434 0.260872 0.613655 0.296138 0.615199 0.300912 0.613707 0.30118 0.617733 0.303906 0.620005 0.304282 0.620136 0.302472 0.622398 0.29879 0.623319 0.26124 0.622398
4 15 0 0.505976 0.0606629 0.530035 0.100932 0.540705 0.127221 0.546233 0.136717 0.548813 0.14993 0.556555 0.169749 0.572039 0.187407 0.589185 0.19316 0.594056 0.222954 0.605832 0.231789 0.607673 0.238048 0.609514 0.241361 0.610434 0.239501 0.618186 0.238288 0.618489 0.19989 0.606618 0.187916 0.601457 0.172226 0.587006 0.148691 0.566877 0.132589 0.556039 0.102787 0.549983 0.0612196 0.539545 0 0.518879
4 22 0 0.312346 0.066671 0.244144 0.073352 0.237185 0.080033 0.235793 0.096179 0.235793 0.172438 0.276957 0.232054 0.297803 0.278709 0.304096 0.340072 0.300747 0.386724 0.294216 0.415462 0.286285 0.45353 0.273689 0.454326 0.27391 0.454947 0.280505 0.45483 0.280567 0.428323 0.289496 0.39338 0.300613 0.346716 0.307474 0.273708 0.312206 0.235303 0.306312 0.17134 0.2859 0.093952 0.244144 0.085044 0.243448 0.075022 0.24484 0.069455 0.249712 0 0.323793
3 22 0.454292 0.273551 0.460009 0.271029 0.485565 0.260101 0.503051 0.255332 0.503051 0.257579 0.504268 0.261762 0.489264 0.265145 0.454965 0.280697
2 22 0.503051 0.253796 0.50406 0.250013 0.511458 0.241606 0.521209 0.235301 0.533651 0.231938 0.53433 0.231938 0.53433 0.236598 0.5356 0.242946 0.540299 0.267054 0.540811 0.272171 0.524094 0.274943 0.515829 0.27229 0.508767 0.267667 0.504396 0.262202 0.503051 0.257579
1 22 0.53433 0.231044 0.545246 0.227287 0.55369 0.228354 0.55983 0.231552 0.563413 0.238588 0.563583 0.249676 0.56273 0.255753 0.560172 0.262043 0.553374 0.268338 0.540896 0.271745 0.5356 0.242946 0.53433 0.236598
4 30 0 0.169371 0.112995 0.17579 0.137884 0.172828 0.151753 0.164357 0.163654 0.158119 0.19974 0.135565 0.236594 0.115891 0.252717 0.110612 0.267689 0.108693 0.28458 0.108693 0.301088 0.112532 0.344084 0.128847 0.371486 0.140721 0.369832 0.147957 0.371337 0.148531 0.371261 0.148657 0.348258 0.13804 0.29942 0.119903 0.281018 0.114595 0.265446 0.114595 0.245982 0.119903 0.209531 0.136271 0.17818 0.156038 0.158427 0.168383 0.14618 0.175297 0.140254 0.177766 0.132748 0.180729 0.115365 0.181223 0 0.175297
3 30 0.369832 0.147957 0.37151 0.140617 0.397516 0.151103 0.412616 0.154249 0.41723 0.155822 0.423597 0.158716 0.423284 0.159009 0.42239 0.162921 0.422837 0.167391 0.423325 0.168349
1 30 0.444609 0.200977 0.447431 0.195387 0.45155 0.188952 0.457728 0.180586 0.461331 0.165142 0.46442 0.154202 0.465313 0.152832 0.478665 0.159186 0.484474 0.167173 0.485635 0.17516 0.486216 0.185324 0.485054 0.195489 0.481569 0.203476 0.475761 0.208558 0.467629 0.21001 0.446916 0.202466
2 30 0.42239 0.162921 0.423284 0.159009 0.426861 0.155656 0.435355 0.152303 0.459496 0.151744 0.465156 0.152539 0.46442 0.154202 0.461331 0.165142 0.457728 0.180586 0.45155 0.188952 0.447431 0.195387 0.444609 0.200879 0.440937 0.197754 0.438037 0.194773 0.435355 0.190303 0.431331 0.183038 0.428202 0.17745 0.425967 0.173538 0.422837 0.167391
1 39 0.392611 0.185383 0.400694 0.178647 0.406533 0.17584 0.411023 0.17584 0.420005 0.179208 0.424945 0.186506 0.427191 0.192681 0.42764 0.202224 0.426742 0.21289 0.421802 0.221872 0.412578 0.22793 0.411922 0.22524 0.406533 0.211767 0.402042 0.203347 0.394856 0.189313
3 39 0.336127 0.284188 0.352606 0.253768 0.363105 0.238422 0.369138 0.23088 0.371704 0.236937 0.370813 0.238422 0.355782 0.258656 0.343835 0.285633
2 39 0.367789 0.223562 0.369772 0.216621 0.373342 0.207696 0.378895 0.199267 0.391588 0.18588 0.392895 0.18588 0.394856 0.189313 0.402042 0.203347 0.406533 0.211767 0.411922 0.22524 0.41261 0.228024 0.395158 0.237445 0.384051 0.240915 0.378895 0.240915 0.372548 0.238932 0.368979 0.230503
4 39 0.336127 0.284188 0.343835 0.285633 0.336483 0.304195 0.33406 0.332317 0.331983 0.378611 0.312144 0.507701 0.303441 0.582974 0.300075 0.588384 0.299594 0.588384 0.307288 0.507234 0.3246 0.375591 0.327486 0.321491 0.331333 0.29925
0 15 0.351953 0.59834 0.351797 0.602051 0.352031 0.605566 0.353281 0.606348 0.356484 0.607031 0.358438 0.606152 0.358281 0.602148 0.357344 0.597266 0.355234 0.595898 0.35375 0.595898
