4 7 0.80887 0.728595 0.816971 0.726648 0.827824 0.862891 0.830941 0.93255 0.831721 1 0.823927 1 0.823147 0.929627 0.821199 0.868736 0.815743 0.799564 0.810123 0.74046
3 7 0.801295 0.646884 0.806871 0.648524 0.81178 0.645506 0.814167 0.691595 0.816971 0.726648 0.80887 0.728595 0.805754 0.683027
1 7 0.777022 0.599732 0.78719 0.598912 0.800967 0.597272 0.814087 0.593991 0.822616 0.593171 0.819534 0.572501 0.811226 0.558407 0.800248 0.55099 0.790457 0.552473 0.778885 0.560633 0.774731 0.571017 0.774138 0.582515
2 7 0.779882 0.609743 0.787518 0.626383 0.796374 0.639503 0.801295 0.646884 0.806871 0.648524 0.811936 0.645506 0.812447 0.634583 0.814598 0.624174 0.820647 0.617362 0.822616 0.593171 0.814087 0.593991 0.800967 0.597272 0.78719 0.598912 0.777022 0.599732
4 14 0.553824 0.695938 0.560475 0.698848 0.547002 0.732184 0.528237 0.775746 0.511684 0.832953 0.501893 0.885704 0.501005 0.922063 0.505915 1 0.498141 1 0.492004 0.936383 0.49364 0.889842 0.506324 0.817219 0.521053 0.772724 0.545847 0.713564
3 14 0.587631 0.625129 0.596644 0.633015 0.583753 0.650629 0.560475 0.698848 0.553824 0.695938 0.572114 0.651876 0.58076 0.635249
1 14 0.589434 0.569178 0.598746 0.580819 0.614067 0.594337 0.628787 0.601472 0.632993 0.58908 0.632993 0.577064 0.625783 0.562419 0.61647 0.554533 0.608359 0.552656 0.600549 0.554909 0.59424 0.559415
2 14 0.585228 0.575562 0.581323 0.59246 0.581623 0.606353 0.585228 0.620247 0.587631 0.625129 0.596644 0.633015 0.602051 0.631512 0.612865 0.622876 0.628787 0.601472 0.614067 0.594337 0.598746 0.580819 0.589434 0.569178
4 22 0.250015 0.509781 0.25475 0.494395 0.205316 0.496334 0.131597 0.505409 0.103114 0.511692 0.066813 0.529843 0 0.564748 0 0.577314 0.014874 0.569635 0.064579 0.543805 0.107923 0.523984 0.144615 0.515575 0.214332 0.509651
3 22 0.342952 0.537106 0.344403 0.527126 0.354927 0.518054 0.328603 0.513332 0.25475 0.494395 0.250015 0.509781 0.276527 0.513924 0.305406 0.51925
1 22 0.373797 0.574301 0.376337 0.562507 0.383957 0.544817 0.394481 0.528034 0.405396 0.536102 0.412095 0.546239 0.412447 0.559902 0.406453 0.57665 0.401517 0.579735 0.391292 0.581057 0.38424 0.579735
2 22 0.367374 0.570584 0.356016 0.561147 0.345129 0.547085 0.342952 0.537106 0.344403 0.527126 0.354927 0.518054 0.366176 0.516694 0.37924 0.520322 0.394481 0.528034 0.383957 0.544817 0.376337 0.562507 0.373797 0.574301
4 29 0.199917 0.295718 0.201508 0.306654 0.154703 0.313467 0.055001 0.323083 0 0.332926 0 0.322468 0.0699257 0.312307 0.154394 0.301671
3 29 0.278827 0.284553 0.28047 0.295852 0.238892 0.301683 0.201508 0.306654 0.199917 0.295718 0.240881 0.290249
1 29 0.312342 0.315877 0.313211 0.304028 0.312816 0.278651 0.311947 0.263346 0.32443 0.263497 0.33881 0.270174 0.34374 0.281985 0.344151 0.291229 0.339221 0.304582 0.332647 0.313826 0.323609 0.316394
2 29 0.305121 0.31588 0.291152 0.308177 0.28047 0.295852 0.278827 0.284553 0.282113 0.275823 0.291152 0.268633 0.300572 0.265123 0.312026 0.263247 0.312974 0.278947 0.313211 0.304225 0.312184 0.316074
4 36 0.739941 0.505375 0.746836 0.499478 0.759848 0.539586 0.765814 0.57886 0.765416 0.600733 0.757064 0.626584 0.721816 0.689601 0.697969 0.727379 0.671282 0.783068 0.658048 0.821503 0.6544 0.844876 0.65896 0.869389 0.677202 0.902453 0.70639 0.931527 0.719616 0.938368 0.734665 0.937798 0.815843 0.903593 0.810827 0.912715 0.754276 0.941788 0.728281 0.947489 0.714143 0.946919 0.696357 0.934947 0.667625 0.900743 0.647103 0.863118 0.645735 0.845446 0.653031 0.808962 0.677202 0.748534 0.725109 0.666445 0.74594 0.633305 0.756355 0.606084 0.759669 0.580045 0.755408 0.555191
3 36 0.69721 0.443995 0.69975 0.434016 0.715265 0.444139 0.735586 0.474984 0.746836 0.499478 0.739941 0.505375 0.726877 0.483602 0.71345 0.458654
1 36 0.645318 0.440366 0.656204 0.424944 0.664187 0.400449 0.670719 0.386841 0.658108 0.377785 0.643652 0.376022 0.633074 0.378226 0.624965 0.386159 0.619323 0.401144 0.619676 0.414366 0.625317 0.427148 0.632369 0.435962
2 36 0.651124 0.444449 0.663825 0.445356 0.673259 0.442634 0.681969 0.439459 0.688138 0.439913 0.69721 0.443995 0.69975 0.434016 0.691404 0.415872 0.68088 0.395006 0.670719 0.386841 0.664187 0.400449 0.656204 0.424944 0.645318 0.440366
0 22 0.389141 0.550293 0.387891 0.553906 0.385625 0.557031 0.385156 0.560059 0.387344 0.565137 0.391953 0.566406 0.394219 0.56582 0.396406 0.565234 0.396641 0.55791 0.399922 0.555176 0.400469 0.551465 0.400391 0.546777 0.400078 0.544824 0.397813 0.542578 0.395 0.541797 0.391953 0.542871 0.390156 0.545508 0.389922 0.547656
0 29 0.327035 0.277565 0.325297 0.279342 0.326403 0.283588 0.328299 0.284971 0.33138 0.284477 0.332722 0.281515 0.33209 0.278552 0.330748 0.27717 0.328694 0.27717
