4 15 0.637137 0.164531 0.636263 0.175813 0.598077 0.172841 0.546723 0.172841 0.502541 0.173325 0.466947 0.169241 0.432657 0.161287 0.393482 0.145102 0.342787 0.119008 0.304446 0.095578 0.270791 0.073212 0.234154 0.046054 0.182121 0 0.193866 0.00127655 0.244758 0.0410624 0.295926 0.077472 0.353011 0.111021 0.40754 0.138711 0.461291 0.157973 0.526397 0.163207 0.553662 0.165337 0.61586 0.165337
3 15 0.692243 0.157318 0.69284 0.170571 0.681327 0.170556 0.658858 0.171236 0.636263 0.175813 0.637137 0.164531 0.671491 0.160164
2 15 0.728047 0.135352 0.728359 0.149512 0.728437 0.158008 0.729453 0.168066 0.729688 0.183594 0.720316 0.185503 0.714642 0.18569 0.707773 0.182517 0.703442 0.17953 0.698963 0.175424 0.69284 0.170571 0.692243 0.157318 0.694334 0.151532 0.697171 0.145746 0.708967 0.138653 0.720465 0.13604
0 15 0.724755 0.169079 0.721321 0.170199 0.719081 0.172812 0.719678 0.175612 0.722217 0.176545 0.725203 0.175985 0.726995 0.174678 0.727891 0.171879
1 15 0.728203 0.135254 0.728516 0.149316 0.728594 0.158496 0.729531 0.168164 0.729922 0.183398 0.733904 0.182143 0.737787 0.180837 0.743013 0.177477 0.748389 0.170944 0.752122 0.163478 0.753018 0.158438 0.752719 0.151532 0.750479 0.145559 0.74376 0.138093 0.739131 0.136226 0.733606 0.134546
4 6 0.635288 0.164067 0.634347 0.176125 0.669314 0.184537 0.691158 0.190718 0.712014 0.198411 0.723896 0.200441 0.735279 0.200096 0.747017 0.197581 0.755737 0.193808 0.766134 0.187938 0.780475 0.179033 0.803026 0.153981 0.84338 0.103925 0.882575 0.0564163 0.91974 0 0.910684 0 0.868982 0.0572411 0.840345 0.0895732 0.819125 0.116669 0.794736 0.148418 0.77722 0.17012 0.766469 0.1762 0.757079 0.181231 0.741316 0.188777 0.73159 0.189196 0.721863 0.190035 0.711245 0.189222 0.704088 0.185842 0.693691 0.180811 0.687319 0.178296 0.679605 0.175362 0.650092 0.168654
3 6 0.582821 0.154361 0.585645 0.137892 0.595997 0.146421 0.606349 0.15142 0.621877 0.159949 0.635288 0.164067 0.634347 0.176125 0.622113 0.176125 0.613407 0.17289 0.59435 0.16142
2 6 0.545412 0.110247 0.544471 0.121128 0.544471 0.132598 0.544 0.143186 0.543765 0.152303 0.542344 0.159961 0.545412 0.160832 0.552235 0.162596 0.559529 0.16289 0.566587 0.162008 0.574586 0.159361 0.582821 0.154361 0.585645 0.137892 0.575998 0.123481 0.567057 0.117011 0.555937 0.113281
1 6 0.545412 0.110247 0.536001 0.108482 0.531295 0.110247 0.525648 0.11407 0.522119 0.118481 0.519531 0.123481 0.518119 0.129951 0.51859 0.137304 0.519766 0.144656 0.52259 0.14995 0.532707 0.158479 0.538589 0.159361 0.542188 0.159961 0.543765 0.152303 0.544 0.143186 0.544471 0.132598 0.544471 0.121128
4 23 0.761813 0.311988 0.764712 0.325805 0.727654 0.338856 0.641226 0.379255 0.601809 0.397569 0.558383 0.432465 0.504323 0.476776 0.472637 0.5017 0.470046 0.510122 0.463556 0.531612 0.442237 0.597401 0.423189 0.638076 0.39078 0.671218 0.375052 0.695279 0.362126 0.712591 0.352431 0.735674 0.344583 0.741445 0.343198 0.737982 0.347353 0.728749 0.367666 0.689509 0.388902 0.65777 0.414293 0.632956 0.428604 0.605834 0.452148 0.540626 0.462766 0.506002 0.467383 0.493306 0.486763 0.475694 0.565253 0.415402 0.592175 0.390625 0.615888 0.377631 0.641226 0.366668 0.704673 0.338653 0.743451 0.320186
3 23 0.829218 0.293869 0.831211 0.310856 0.822332 0.312894 0.811823 0.313347 0.797146 0.315159 0.790985 0.316292 0.764712 0.325805 0.761813 0.311988 0.779389 0.303608 0.794066 0.298625 0.802401 0.295907 0.817621 0.294775
2 23 0.866544 0.273711 0.867631 0.283676 0.868718 0.29251 0.8689 0.301796 0.869081 0.310629 0.8689 0.317651 0.864188 0.319916 0.856941 0.320822 0.849874 0.320142 0.842989 0.31833 0.837734 0.315386 0.831211 0.310856 0.829218 0.293869 0.832842 0.286847 0.839727 0.280506 0.844619 0.277561 0.854766 0.274843
1 23 0.866544 0.273711 0.867631 0.283676 0.868718 0.29251 0.8689 0.301796 0.869081 0.310629 0.8689 0.317651 0.875785 0.314933 0.88267 0.311309 0.888831 0.307232 0.892455 0.303382 0.894448 0.297493 0.895173 0.291604 0.894267 0.285488 0.892455 0.280053 0.889375 0.27507 0.885207 0.272352 0.87506 0.271899
4 33 0.307995 0.613311 0.31064 0.621957 0.345262 0.610328 0.377604 0.601545 0.406296 0.594936 0.449593 0.585965 0.478255 0.577366 0.515516 0.562319 0.561949 0.534373 0.619847 0.493529 0.682492 0.449102 0.71964 0.420695 0.738433 0.405399 0.745863 0.399936 0.753292 0.391195 0.759411 0.370436 0.775581 0.331649 0.769899 0.331649 0.765529 0.338751 0.742366 0.392834 0.702596 0.423427 0.640537 0.466584 0.585262 0.504815 0.540019 0.537056 0.499251 0.558959 0.462656 0.571023 0.430237 0.577753 0.411336 0.580903 0.375285 0.591066 0.334612 0.602611
3 33 0.239647 0.642044 0.241477 0.653232 0.260599 0.64357 0.294366 0.630602 0.31064 0.621957 0.307995 0.613311 0.259378 0.633399 0.245139 0.637213
2 33 0.188589 0.63289 0.192969 0.647559 0.195078 0.658887 0.198203 0.66748 0.200078 0.678027 0.202266 0.685059 0.207969 0.68252 0.217271 0.677134 0.231713 0.667217 0.238426 0.659335 0.241477 0.653232 0.239647 0.642044 0.225611 0.632128 0.215847 0.629585 0.200183 0.628568
1 33 0.188589 0.63289 0.182486 0.635942 0.178011 0.639247 0.173739 0.64357 0.169671 0.651452 0.16784 0.655521 0.166009 0.661369 0.165602 0.668743 0.167433 0.675608 0.170484 0.681202 0.175366 0.685016 0.181265 0.687813 0.187775 0.687813 0.2025 0.685352 0.2 0.678027 0.197813 0.667383 0.195156 0.658301 0.192734 0.647266
4 40 0.459796 0.744683 0.470678 0.748823 0.460063 0.773441 0.447036 0.811592 0.438475 0.837181 0.424331 0.853 0.415398 0.857188 0.405349 0.853931 0.397904 0.848348 0.393066 0.838112 0.39046 0.824154 0.393438 0.810662 0.398649 0.800426 0.427309 0.773441 0.436986 0.744595 0.448897 0.704117 0.454108 0.696673 0.461924 0.693882 0.467135 0.695277 0.476957 0.698371 0.46959 0.713362 0.458574 0.716214 0.452247 0.725054 0.448152 0.738081 0.441825 0.756226 0.438475 0.767858 0.433636 0.778559 0.430286 0.785072 0.420237 0.797169 0.407954 0.807405 0.404604 0.814384 0.40051 0.824154 0.401254 0.832529 0.405349 0.839508 0.412048 0.84323 0.426192 0.837181 0.438847 0.801822 0.454852 0.761809 0.459796 0.744683 0.459796 0.744683 0.469932 0.717859 0.471303 0.712933 0.478498 0.69473 0.489891 0.679108 0.492154 0.696078 0.487001 0.70565 0.481068 0.720429 0.470678 0.748823 0.459796 0.744683
2 40 0.52379 0.659049 0.52765 0.659363 0.529244 0.673314 0.530167 0.681915 0.531007 0.6923 0.531091 0.710656 0.526095 0.710477 0.521363 0.71022 0.508199 0.707906 0.502233 0.705335 0.498325 0.701992 0.492154 0.696078 0.489891 0.679108 0.497502 0.669337 0.505319 0.66368 0.512518 0.66188
1 40 0.527818 0.659468 0.528741 0.666076 0.530167 0.681286 0.531091 0.691985 0.531007 0.711181 0.536585 0.709963 0.546253 0.706877 0.550984 0.703792 0.555921 0.697878 0.55839 0.691193 0.559829 0.682708 0.558801 0.675508 0.55551 0.668566 0.55119 0.663423 0.545019 0.660081 0.533705 0.658023
4 49 0.642677 0.56401 0.64106 0.574068 0.605055 0.55742 0.572603 0.540194 0.530697 0.519704 0.481565 0.478739 0.449806 0.446419 0.432302 0.429332 0.424213 0.420665 0.420746 0.411035 0.422672 0.397553 0.429606 0.390812 0.439236 0.385997 0.446555 0.385516 0.453874 0.388886 0.459652 0.399083 0.46232 0.40803 0.462563 0.416825 0.462563 0.424711 0.458496 0.419702 0.455029 0.408628 0.449636 0.401887 0.442703 0.398998 0.43731 0.400442 0.435384 0.404776 0.438466 0.417295 0.44694 0.428851 0.458496 0.437518 0.511694 0.489916 0.531104 0.50508 0.552959 0.515902 0.605748 0.545153
3 49 0.685657 0.603786 0.68872 0.5923 0.667527 0.576974 0.647511 0.565829 0.642677 0.56401 0.64106 0.574068 0.648967 0.579476 0.667345 0.589256
2 49 0.730234 0.596289 0.721837 0.608332 0.717051 0.615989 0.713797 0.623646 0.709777 0.631064 0.706484 0.641699 0.701737 0.638961 0.696377 0.633696 0.6914 0.628432 0.689103 0.621732 0.686997 0.616228 0.686614 0.610964 0.685657 0.603786 0.68872 0.5923 0.69542 0.589189 0.703077 0.586557 0.710734 0.586557 0.722986 0.591104
1 49 0.730078 0.59668 0.721837 0.608332 0.717051 0.615989 0.713797 0.623646 0.709777 0.631064 0.706562 0.641699 0.712457 0.643268 0.723943 0.643507 0.730643 0.641832 0.737343 0.6392 0.740023 0.635371 0.742703 0.628432 0.743468 0.621014 0.741746 0.613357 0.739257 0.608332 0.737151 0.604025
0 40 0.547031 0.679297 0.54625 0.682227 0.546641 0.686426 0.548594 0.687305 0.549922 0.687109 0.55125 0.685645 0.552187 0.683203 0.551641 0.679785 0.549453 0.677832 0.548281 0.678223
