4 7 0.52373 0.573203 0.524087 0.565613 0.524074 0.565612 0.524846 0.565076 0.556659 0.568232 0.665732 0.5878 0.743492 0.601789 0.862333 0.625931 0.919186 0.640345 0.952402 0.656656 1 0.690021 1 0.701884 0.94011 0.658338 0.915054 0.648768 0.86165 0.633672 0.743057 0.608359 0.669004 0.596434 0.626753 0.589051 0.559484 0.576567
3 7 0.466556 0.571976 0.513442 0.565081 0.524087 0.565613 0.523662 0.574662 0.515561 0.574313 0.468853 0.581491 0.468853 0.577718
1 7 0.421522 0.564385 0.409908 0.573222 0.405868 0.585215 0.406373 0.597208 0.408898 0.606045 0.412938 0.613619 0.420355 0.6173 0.428268 0.6173 0.434423 0.616201 0.43934 0.614676 0.437462 0.606577 0.434364 0.600121 0.429105 0.584628 0.424598 0.569956
2 7 0.424531 0.570215 0.422187 0.564063 0.429375 0.563086 0.442385 0.561176 0.450559 0.563122 0.455619 0.565068 0.461458 0.567501 0.466129 0.570907 0.468853 0.577718 0.468853 0.585016 0.46535 0.591341 0.458344 0.600586 0.453673 0.605938 0.447891 0.611523 0.439766 0.614648 0.4375 0.606152 0.434688 0.600195 0.431641 0.59209 0.429453 0.583984
4 14 0 0.636787 0.0185946 0.63624 0.0339976 0.636413 0.0649423 0.638148 0.082397 0.63727 0.097104 0.632916 0.115314 0.623925 0.144319 0.608245 0.203531 0.577284 0.245715 0.559869 0.246282 0.560066 0.2458 0.560278 0.24667 0.567344 0.21578 0.579225 0.118228 0.629822 0.103045 0.636987 0.0849245 0.645954 0.0657749 0.648902 0.0352464 0.647862 0.0179008 0.646647 0 0.645494
3 14 0.2458 0.560278 0.299086 0.536801 0.299769 0.536631 0.30127 0.542261 0.304588 0.543769 0.246673 0.567376
1 14 0.325293 0.498584 0.32573 0.496946 0.333155 0.48548 0.34189 0.480021 0.350626 0.479475 0.359361 0.480567 0.36766 0.487118 0.373338 0.502405 0.374212 0.517693 0.369407 0.531342 0.354557 0.542261 0.34058 0.545537 0.33927 0.540623 0.333592 0.528066 0.327914 0.510595
2 14 0.299523 0.53571 0.302581 0.529158 0.324856 0.499676 0.325475 0.499418 0.327914 0.510595 0.333592 0.528066 0.33927 0.540623 0.340434 0.544991 0.313937 0.544991 0.306075 0.544445 0.30127 0.542261
4 20 0.631904 0.271606 0.790416 0.283623 0.902902 0.293848 0.921847 0.291555 1 0.274292 1 0.282292 0.92708 0.301848 0.907169 0.303625 0.791685 0.294199 0.72317 0.28859 0.632778 0.279493
3 20 0.565505 0.273149 0.567204 0.270176 0.566313 0.26628 0.617686 0.270826 0.631361 0.271098 0.632311 0.280423 0.621849 0.280584 0.604154 0.279283 0.588542 0.276681
2 20 0.518984 0.279687 0.523906 0.268945 0.526875 0.260645 0.529141 0.241797 0.530774 0.229987 0.542223 0.236348 0.559918 0.251961 0.565122 0.261068 0.567204 0.270176 0.564602 0.274729 0.558357 0.277332 0.53806 0.282536 0.529733 0.282536
1 20 0.494343 0.250659 0.495905 0.238299 0.503711 0.22724 0.512038 0.225939 0.524008 0.225939 0.530774 0.229842 0.529297 0.241406 0.526641 0.261035 0.523828 0.269141 0.518828 0.279883 0.512422 0.278125 0.507875 0.274729 0.50215 0.270176 0.496425 0.261068
4 26 0.39279 0 0.398069 0 0.41103 0.112331 0.426229 0.199144 0.43783 0.248088 0.445565 0.27105 0.45765 0.289781 0.469335 0.304389 0.467414 0.310634 0.46565 0.310245 0.451078 0.295933 0.439628 0.278369 0.42974 0.252998 0.418811 0.199003 0.404042 0.120192
3 26 0.467158 0.311464 0.46976 0.303007 0.48121 0.308211 0.494741 0.310813 0.503589 0.310163 0.527122 0.303278 0.527008 0.303657 0.527008 0.30756 0.528384 0.311574 0.512734 0.316862 0.496952 0.320384 0.478917 0.318271
2 26 0.527008 0.303657 0.528569 0.298453 0.536896 0.290646 0.546784 0.286743 0.560316 0.284141 0.560576 0.284304 0.564844 0.28291 0.566797 0.310547 0.566719 0.321191 0.566484 0.327344 0.563959 0.327077 0.553125 0.326172 0.547422 0.323926 0.54106 0.320571 0.528569 0.312114 0.527008 0.30756
1 26 0.564844 0.282715 0.570204 0.281539 0.586858 0.284141 0.594144 0.289996 0.597266 0.295851 0.598125 0.306543 0.595156 0.318066 0.58998 0.323173 0.585703 0.326074 0.576969 0.327727 0.566484 0.327637 0.566719 0.321191 0.567031 0.31123
