4 7 0.343649 0.599265 0.352672 0.595317 0.367529 0.644216 0.38906 0.73236 0.433037 0.889005 0.447648 0.953688 0.456171 1 0.449475 1 0.437299 0.944556 0.415383 0.850195 0.378247 0.728437 0.349934 0.619778
3 7 0.319804 0.535375 0.328495 0.530179 0.340039 0.556401 0.352672 0.595317 0.343649 0.599265 0.336429 0.574449 0.325601 0.547378
1 7 0.293356 0.513177 0.302031 0.507324 0.309766 0.49834 0.315625 0.492871 0.324609 0.488086 0.330703 0.483594 0.323866 0.46904 0.315741 0.460915 0.307291 0.458884 0.300141 0.460103 0.293641 0.46579 0.287791 0.476759 0.285191 0.493009 0.288116 0.506009
2 7 0.298268 0.519789 0.310736 0.533013 0.31527 0.535375 0.319804 0.535375 0.328495 0.530179 0.333029 0.522623 0.335674 0.512232 0.335674 0.501841 0.332273 0.489089 0.330313 0.483691 0.324922 0.487891 0.315547 0.492676 0.309609 0.498633 0.302109 0.507129 0.293356 0.513177
4 14 0.604414 0.927249 0.613313 0.921422 0.623405 0.9403 0.64159 1 0.63273 1 0.621073 0.962448
3 14 0.562037 0.860505 0.566698 0.848322 0.582378 0.856797 0.59721 0.875337 0.607804 0.900234 0.613313 0.921422 0.604414 0.927249 0.599753 0.904471 0.587887 0.880105 0.57475 0.866862
1 14 0.516693 0.844614 0.519595 0.846658 0.522381 0.84245 0.528882 0.832438 0.53666 0.82228 0.545934 0.811771 0.55229 0.804885 0.54212 0.791642 0.524321 0.783697 0.513727 0.784756 0.502709 0.794291 0.498895 0.808593 0.50059 0.823425 0.505675 0.835609
2 14 0.519247 0.846948 0.530254 0.854149 0.547629 0.862094 0.55907 0.862094 0.562037 0.860505 0.566698 0.848322 0.562884 0.823955 0.55229 0.804885 0.545934 0.811771 0.53666 0.82199 0.52865 0.832728 0.522729 0.842305
4 21 0.804737 0.424488 0.812893 0.428857 0.822042 0.382391 0.822042 0.32789 0.806339 0.21496 0.795839 0.186523 0.784756 0.166107 0.795839 0.159545 0.799339 0.14642 0.797006 0.12965 0.787673 0.119442 0.774257 0.119442 0.758507 0.131108 0.756757 0.14642 0.75909 0.158087 0.768423 0.169024 0.780673 0.182878 0.79234 0.203294 0.802839 0.246313 0.812756 0.34329 0.812756 0.373914
3 21 0.769929 0.494791 0.776531 0.49916 0.777696 0.506927 0.788814 0.486141 0.805902 0.450217 0.812893 0.428857 0.804737 0.424488 0.796582 0.449246 0.779494 0.480801
1 21 0.728374 0.524404 0.736172 0.530859 0.745234 0.536523 0.75125 0.541602 0.757501 0.549647 0.764104 0.560813 0.753229 0.575376 0.74119 0.580231 0.731093 0.580231 0.723325 0.577318 0.718277 0.567123 0.717888 0.556443 0.720219 0.543336
2 21 0.731936 0.519493 0.750899 0.503529 0.764492 0.494791 0.769929 0.494791 0.776531 0.49916 0.777696 0.506927 0.776143 0.522947 0.767599 0.551589 0.764104 0.560813 0.757501 0.549647 0.751328 0.541602 0.745078 0.536328 0.736172 0.531152 0.728374 0.524404
4 27 0.561486 0.180759 0.571116 0.181306 0.589664 0.118041 0.605343 0.05086 0.616866 0 0.605085 0 0.591104 0.0615707 0.571986 0.133071
3 27 0.550365 0.269437 0.561133 0.266826 0.562361 0.232192 0.567176 0.200457 0.571116 0.181306 0.561486 0.180759 0.555795 0.197721 0.551856 0.23821
1 27 0.546162 0.324335 0.550365 0.324039 0.560173 0.32112 0.57325 0.32112 0.580723 0.322871 0.577076 0.339414 0.572261 0.345433 0.566571 0.347074 0.558254 0.346527 0.550813 0.339414
2 27 0.546162 0.324335 0.544761 0.300686 0.547096 0.283172 0.550365 0.269437 0.561133 0.266826 0.565778 0.269745 0.574652 0.277918 0.579322 0.293097 0.580723 0.322871 0.57325 0.32112 0.560173 0.32112 0.550365 0.324039
4 34 0.78699 0.259553 0.788391 0.247293 0.698938 0.172596 0.63131 0.119961 0.569201 0.075394 0.509509 0.026236 0.471586 0 0.464564 0.005168 0.531981 0.05696 0.606421 0.114897 0.6619 0.155277 0.733531 0.214092
3 34 0.846306 0.302433 0.850977 0.290757 0.813612 0.264223 0.788391 0.247293 0.78699 0.259553 0.826689 0.289911
1 34 0.869192 0.3433 0.877599 0.320531 0.886005 0.308271 0.894412 0.300098 0.902409 0.306009 0.907957 0.317612 0.908424 0.333375 0.903753 0.342716 0.897214 0.350305 0.88367 0.351473 0.876197 0.349138
2 34 0.864054 0.339298 0.851911 0.322866 0.846773 0.31119 0.846306 0.302433 0.850977 0.290757 0.860785 0.288422 0.873395 0.290173 0.894412 0.300098 0.886005 0.308271 0.877599 0.320531 0.869192 0.3433
4 42 0.750714 0.168689 0.760929 0.170108 0.743899 0.107701 0.729147 0.043564 0.720448 0 0.710784 0 0.722865 0.058061 0.734462 0.114841
3 42 0.756699 0.248667 0.766036 0.246545 0.766983 0.214563 0.760929 0.170108 0.750714 0.168689 0.754876 0.188079 0.758281 0.227805
1 42 0.745909 0.292156 0.749908 0.29376 0.771128 0.292169 0.785558 0.288455 0.792773 0.284742 0.794531 0.29883 0.79206 0.315305 0.785058 0.326631 0.778057 0.33075 0.76776 0.331779 0.757875 0.33075 0.751285 0.325601 0.746343 0.31582 0.744696 0.302949
2 42 0.745909 0.292156 0.751181 0.266174 0.755426 0.252381 0.756699 0.248667 0.766036 0.246545 0.780041 0.256094 0.789802 0.268826 0.792773 0.284742 0.785558 0.288455 0.771128 0.292169 0.749908 0.29376
0 21 0.731469 0.542323 0.731313 0.546229 0.732719 0.548768 0.735141 0.550233 0.738188 0.550038 0.741313 0.547499 0.741079 0.543885 0.739751 0.541249 0.737329 0.539393 0.734438 0.539589 0.732563 0.540663
0 27 0.55625 0.335059 0.555 0.336523 0.554688 0.340234 0.556719 0.342773 0.559922 0.344336 0.563203 0.343555 0.565078 0.340234 0.564375 0.336914 0.563047 0.33418 0.560391 0.333887 0.557656 0.334375
0 42 0.77873 0.269087 0.778819 0.273908 0.779896 0.279178 0.782317 0.280748 0.783753 0.278954 0.784201 0.276487 0.783214 0.271554 0.781151 0.26819 0.779896 0.268078
