4 10 0.959848 0.506815 1 0.448889 1 0.459727 0.966346 0.511338 0.964758 0.511437 0.965097 0.511156 0.960397 0.507043
3 10 0.919177 0.540805 0.919504 0.540533 0.922794 0.537008 0.951936 0.512919 0.958986 0.506456 0.960397 0.507043 0.965097 0.511156 0.92423 0.545061 0.924204 0.544646
2 10 0.889892 0.54112 0.898353 0.535833 0.907283 0.535833 0.915744 0.538183 0.924204 0.544646 0.924674 0.552284 0.924674 0.562859 0.922794 0.57226 0.919034 0.580485 0.916214 0.583423 0.914603 0.586662 0.913394 0.58401 0.909984 0.577695 0.907134 0.57315 0.90173 0.566394 0.892983 0.558164 0.887284 0.549074 0.884532 0.545511
0 10 0.894163 0.57143 0.894593 0.569322 0.895063 0.56756 0.897995 0.566025 0.900256 0.565903 0.903597 0.569096 0.903695 0.571922 0.901643 0.57461 0.899293 0.575785 0.898353 0.575785 0.895833 0.57573 0.894593 0.574022
1 10 0.884631 0.545757 0.871364 0.556198 0.863404 0.568728 0.861144 0.579292 0.862161 0.591648 0.8693 0.601403 0.874902 0.606193 0.884252 0.607512 0.889937 0.606439 0.894458 0.605211 0.900703 0.601049 0.914308 0.586908 0.913394 0.58401 0.910083 0.577204 0.901238 0.566148 0.892885 0.558409 0.887382 0.548951
1 18 0.884524 0.470106 0.885376 0.464251 0.891338 0.456266 0.901132 0.450943 0.907519 0.452008 0.914758 0.455202 0.921572 0.463718 0.923701 0.470999 0.924552 0.474364 0.919443 0.475961 0.906242 0.48501 0.901558 0.492462 0.895937 0.496289 0.894063 0.497754 0.892189 0.499382 0.886654 0.483413
2 18 0.892578 0.499121 0.896016 0.496387 0.901558 0.492462 0.906242 0.48501 0.919443 0.475961 0.924141 0.474316 0.92625 0.479297 0.928973 0.486994 0.932379 0.503548 0.931244 0.520103 0.925946 0.526725 0.922162 0.52909 0.918757 0.529563 0.916865 0.52909 0.911189 0.525779 0.901729 0.515373 0.89681 0.507805 0.894161 0.501656
3 18 0.925946 0.526725 0.931244 0.520103 0.934649 0.535711 0.935028 0.566456 0.934271 0.585199 0.927654 0.584712 0.9296 0.561359 0.928822 0.536059
4 18 0.919053 0.63089 0.927654 0.584712 0.934271 0.585199 0.930097 0.621431 0.921916 0.651086 0.892968 0.738167 0.829847 0.888394 0.77127 1 0.764706 1 0.824797 0.883976 0.886908 0.731855
4 26 0.442434 0.90385 0.59734 0.815769 0.673118 0.762869 0.737105 0.729272 0.750756 0.712996 0.784801 0.66724 0.799879 0.633734 0.804346 0.616284 0.80658 0.596739 0.801554 0.582779 0.787594 0.566026 0.759114 0.545085 0.703883 0.507936 0.655245 0.484775 0.65398 0.483646 0.656423 0.477538 0.706863 0.497994 0.757547 0.531244 0.793667 0.558979 0.804345 0.570722 0.81334 0.588825 0.81439 0.611927 0.80956 0.636603 0.795489 0.671518 0.762937 0.715096 0.743406 0.73741 0.683342 0.770487 0.603714 0.82453 0.443016 0.906762
1 26 0.567422 0.387019 0.557079 0.376371 0.546735 0.373329 0.537609 0.37485 0.532133 0.379414 0.529091 0.383216 0.527874 0.392343 0.529091 0.40223 0.53335 0.409075 0.540043 0.417441 0.552083 0.428144 0.555836 0.422458 0.558565 0.41663 0.56438 0.407554 0.566814 0.40223 0.570464 0.395385 0.571681 0.392343
2 26 0.557997 0.432835 0.552197 0.428002 0.555722 0.422742 0.557997 0.417056 0.56438 0.407554 0.566814 0.40223 0.570464 0.395385 0.571508 0.392777 0.583015 0.405258 0.597798 0.42985 0.59836 0.43416 0.59836 0.440711 0.595448 0.443623 0.58846 0.445807 0.571572 0.440711
3 26 0.592973 0.444396 0.595448 0.443623 0.59836 0.440711 0.59836 0.439357 0.642036 0.469829 0.656595 0.477108 0.653684 0.484388 0.644366 0.478564 0.627478 0.470557 0.593701 0.445079
1 35 0.263125 0.281055 0.267109 0.278711 0.277751 0.277065 0.291167 0.277065 0.298907 0.28158 0.304366 0.290692 0.304067 0.305445 0.300971 0.31512 0.294779 0.32286 0.281328 0.330078 0.276797 0.332129 0.274139 0.32415 0.268979 0.305445 0.265883 0.29448 0.265367 0.28932
2 35 0.239448 0.318162 0.239927 0.310369 0.243764 0.29838 0.250957 0.289388 0.263125 0.280859 0.265367 0.28932 0.265883 0.29448 0.268979 0.305445 0.274139 0.32415 0.276641 0.33252 0.269181 0.334348 0.258631 0.335547 0.251437 0.331351 0.243764 0.325955
3 35 0.194368 0.355329 0.201082 0.346337 0.215469 0.328353 0.233693 0.317563 0.239604 0.315618 0.239448 0.318162 0.242439 0.323563 0.220265 0.334947 0.208755 0.348136 0.198684 0.361324
4 35 0 0.939453 0.112118 0.561552 0.158999 0.434964 0.194783 0.355906 0.198684 0.361324 0.199451 0.36032 0.199227 0.361715 0.166753 0.439144 0.120892 0.562555 0 0.958937
