4 8 0.649627 0.294306 0.669608 0.333425 0.696089 0.368332 0.717956 0.391373 0.726574 0.381832 0.688386 0.33493 0.656609 0.287385 0.642405 0.260302 0.611831 0.195905 0.579573 0.135119 0.555981 0.09299 0.541399 0.059525 0.516285 0 0.50816 0 0.531797 0.058602 0.56479 0.127236 0.608617 0.207257 0.640872 0.275891
3 8 0.767939 0.440925 0.775325 0.432923 0.761291 0.41938 0.74307 0.399683 0.726574 0.381832 0.717956 0.391373 0.741347 0.414764 0.761291 0.434154
2 8 0.767939 0.440925 0.766954 0.444618 0.766707 0.452928 0.767692 0.460622 0.769908 0.467701 0.778613 0.481471 0.796592 0.463901 0.817948 0.44674 0.808811 0.437231 0.792068 0.429845 0.786651 0.429537 0.780496 0.429845 0.775325 0.432923
1 8 0.820493 0.451829 0.824093 0.458354 0.827063 0.465667 0.828503 0.473543 0.828233 0.479956 0.823616 0.490527 0.814885 0.497678 0.806756 0.498054 0.796519 0.495043 0.78568 0.490151 0.778831 0.48188 0.796592 0.464174 0.818166 0.44674
4 17 0.393177 0.345022 0.393177 0.335445 0.359467 0.335445 0.32431 0.339753 0.288217 0.345022 0.257572 0.352683 0.233822 0.357471 0.210211 0.35724 0.165698 0.350427 0.140988 0.342024 0.117371 0.330657 0.094387 0.315334 0.0837573 0.306141 0.0728561 0.29206 0.0606831 0.275481 0.053016 0.278943 0.077532 0.31725 0.102049 0.334487 0.13346 0.348852 0.184024 0.36609 0.219113 0.368368 0.251453 0.365189 0.290334 0.355423 0.31359 0.350654 0.346657 0.347247 0.393177 0.345022 0.437251 0.351003 0.440292 0.341329 0.51271 0.375189 0.586509 0.411121 0.657822 0.436689 0.647595 0.448781 0.607793 0.431506 0.524871 0.392118 0.437251 0.351003
3 17 0.7225 0.463292 0.714208 0.478495 0.696795 0.468475 0.662797 0.453618 0.647595 0.448781 0.657822 0.436689 0.688503 0.447399 0.710062 0.456728
2 17 0.767164 0.472113 0.752981 0.490196 0.740922 0.514276 0.731622 0.507863 0.723882 0.498188 0.715867 0.486096 0.714208 0.478495 0.7225 0.463292 0.730516 0.458801 0.743231 0.460183 0.75788 0.465711
1 17 0.767164 0.472113 0.775562 0.479428 0.78568 0.490151 0.7862 0.502353 0.783094 0.511937 0.777943 0.519626 0.772613 0.523583 0.766984 0.523219 0.759123 0.522006 0.740922 0.514457 0.752981 0.490196
4 26 0.402205 0.228681 0.414429 0.225932 0.409274 0.180255 0.388229 0.018365 0.386943 0.00895701 0.386079 0 0.37479 0 0.390379 0.106388 0.400592 0.205163
3 26 0.409193 0.283108 0.418095 0.280775 0.415102 0.240545 0.413803 0.226395 0.402205 0.228681 0.405968 0.260934
2 26 0.393177 0.315334 0.406967 0.320123 0.420757 0.32108 0.433015 0.318207 0.436846 0.315334 0.436071 0.306625 0.432308 0.296546 0.424782 0.287811 0.418553 0.280775 0.409193 0.283108 0.402205 0.29453 0.394679 0.305281
1 26 0.393177 0.345022 0.400838 0.360344 0.408499 0.364175 0.419225 0.36609 0.426886 0.365133 0.437251 0.351003 0.440292 0.341329 0.439612 0.329249 0.436846 0.315334 0.433015 0.318207 0.420757 0.32108 0.406967 0.320123 0.393177 0.315334 0.393177 0.335445
4 36 0.168068 0.631143 0.175014 0.620137 0.166766 0.602954 0.152332 0.577037 0.136783 0.539013 0.123943 0.505679 0.103561 0.443314 0.065407 0.319086 0.0608648 0.263445 0.0565044 0.207803 0.0517805 0.191225 0.041061 0.181005 0.000545058 0.155114 0 0.162603 0.041065 0.191824 0.050542 0.206829 0.0512355 0.23869 0.0565044 0.319767 0.0715843 0.371548 0.103613 0.474554 0.130149 0.557478 0.149734 0.601704
3 36 0.209477 0.676171 0.216211 0.664809 0.209814 0.659759 0.197237 0.647487 0.183491 0.629301 0.175357 0.619708 0.168068 0.631143 0.186584 0.653867 0.201734 0.6707
2 36 0.223954 0.709837 0.226984 0.705629 0.23136 0.697633 0.234727 0.692583 0.23843 0.68585 0.24146 0.683746 0.2455 0.684167 0.250213 0.686692 0.252233 0.682904 0.250886 0.677854 0.242807 0.6707 0.233717 0.666071 0.22429 0.664809 0.216211 0.664809 0.209477 0.676171 0.208131 0.682063 0.209141 0.690058 0.212844 0.698054 0.217557 0.703945
1 36 0.223954 0.709837 0.238093 0.722883 0.249877 0.731299 0.254926 0.732141 0.261323 0.729616 0.269066 0.721199 0.272433 0.713204 0.272769 0.704366 0.269739 0.694267 0.261323 0.684588 0.250886 0.677854 0.252233 0.682904 0.250213 0.686692 0.2455 0.684167 0.24146 0.683746 0.23843 0.68585 0.234727 0.692583 0.23136 0.697633 0.226984 0.705629
3 41 0.494451 0.62406 0.502936 0.621409 0.501345 0.602848 0.485966 0.554456 0.473769 0.561085 0.485436 0.590915
2 41 0.48297 0.658003 0.482784 0.657868 0.483338 0.670512 0.489672 0.66902 0.499754 0.669138 0.509831 0.667149 0.518866 0.66443 0.529148 0.662249 0.52574 0.651902 0.523619 0.64461 0.517785 0.63533 0.507709 0.623397 0.502936 0.621409 0.494451 0.62406 0.488618 0.63533 0.483315 0.646599
1 41 0.483797 0.67361 0.485436 0.68107 0.492702 0.698282 0.496741 0.702873 0.501974 0.705168 0.510891 0.705597 0.522028 0.700957 0.527861 0.694328 0.531043 0.684384 0.531043 0.6698 0.529423 0.66202 0.519049 0.664315 0.509831 0.667149 0.499754 0.669138 0.489764 0.669364 0.483246 0.670397
4 41 0.473769 0.561085 0.485966 0.554456 0.465814 0.514019 0.416494 0.422539 0.382023 0.366855 0.343478 0.294671 0.329958 0.271125 0.306543 0.239354 0.298543 0.227865 0.25902 0.169246 0.230649 0.120587 0.207859 0.0856439 0.19568 0.067804 0.189082 0.03234 0.185124 0 0.178228 0 0.186443 0.058732 0.189707 0.0767458 0.200959 0.090072 0.219433 0.116463 0.256798 0.180408 0.303886 0.247596 0.344793 0.309452 0.372504 0.367183 0.388339 0.395224 0.460256 0.528007
4 48 0.614326 0.828346 0.624926 0.826041 0.6217 0.808183 0.610178 0.781683 0.596352 0.751727 0.579301 0.719467 0.557179 0.672228 0.535058 0.630175 0.524458 0.607131 0.512015 0.580632 0.480676 0.495372 0.462702 0.456199 0.440581 0.41933 0.411756 0.386166 0.398642 0.364026 0.388964 0.342136 0.374678 0.326005 0.354791 0.305495 0.329739 0.288561 0.270459 0.241056 0.257919 0.233495 0.255031 0.236503 0.258401 0.243724 0.292579 0.273811 0.328201 0.30149 0.353715 0.318339 0.383079 0.356248 0.40763 0.395962 0.448066 0.453728 0.475024 0.504876 0.499574 0.574075 0.526051 0.63846 0.552045 0.690209 0.574189 0.73594 0.596814 0.781672 0.607886 0.807547
3 48 0.617552 0.892866 0.626769 0.894595 0.629074 0.884801 0.630917 0.867519 0.629535 0.851965 0.624926 0.826041 0.614326 0.828346 0.617552 0.847356 0.619396 0.867519 0.618474 0.879617
2 48 0.599118 0.940681 0.597434 0.950997 0.612545 0.952725 0.623904 0.954824 0.631212 0.955441 0.6323 0.943561 0.632761 0.935496 0.631378 0.922822 0.628152 0.911301 0.626769 0.894595 0.617552 0.892866 0.612483 0.901507 0.605109 0.917062 0.6005 0.931464
1 48 0.597632 0.950626 0.597274 0.957963 0.599118 0.967756 0.601883 0.976974 0.607874 0.983311 0.611561 0.985615 0.615248 0.985615 0.620317 0.985039 0.624926 0.979854 0.629535 0.969485 0.631378 0.955659 0.624101 0.954947 0.612545 0.952848 0.60415 0.951614
0 8 0.814573 0.486208 0.816232 0.491599 0.81872 0.492324 0.821042 0.490977 0.821457 0.487141 0.820545 0.483616 0.818637 0.482268 0.816232 0.483098
0 26 0.413085 0.341602 0.411316 0.343942 0.41246 0.347713 0.416101 0.349664 0.41787 0.347323 0.417454 0.343422 0.414957 0.341602
0 48 0.61375 0.955371 0.613203 0.958008 0.613594 0.960059 0.614141 0.962109 0.617109 0.962695 0.619297 0.959668 0.618984 0.95625 0.617656 0.954004 0.615547 0.954004
0 36 0.245343 0.693904 0.242056 0.697895 0.240648 0.706111 0.243371 0.709045 0.248253 0.70752 0.250038 0.704585 0.251258 0.70212 0.252197 0.697191 0.250789 0.692143 0.247408 0.691909
