4 6 0.864079 0.237192 0.864817 0.23212 0.903816 0.221041 0.931075 0.209115 0.958334 0.190375 1 0.152326 1 0.159709 0.963487 0.195937 0.937273 0.215546 0.909927 0.225925 0.864789 0.237636
3 6 0.806727 0.235473 0.807036 0.233736 0.807036 0.229713 0.829669 0.230815 0.864921 0.231403 0.863981 0.237866 0.84659 0.239041 0.829669 0.239041
1 6 0.759609 0.207129 0.749796 0.209699 0.742527 0.21481 0.740256 0.218217 0.738893 0.224464 0.738893 0.230143 0.739347 0.236957 0.741164 0.239797 0.748888 0.244908 0.758437 0.24834 0.75875 0.243262 0.759453 0.238086 0.759531 0.225488 0.759687 0.212793
2 6 0.759453 0.207227 0.763954 0.20681 0.786374 0.20681 0.793408 0.210107 0.803519 0.220548 0.807036 0.226592 0.807036 0.233736 0.806157 0.238681 0.794287 0.245825 0.791602 0.248284 0.786328 0.251074 0.776094 0.250293 0.758437 0.248242 0.758594 0.243457 0.759297 0.237988 0.759609 0.226367 0.759766 0.212793
4 12 0.769776 0.549898 0.773717 0.543783 0.773473 0.543602 0.773541 0.543594 0.840571 0.598852 0.887708 0.634515 0.925952 0.661667 1 0.70274 0.998737 0.715488 0.921242 0.668367 0.883367 0.640717 0.833371 0.604007 0.769864 0.550008
3 12 0.725838 0.513258 0.741574 0.520002 0.773717 0.543783 0.769452 0.550401 0.742486 0.527846 0.72808 0.520929 0.728525 0.517036
2 12 0.687031 0.510352 0.692342 0.507397 0.706578 0.50369 0.717255 0.506656 0.723779 0.510363 0.728525 0.517036 0.727338 0.527416 0.722593 0.537055 0.718441 0.545952 0.714289 0.551142 0.710703 0.554395 0.704799 0.557074 0.7025 0.557715 0.700703 0.553809 0.698867 0.547435
1 12 0.668616 0.537055 0.669803 0.528899 0.672768 0.522226 0.679293 0.51407 0.687004 0.510363 0.698867 0.547435 0.700703 0.553809 0.701562 0.555273 0.702109 0.558398 0.695901 0.560781 0.688783 0.560781 0.684038 0.56004 0.675734 0.556332 0.670396 0.546694
4 19 0.66611 0.542855 0.645011 0.569049 0.612551 0.593608 0.579525 0.607405 0.540462 0.609072 0.493001 0.599739 0.413336 0.571113 0.342344 0.546049 0.32092 0.537387 0.192776 0.494403 0.192537 0.494168 0.193232 0.494423 0.194246 0.487451 0.317457 0.525458 0.417874 0.561721 0.495524 0.589337 0.539262 0.59774 0.571526 0.599239 0.601123 0.588407 0.633906 0.565846 0.663858 0.532366 0.66611 0.542855 0.666297 0.543194 0.663601 0.531704 0.675709 0.508821 0.686952 0.489002 0.699348 0.474227 0.717943 0.464318 0.737834 0.455489 0.747426 0.450597 0.750919 0.440028 0.755515 0.436121 0.75386 0.449219 0.746324 0.460018 0.728676 0.466912 0.713051 0.474265 0.699265 0.484145 0.691544 0.494945 0.683272 0.506434 0.677022 0.516774 0.672964 0.523006 0.66949 0.530283 0.668363 0.538264 0.666297 0.543194
3 19 0.143814 0.466695 0.146628 0.464585 0.14947 0.461744 0.1496 0.460274 0.194368 0.486609 0.193232 0.494423 0.18357 0.490871
2 19 0.106853 0.464874 0.0980469 0.460742 0.102344 0.446289 0.105547 0.436523 0.111563 0.428711 0.116094 0.423535 0.130703 0.433496 0.144354 0.441852 0.147764 0.448246 0.150038 0.45535 0.14947 0.461744 0.146628 0.464585 0.140944 0.468848 0.125599 0.470269 0.111959 0.467427
1 19 0.086261 0.439461 0.087115 0.430919 0.090532 0.423445 0.095657 0.419174 0.100625 0.418262 0.108828 0.419531 0.116158 0.423445 0.111563 0.428418 0.105391 0.436523 0.102266 0.446094 0.0980469 0.461035 0.0946094 0.458887 0.091386 0.455478 0.087115 0.445868
4 25 0.218674 0.592181 0.219268 0.586389 0.32206 0.646151 0.338937 0.654188 0.362002 0.659049 0.396434 0.674025 0.518462 0.724964 0.601741 0.75491 0.819847 0.826393 0.824455 0.828858 0.812097 0.834725 0.601176 0.765689 0.518707 0.738328 0.394633 0.683031 0.376066 0.673929 0.364011 0.668906 0.356778 0.667901 0.343115 0.666896 0.32463 0.659864 0.240665 0.607741
1 25 0.126452 0.511853 0.131622 0.501865 0.135853 0.497753 0.141963 0.494815 0.147603 0.494227 0.159824 0.49834 0.167344 0.505978 0.165625 0.508691 0.162734 0.512793 0.155156 0.522363 0.146193 0.529479 0.134141 0.537402 0.129742 0.530654 0.126452 0.523604
2 25 0.134063 0.5375 0.146193 0.529479 0.155078 0.522363 0.162422 0.512988 0.165703 0.508594 0.167266 0.506152 0.171575 0.512111 0.174121 0.517284 0.177011 0.528122 0.179902 0.542057 0.179902 0.548251 0.177424 0.552896 0.175773 0.554444 0.172882 0.555992 0.164212 0.555992 0.158018 0.554444 0.14398 0.545154
3 25 0.169727 0.555992 0.172882 0.555992 0.175773 0.554444 0.176994 0.5533 0.202035 0.573938 0.219346 0.586147 0.218669 0.592236 0.199748 0.58028 0.17247 0.557541
4 32 0.000703829 0.523424 0.0517451 0.548433 0.123493 0.60007 0.222938 0.658252 0.21899 0.665175 0.120531 0.607224 0.0465271 0.555318 0 0.530252
3 32 0.218887 0.665433 0.22241 0.658252 0.267622 0.690264 0.26652 0.695774 0.266891 0.697935
1 32 0.289297 0.736816 0.282125 0.72991 0.294297 0.712793 0.297812 0.702051 0.301406 0.691113 0.302734 0.68291 0.315751 0.690119 0.320719 0.697006 0.32379 0.703441 0.32504 0.712842 0.324389 0.722595 0.322439 0.72991 0.316875 0.738965 0.311145 0.741488 0.305533 0.742101 0.297187 0.741016
2 32 0.26652 0.695774 0.267821 0.689272 0.273673 0.683582 0.286027 0.680331 0.299031 0.681957 0.302734 0.68291 0.301406 0.691016 0.297734 0.701855 0.294141 0.713184 0.282187 0.72998 0.280825 0.728284 0.276924 0.723408 0.271722 0.714467 0.268471 0.707152
0 25 0.146172 0.519727 0.144844 0.524023 0.146328 0.527246 0.15 0.526367 0.152969 0.523145 0.153828 0.519336 0.15375 0.51709 0.152266 0.515723 0.15 0.516113 0.147891 0.517773
0 19 0.107813 0.432715 0.107891 0.437012 0.111875 0.439844 0.114688 0.44043 0.116875 0.43877 0.116562 0.436035 0.113906 0.432227 0.111016 0.43125 0.109922 0.430859 0.108516 0.43125
0 12 0.688594 0.533203 0.687422 0.535742 0.689297 0.540527 0.691172 0.542773 0.693125 0.543262 0.69375 0.54248 0.694297 0.540234 0.693281 0.536816 0.691172 0.533594 0.689766 0.533105
0 6 0.748984 0.22373 0.748125 0.228125 0.748516 0.231055 0.749922 0.232813 0.752109 0.232324 0.753281 0.229297 0.753594 0.225586 0.751875 0.222266 0.750234 0.222168
