4 7 0.800576 0.726721 0.806032 0.716979 0.775481 0.683363 0.738697 0.662752 0.687467 0.645454 0.622243 0.632137 0.561931 0.624937 0.515855 0.629137 0.470739 0.636936 0.45106 0.647136 0.438581 0.665734 0.408824 0.71673 0.402584 0.730529 0.396345 0.732929 0.383386 0.731129 0.362267 0.71913 0.355068 0.707131 0.358908 0.705331 0.389625 0.72093 0.397304 0.72093 0.389145 0.708931 0.371387 0.695732 0.354588 0.695132 0.347388 0.701731 0.346429 0.714331 0.355548 0.72573 0.378106 0.740729 0.389625 0.744328 0.400664 0.744328 0.409304 0.737729 0.420616 0.720768 0.43592 0.693461 0.44914 0.671134 0.464979 0.654335 0.482738 0.646536 0.539373 0.635736 0.58134 0.63781 0.645048 0.648282 0.679726 0.654857 0.727654 0.669712 0.740539 0.675534 0.766875 0.691532
3 7 0.838286 0.795809 0.843576 0.79203 0.851133 0.792503 0.830973 0.75741 0.806032 0.716979 0.800576 0.726721 0.813437 0.747181 0.830583 0.778357
1 7 0.85 0.858156 0.859446 0.843041 0.864736 0.834539 0.87456 0.828872 0.884762 0.827455 0.891682 0.838421 0.893322 0.849491 0.89201 0.863022 0.887746 0.872042 0.881841 0.875732 0.872329 0.877782 0.866425 0.877782 0.858224 0.874092 0.851008 0.863432
2 7 0.845843 0.850598 0.839798 0.830761 0.838286 0.808089 0.838286 0.795809 0.843576 0.79203 0.851133 0.792503 0.866625 0.804311 0.880228 0.819425 0.884762 0.827455 0.87456 0.828872 0.864736 0.834539 0.859446 0.843041 0.85 0.858156
4 14 0.342311 0.920845 0.346736 0.920845 0.351564 0.913804 0.377735 0.939234 0.404469 0.970424 0.418727 0.993259 0.422737 1 0.410707 1 0.394221 0.977107 0.373725 0.954272 0.352784 0.932551
3 14 0.29721 0.870044 0.303078 0.861793 0.324207 0.882625 0.351564 0.913804 0.346736 0.920845 0.342311 0.920845 0.316563 0.890671
1 14 0.259806 0.852625 0.270074 0.846666 0.279241 0.835665 0.285109 0.826038 0.288409 0.818704 0.278695 0.808819 0.268009 0.805257 0.257679 0.807483 0.25198 0.814607 0.249842 0.82841 0.251267 0.842659
2 14 0.262739 0.856751 0.277774 0.868669 0.289876 0.871419 0.29721 0.870044 0.303078 0.861793 0.301977 0.842082 0.296477 0.827414 0.288409 0.818704 0.285109 0.826038 0.279241 0.835665 0.270074 0.846666 0.259806 0.852625
4 21 0.297852 0.882495 0.29745 0.874449 0.350986 0.868569 0.405598 0.863368 0.457644 0.865493 0.54447 0.874421 0.654592 0.896564 0.729903 0.920665 0.772996 0.939891 0.807765 0.965383 0.832027 0.988847 0.839974 1 0.835433 1 0.824863 0.997606 0.822759 0.995633 0.794613 0.971959 0.75313 0.94131 0.683655 0.915902 0.601441 0.896288 0.509344 0.882248 0.437782 0.876878 0.36659 0.876035 0.316904 0.880572
3 21 0.223491 0.877929 0.226932 0.867713 0.225642 0.85696 0.238712 0.8659 0.271299 0.874449 0.29745 0.874449 0.297852 0.882495 0.290208 0.883501 0.255609 0.880986
1 21 0.187344 0.888965 0.189609 0.882812 0.1925 0.867969 0.194671 0.856422 0.196875 0.844824 0.198594 0.829883 0.193381 0.828462 0.177464 0.828766 0.164992 0.831784 0.158153 0.840333 0.156141 0.852402 0.156544 0.861454 0.15936 0.871512 0.165797 0.880061
2 21 0.19123 0.889221 0.203704 0.888145 0.216609 0.883844 0.223491 0.877929 0.226932 0.867713 0.225642 0.85696 0.213598 0.841367 0.198594 0.82959 0.196797 0.845313 0.194671 0.856422 0.192734 0.868164 0.189688 0.883008 0.187656 0.888867
4 28 0.56345 0.461887 0.567347 0.451657 0.628494 0.482093 0.68909 0.520523 0.720384 0.539991 0.795684 0.580318 0.886676 0.634149 0.924131 0.645684 0.949644 0.659254 1 0.699966 1 0.714216 0.950187 0.673504 0.921417 0.657219 0.891562 0.649076 0.867135 0.636863 0.784082 0.586651 0.716036 0.550366 0.663276 0.519208 0.621048 0.48947 0.587147 0.472371
3 28 0.488624 0.430906 0.490405 0.42022 0.526428 0.430711 0.567347 0.451657 0.56345 0.461887 0.52448 0.444838 0.499929 0.436069
1 28 0.443742 0.436249 0.447304 0.422467 0.450622 0.409797 0.452865 0.395895 0.453716 0.38549 0.443386 0.385044 0.43448 0.385044 0.425575 0.389497 0.417739 0.399738 0.41667 0.409088 0.418807 0.42111 0.424863 0.42957
2 28 0.449297 0.437988 0.460234 0.439844 0.474375 0.43803 0.484349 0.433578 0.488624 0.430906 0.490405 0.42022 0.487555 0.412205 0.478294 0.398402 0.466895 0.390388 0.453716 0.38549 0.453047 0.395996 0.450313 0.410156 0.4475 0.422656 0.443742 0.436249
4 35 0.178119 0.608403 0.187889 0.604192 0.147111 0.544416 0.116367 0.508771 0.083395 0.479253 0.052206 0.450291 0.033318 0.443034 0 0.435253 0 0.443608 0.020126 0.44862 0.043295 0.457531 0.068692 0.477025 0.102109 0.510442 0.110486 0.517952 0.137754 0.550543 0.157804 0.576163
3 35 0.196109 0.684171 0.201654 0.682438 0.210435 0.681283 0.201702 0.63325 0.187889 0.604192 0.178119 0.608403 0.183846 0.620195 0.188228 0.630448 0.190247 0.641251 0.192943 0.663992
1 35 0.181172 0.719336 0.187791 0.719408 0.204375 0.722363 0.217813 0.722949 0.228359 0.722168 0.227157 0.732939 0.221867 0.750888 0.214688 0.758445 0.204864 0.759862 0.193906 0.757973 0.185593 0.748998 0.181814 0.734356
2 35 0.183027 0.713344 0.188715 0.69688 0.196109 0.684171 0.201654 0.682438 0.210435 0.681283 0.218291 0.68937 0.223836 0.701501 0.228125 0.722266 0.218203 0.722852 0.204297 0.722461 0.187791 0.719408 0.181172 0.719336
4 43 0.934153 0.096097 0.943895 0.099507 0.961816 0.063896 0.980975 0.024352 0.993896 0 0.984094 0 0.969836 0.024909 0.949786 0.063896
3 43 0.902894 0.167745 0.908298 0.169824 0.911625 0.17658 0.923631 0.143349 0.943895 0.099507 0.934153 0.096097 0.915057 0.135555
1 43 0.870464 0.206203 0.8846 0.21244 0.892915 0.218676 0.900815 0.226991 0.907467 0.22907 0.90543 0.242383 0.896467 0.264303 0.884776 0.275507 0.877372 0.27843 0.86685 0.27502 0.859446 0.2682 0.856328 0.251638 0.856328 0.237998 0.858666 0.228256
2 43 0.872749 0.200118 0.887095 0.180218 0.897904 0.169824 0.902894 0.167745 0.908298 0.169824 0.911625 0.17658 0.911625 0.188533 0.907467 0.22907 0.900815 0.226991 0.892915 0.218676 0.8846 0.21244 0.870464 0.206203
0 7 0.870391 0.836719 0.868437 0.839648 0.868672 0.844141 0.870156 0.846875 0.872812 0.848047 0.874453 0.847852 0.875703 0.845996 0.876094 0.843359 0.876016 0.839258 0.874297 0.837109 0.872812 0.836426
0 35 0.199683 0.728683 0.197948 0.731284 0.198642 0.733777 0.20159 0.735294 0.205319 0.734861 0.206533 0.731067 0.204192 0.727274 0.201417 0.727274
0 21 0.190547 0.840527 0.189922 0.844043 0.191328 0.847461 0.194453 0.84707 0.196094 0.845215 0.195781 0.841113 0.193828 0.839258 0.191328 0.839844
0 43 0.876601 0.219646 0.874861 0.223779 0.873817 0.226062 0.876166 0.227367 0.877384 0.226823 0.880603 0.221386 0.881125 0.217906 0.879733 0.217145 0.878602 0.217145
