3 8 0.911759 0.633351 0.940885 0.627327 0.948841 0.626568 0.953269 0.625134 0.95843 0.62436 0.962408 0.623742 0.96286 0.613567 0.95728 0.61222 0.945676 0.609044 0.935275 0.608479 0.913116 0.60961 0.913568 0.617524
2 8 0.867203 0.639145 0.864855 0.632492 0.864228 0.624663 0.866185 0.595895 0.867908 0.587969 0.876486 0.59039 0.894123 0.6 0.913116 0.60961 0.913568 0.617524 0.911759 0.633351 0.903619 0.633351 0.890505 0.635047 0.879024 0.636797
1 8 0.867894 0.587564 0.862467 0.585868 0.852518 0.585868 0.843474 0.587564 0.837595 0.592086 0.833525 0.6 0.833525 0.61074 0.835334 0.622046 0.839404 0.63109 0.843926 0.635612 0.851162 0.639004 0.86699 0.639569 0.864776 0.632296 0.86415 0.624761 0.866029 0.595993
0 8 0.854154 0.616012 0.853701 0.612621 0.850536 0.609229 0.846466 0.610925 0.845561 0.617708 0.847822 0.623361 0.850988 0.623926 0.853701 0.6211 0.854154 0.616012 0.867894 0.614697 0.867894 0.619219 0.869251 0.623176 0.873321 0.623742 0.876034 0.620915 0.876938 0.616958 0.875129 0.611306 0.869703 0.611871 0.867894 0.614697
4 15 0.698082 0.454922 0.707314 0.429125 0.718176 0.376852 0.720892 0.320505 0.718176 0.297424 0.70926 0.257424 0.70325 0.219864 0.702426 0.207813 0.700254 0.196951 0.707857 0.184731 0.716547 0.172511 0.720892 0.141283 0.722521 0.0829 0.718176 0.062534 0.708884 0.0461488 0.677987 0.021802 0.674728 0.031985 0.691021 0.043526 0.702426 0.055745 0.712202 0.07068 0.713266 0.092473 0.712515 0.128625 0.711138 0.153352 0.706771 0.167759 0.70134 0.181337 0.693737 0.189483 0.692107 0.197485 0.693737 0.212565 0.703 0.272135 0.711116 0.307607 0.712745 0.349697 0.708944 0.380925 0.699711 0.422336 0.693194 0.449491 0.698082 0.454922 0.670927 0.503122 0.66278 0.535708 0.656806 0.574403 0.655122 0.610038 0.665486 0.610038 0.665496 0.579155 0.669663 0.544593 0.67853 0.509232 0.670927 0.503122
3 15 0.659564 0.693318 0.669434 0.687149 0.664992 0.671727 0.665486 0.64335 0.665486 0.610038 0.655122 0.610038 0.653208 0.639139 0.652655 0.664324 0.656109 0.684681
2 15 0.658577 0.745136 0.671408 0.737117 0.683252 0.724779 0.694603 0.709974 0.689105 0.702107 0.681181 0.693979 0.673358 0.691058 0.669434 0.687149 0.659564 0.693318 0.655884 0.705154 0.654259 0.716965 0.655579 0.732457
1 15 0.658577 0.745136 0.665637 0.759634 0.675085 0.769666 0.681486 0.773222 0.689308 0.774238 0.696623 0.772841 0.704243 0.763697 0.707189 0.753665 0.706884 0.742871 0.702922 0.730299 0.694603 0.709974 0.683252 0.724779 0.671408 0.737117
4 22 0.590136 0.391081 0.59415 0.37791 0.574844 0.364844 0.521395 0.337142 0.455982 0.316514 0.3728 0.295497 0.302656 0.279883 0.248944 0.280068 0.202281 0.293866 0.20411 0.300249 0.248944 0.291985 0.28361 0.287791 0.308058 0.288948 0.3862 0.307665 0.458384 0.327891 0.495781 0.338477 0.516719 0.346094 0.538455 0.355958 0.575083 0.37791
3 22 0.650346 0.447528 0.658876 0.434984 0.644827 0.423068 0.635625 0.41582 0.62125 0.401758 0.59415 0.37791 0.590469 0.390625 0.612969 0.40918
2 22 0.66289 0.493313 0.671921 0.481396 0.684967 0.458818 0.693194 0.449491 0.686974 0.443138 0.676437 0.436866 0.658876 0.434984 0.650346 0.447528 0.651583 0.460386 0.653092 0.473736 0.654718 0.483168
1 22 0.66289 0.493313 0.670927 0.503122 0.67853 0.509232 0.686974 0.517146 0.6945 0.519655 0.700521 0.519655 0.707917 0.515973 0.711715 0.511791 0.715072 0.50523 0.717502 0.499019 0.718083 0.488923 0.717773 0.48263 0.715072 0.475752 0.70846 0.467145 0.698082 0.454922 0.693194 0.449491 0.684967 0.458818 0.671921 0.481396
4 30 0.247017 0.336266 0.205679 0.312405 0.164649 0.293553 0.090892 0.280382 0.047239 0.270347 0 0.25404 0 0.262193 0.049748 0.281636 0.096411 0.291044 0.148593 0.29857 0.175621 0.30824 0.221849 0.330557 0.261989 0.356899 0.274533 0.364112 0.276471 0.355387
3 30 0.276724 0.355229 0.293285 0.36629 0.318687 0.383868 0.31367 0.396412 0.291091 0.376342 0.274533 0.364112
2 30 0.333238 0.432789 0.347287 0.412092 0.359831 0.385123 0.349294 0.378223 0.338256 0.377596 0.327217 0.378851 0.318687 0.383868 0.31367 0.396412 0.317182 0.411465 0.324104 0.423369
1 30 0.333238 0.432789 0.342771 0.442824 0.352806 0.447215 0.36535 0.447215 0.37388 0.444079 0.381406 0.433416 0.384417 0.418991 0.38241 0.405193 0.377392 0.397666 0.371371 0.392022 0.359831 0.385123 0.347287 0.412092
4 37 0.080856 0.275364 0.05326 0.300452 0 0.341846 0 0.329897 0.076167 0.264426
3 37 0.136551 0.234597 0.136049 0.256548 0.111463 0.260312 0.086376 0.271601 0.080856 0.275364 0.0763628 0.263814 0.101428 0.245259 0.117484 0.237106
2 37 0.172677 0.265329 0.15883 0.259808 0.136049 0.256548 0.136551 0.234597 0.149132 0.225328 0.166154 0.216408 0.171172 0.232715
1 37 0.166154 0.216408 0.171172 0.232715 0.172677 0.265329 0.182321 0.270374 0.187393 0.273266 0.194253 0.274737 0.201274 0.274378 0.204789 0.272855 0.211814 0.264702 0.217333 0.254667 0.220494 0.246016 0.221849 0.235224 0.22085 0.224883 0.217835 0.217035 0.21382 0.210646 0.210309 0.207628 0.199772 0.20261 0.190239 0.203237 0.178197 0.210136
4 42 0.169317 0.139668 0.176663 0.141963 0.14664 0.216072 0.138014 0.213762
3 42 0.169317 0.139668 0.174826 0.123024 0.200079 0.073667 0.214771 0.046693 0.216148 0.058172 0.220046 0.063044 0.201915 0.092033 0.176663 0.141963
2 42 0.271564 0.00148464 0.264833 0.00445392 0.257311 0.0153413 0.241079 0.0217747 0.228542 0.0196302 0.217985 0.024744 0.213498 0.0338168 0.214771 0.046693 0.216148 0.058172 0.226826 0.0677985 0.235932 0.069943 0.248997 0.0643344 0.268924 0.0517974 0.280933 0.0516324 0.294201 0.039232 0.302006 0.028328 0.30522 0.01685 0.303843 0.007093 0.298333 0 0.285936 0
0 42 0.289609 0.009963 0.282263 0.008815 0.272622 0.01398 0.269867 0.019719 0.272162 0.026032 0.276754 0.02718 0.288232 0.020867 0.29466 0.017424 0.295119 0.013406
4 49 0.293432 0.676704 0.297357 0.663458 0.272234 0.629842 0.240376 0.595019 0.213018 0.570129 0.183544 0.55357 0.140992 0.526634 0.108977 0.506475 0.0827892 0.48923 0.000129561 0.420887 0 0.429794 0.0902447 0.509164 0.144691 0.540815 0.201597 0.573193 0.233779 0.599684 0.263262 0.633945
3 49 0.341312 0.730667 0.351123 0.720855 0.331101 0.707119 0.306154 0.67826 0.297357 0.663458 0.293432 0.676704 0.318157 0.70761
2 49 0.347591 0.77678 0.353086 0.774328 0.360935 0.766969 0.375848 0.751761 0.383697 0.739497 0.375992 0.733025 0.36304 0.723552 0.357115 0.721313 0.351123 0.720855 0.341312 0.730667 0.339742 0.743912 0.341704 0.763535
1 49 0.347591 0.77678 0.353464 0.789505 0.364467 0.806705 0.374671 0.813083 0.38566 0.815045 0.395079 0.809649 0.400181 0.803271 0.403713 0.792969 0.405283 0.779233 0.402928 0.763535 0.398611 0.756176 0.394294 0.75029 0.383697 0.739497 0.375848 0.751761 0.360935 0.766969 0.353086 0.774328
0 49 0.363758 0.785049 0.364234 0.788741 0.365091 0.792076 0.367569 0.795767 0.36976 0.796363 0.371475 0.794338 0.371094 0.788741 0.367569 0.784096 0.364806 0.783977
4 8 0.961976 0.623623 0.986001 0.626784 0.998645 0.628364 0.998555 0.616736 0.962337 0.613349
