4 7 0.850955 0.199256 0.853587 0.198891 0.951936 0.223478 1 0.237871 1 0.245667 0.858384 0.210885 0.857336 0.210478 0.853232 0.199576
3 7 0.7835 0.19997 0.785558 0.19654 0.784715 0.189167 0.809076 0.193367 0.853232 0.199576 0.857648 0.211305 0.80742 0.205096
2 7 0.778584 0.203804 0.773355 0.207436 0.767544 0.208162 0.762314 0.208162 0.747205 0.203804 0.732109 0.196973 0.732097 0.192908 0.73384 0.189277 0.735469 0.183398 0.736563 0.178125 0.737891 0.169141 0.738489 0.163853 0.741976 0.158769 0.748368 0.159495 0.765219 0.167485 0.776841 0.176928 0.784395 0.186371 0.785558 0.19654 0.782071 0.202351
1 7 0.718099 0.171599 0.723047 0.163086 0.728437 0.159473 0.733281 0.158008 0.741328 0.158398 0.738489 0.163853 0.737187 0.175586 0.735625 0.183301 0.73384 0.189277 0.732097 0.192908 0.731797 0.196973 0.727578 0.194727 0.720727 0.18868 0.718099 0.180796
0 7 0.728638 0.175962 0.731037 0.172364 0.734875 0.172364 0.735355 0.172964 0.735781 0.175098 0.735355 0.179561 0.734063 0.181738 0.732956 0.181959 0.729597 0.18136
4 15 0 0.325614 0.053495 0.33364 0.105018 0.347209 0.2206 0.387151 0.266978 0.403497 0.346334 0.447135 0.470142 0.520841 0.470703 0.52166 0.466523 0.528627 0.467675 0.529521 0.465676 0.528896 0.353254 0.463667 0.284664 0.423298 0.237112 0.402439 0.14645 0.373009 0.0631268 0.346445 0.000443371 0.33708
3 15 0.466523 0.528627 0.470943 0.52126 0.485678 0.53139 0.536697 0.570363 0.536467 0.570459 0.533707 0.576669 0.53452 0.581415
2 15 0.533707 0.576669 0.536467 0.570459 0.541434 0.568389 0.554129 0.568389 0.569031 0.571839 0.573828 0.572852 0.572895 0.575979 0.571239 0.584258 0.566272 0.591847 0.562408 0.601507 0.556889 0.616685 0.552473 0.620825 0.549161 0.617375 0.545589 0.612766 0.535363 0.586328
1 15 0.552891 0.620703 0.556889 0.616685 0.562408 0.601507 0.566272 0.591847 0.571239 0.584258 0.572895 0.575979 0.573906 0.572754 0.585101 0.577443 0.592297 0.585239 0.598534 0.596034 0.599493 0.606229 0.599493 0.616424 0.595176 0.626619 0.58654 0.635014 0.575506 0.636214 0.562073 0.631416
3 23 0.604608 0.713045 0.626157 0.711074 0.645603 0.707789 0.660329 0.702317 0.660329 0.706612 0.66284 0.709751 0.652961 0.713702 0.626511 0.721939 0.607156 0.722677
1 23 0.695645 0.67215 0.70572 0.67215 0.715795 0.676348 0.722512 0.682945 0.72491 0.69314 0.72491 0.702735 0.722512 0.71173 0.717714 0.716528 0.712917 0.718327 0.700234 0.721387 0.700443 0.717128 0.700443 0.710531 0.698047 0.698926 0.6975 0.687793 0.697085 0.678747 0.696125 0.67335
4 23 0.155441 0.453335 0.156178 0.445968 0.159862 0.445047 0.162809 0.446889 0.165755 0.452414 0.183256 0.496316 0.197724 0.53771 0.207369 0.573209 0.213642 0.593312 0.218799 0.609888 0.224692 0.623701 0.242198 0.645547 0.266637 0.66215 0.300341 0.681762 0.332301 0.695563 0.373559 0.707911 0.410749 0.717354 0.449682 0.718081 0.52022 0.716797 0.576351 0.714998 0.604657 0.712599 0.605142 0.712996 0.604608 0.713045 0.607274 0.722824 0.582776 0.725118 0.453961 0.731013 0.408843 0.728199 0.370263 0.720698 0.317751 0.703819 0.271991 0.682519 0.24402 0.66189 0.219479 0.636839 0.210155 0.618889 0.201854 0.584103 0.191937 0.548426 0.175219 0.501139
2 23 0.660329 0.699303 0.664227 0.689557 0.673323 0.680623 0.683651 0.675149 0.692287 0.67275 0.695781 0.672559 0.697085 0.678747 0.697734 0.688184 0.698281 0.699512 0.700443 0.710531 0.700443 0.717128 0.700391 0.721094 0.694206 0.721925 0.683069 0.722043 0.671374 0.71717 0.664877 0.712297 0.660329 0.706612
4 33 0.556498 0.342603 0.54966 0.345682 0.557687 0.350778 0.560418 0.3524 0.561254 0.352264 0.565862 0.349474 0.558282 0.342603 0.557638 0.341796 0.556498 0.342603 0.556498 0.342603 0.57909 0.329226 0.588602 0.320308 0.589791 0.31362 0.590562 0.307912 0.585611 0.300214 0.578004 0.297195 0.573144 0.295784 0.563632 0.292812 0.558282 0.292812 0.551742 0.292812 0.546986 0.297271 0.544608 0.303959 0.54347 0.31576 0.549364 0.331456 0.558282 0.342603 0.568388 0.351521 0.582745 0.358957 0.610605 0.368679 0.642703 0.385706 0.662728 0.395379 0.675961 0.399732 0.684319 0.402798 0.680752 0.408743 0.673618 0.408743 0.65281 0.399826 0.614166 0.379761 0.571601 0.36273 0.556626 0.353298 0.54758 0.344089 0.539852 0.333685 0.533906 0.322538 0.532717 0.31139 0.533906 0.300243 0.539852 0.290582 0.549364 0.283894 0.558282 0.282408 0.573739 0.284637 0.590385 0.291325 0.600492 0.303216 0.601067 0.31093 0.596925 0.322538 0.591574 0.331456 0.581468 0.340373 0.561254 0.352264 0.503852 0.374484 0.424018 0.397393 0.35659 0.412969 0.310712 0.427109 0.271118 0.44125 0.1842 0.481107 0.179187 0.473448 0.271406 0.432147 0.320577 0.411372 0.355212 0.402247 0.446384 0.381279 0.483195 0.370406 0.524927 0.356046 0.556498 0.342603
3 33 0.135274 0.499439 0.179187 0.473448 0.1842 0.481107 0.138248 0.507269
2 33 0.0828906 0.518359 0.096757 0.508632 0.118191 0.500172 0.126087 0.498056 0.131728 0.499467 0.135274 0.499439 0.138248 0.507269 0.137932 0.512863 0.135676 0.520618 0.127812 0.528125 0.10875 0.543945 0.100078 0.548535 0.0967969 0.54375 0.0922656 0.539453 0.0892187 0.533789 0.0861719 0.528516 0.0842969 0.523145
1 33 0.073134 0.532511 0.075578 0.524567 0.0829688 0.517969 0.0842969 0.523047 0.08625 0.528809 0.0890625 0.533789 0.0925781 0.539648 0.0966406 0.543945 0.100078 0.548535 0.0950781 0.549902 0.086822 0.550233 0.078511 0.547178 0.073134 0.539845
4 43 0.661957 0.780754 0.648124 0.67948 0.647366 0.637767 0.651916 0.588469 0.659501 0.55434 0.66936 0.521159 0.699951 0.455076 0.714844 0.439783 0.741237 0.424772 0.787426 0.404647 0.820418 0.393264 0.841684 0.39602 0.84983 0.402129 0.863678 0.419439 0.895376 0.493395 0.899343 0.503642 0.899343 0.509141 0.895824 0.509141 0.892306 0.505842 0.883509 0.483849 0.857501 0.43335 0.848059 0.41581 0.841859 0.408835 0.820002 0.405928 0.789383 0.414574 0.751557 0.433267 0.724287 0.447562 0.716295 0.4543 0.704054 0.469555 0.690859 0.502543 0.677664 0.531133 0.668867 0.565221 0.659191 0.612504 0.657053 0.668655 0.657053 0.697036 0.66202 0.734286 0.669499 0.779968
3 43 0.661957 0.780754 0.669499 0.779968 0.682068 0.824747 0.686467 0.831818 0.688353 0.836531 0.688353 0.842816 0.687724 0.855385 0.687591 0.858042 0.686823 0.856961 0.685529 0.856961 0.681646 0.859118 0.68128 0.861065 0.680567 0.86022 0.670909 0.818638 0.663934 0.793152
2 43 0.673758 0.906822 0.676039 0.886618 0.679921 0.868285 0.681646 0.859118 0.685529 0.856961 0.686823 0.856961 0.690274 0.861814 0.701921 0.881226 0.704941 0.887158 0.707344 0.893164 0.713594 0.907422 0.704531 0.908398 0.698281 0.908594 0.691484 0.909863 0.681646 0.91358 0.673019 0.917354
1 43 0.673351 0.917685 0.673706 0.917053 0.681646 0.91358 0.69125 0.909961 0.697969 0.908496 0.704766 0.908496 0.71375 0.90752 0.714552 0.910684 0.715352 0.924185 0.714552 0.936185 0.711352 0.946186 0.703751 0.950186 0.694951 0.950186 0.683751 0.944686 0.678551 0.934685 0.674951 0.925685
0 43 0.687876 0.920562 0.68448 0.92389 0.685398 0.927333 0.687142 0.929857 0.692099 0.928366 0.699535 0.927333 0.703299 0.92607 0.705319 0.922054 0.703391 0.917808 0.697883 0.917464 0.692008 0.918497
