4 8 0.650217 0.631291 0.647225 0.620071 0.68771 0.619582 0.759543 0.624607 0.790465 0.626149 0.812973 0.630582 0.826266 0.637106 0.834017 0.648349 0.839302 0.663777 0.841352 0.676862 0.838743 0.694395 0.830262 0.719676 0.808943 0.757558 0.787099 0.797251 0.765033 0.822963 0.744463 0.828573 0.731747 0.827638 0.699584 0.810808 0.667046 0.778084 0.673203 0.774477 0.702391 0.800475 0.723519 0.813613 0.742967 0.819223 0.761667 0.813146 0.776677 0.798844 0.806911 0.743585 0.824361 0.709826 0.830412 0.689914 0.83219 0.678639 0.832339 0.667461 0.828423 0.658371 0.824321 0.650447 0.81814 0.642511 0.789343 0.635966 0.757445 0.633346 0.732869 0.630823 0.682816 0.630287
3 8 0.566442 0.644381 0.568686 0.637836 0.566955 0.628749 0.585889 0.627551 0.647225 0.620071 0.650217 0.631291 0.593369 0.639238
2 8 0.520625 0.660156 0.526016 0.631836 0.534297 0.603809 0.535937 0.597168 0.549612 0.606514 0.557466 0.616799 0.566816 0.628019 0.568686 0.637836 0.566442 0.644381 0.557466 0.651393 0.545124 0.657471 0.534278 0.660743
1 8 0.534375 0.603613 0.526094 0.632129 0.520312 0.660449 0.513708 0.657003 0.503237 0.649991 0.495009 0.639238 0.490895 0.625681 0.490521 0.613994 0.493139 0.604644 0.497253 0.598099 0.504359 0.592022 0.512586 0.589217 0.519318 0.589217 0.527546 0.591554 0.535859 0.596777
0 8 0.510326 0.616135 0.507988 0.613822 0.50526 0.61577 0.503985 0.621006 0.505358 0.624172 0.507725 0.624746 0.510717 0.622876 0.511465 0.619604 0.510326 0.616135 0.522439 0.611841 0.523935 0.615581 0.522113 0.622102 0.521333 0.622346 0.519288 0.623928 0.518411 0.628312 0.519385 0.629895 0.522113 0.63026 0.523769 0.627094 0.523769 0.62405 0.522113 0.622102 0.523935 0.615581 0.526927 0.616048 0.529545 0.614646 0.530293 0.609036 0.529919 0.605296 0.527675 0.602958 0.524683 0.603426 0.522813 0.606698 0.522439 0.611841
4 15 0.708607 0.504778 0.709285 0.494613 0.723515 0.498002 0.79853 0.523737 0.844335 0.539809 0.880898 0.557889 0.932605 0.606137 0.974275 0.666363 1 0.711762 1 0.730417 0.958574 0.66654 0.915614 0.604925 0.881245 0.57327 0.8315 0.548398 0.774973 0.529178 0.725229 0.509959
3 15 0.647546 0.489647 0.648224 0.487106 0.648224 0.477672 0.659477 0.477672 0.684889 0.484872 0.709285 0.494613 0.708607 0.504778 0.668625 0.492496
2 15 0.602229 0.507228 0.604857 0.49573 0.608471 0.466983 0.612085 0.449325 0.616356 0.450967 0.624898 0.455074 0.637382 0.463698 0.645267 0.47109 0.648224 0.476428 0.648224 0.487106 0.64461 0.500658 0.636396 0.506818 0.623584 0.510103 0.611757 0.509692
1 15 0.609785 0.448503 0.597301 0.446861 0.589417 0.447682 0.583503 0.451378 0.580218 0.457127 0.577261 0.46493 0.575618 0.475196 0.577261 0.48382 0.580875 0.493266 0.588431 0.501068 0.594344 0.504354 0.602229 0.507228 0.604857 0.49573 0.608471 0.466983 0.612085 0.449325
4 23 0.359121 0.404055 0.371577 0.395516 0.358318 0.370404 0.305895 0.270476 0.275443 0.197868 0.169663 0 0.15155 0 0.248152 0.173156 0.293367 0.273608 0.345358 0.376172
3 23 0.380014 0.462817 0.391667 0.459302 0.390059 0.448252 0.384836 0.422638 0.371577 0.395516 0.359121 0.404055 0.371175 0.431176 0.377202 0.450763
2 23 0.36997 0.49245 0.373437 0.493457 0.38805 0.493956 0.400908 0.485418 0.410149 0.479391 0.4138 0.476994 0.419058 0.472652 0.414551 0.468191 0.40814 0.464324 0.396488 0.460306 0.391667 0.459302 0.380014 0.462817 0.373586 0.474369 0.371175 0.482405
1 23 0.36997 0.49245 0.371979 0.509526 0.377604 0.52158 0.386041 0.536145 0.399301 0.545688 0.409747 0.547194 0.416578 0.54619 0.424614 0.540665 0.42823 0.526602 0.429435 0.510028 0.425819 0.489939 0.418989 0.472862 0.413987 0.477112 0.410149 0.479391 0.400908 0.485418 0.38805 0.493956 0.373125 0.493652
4 29 0.207542 0.46888 0.214774 0.45532 0.202301 0.448078 0.181602 0.439731 0.156673 0.43375 0.117953 0.432195 0.0649018 0.438793 0 0.451804 0.000241 0.461993 0.081163 0.449095 0.134386 0.444343 0.160902 0.447104 0.182722 0.452489
3 29 0.23406 0.540701 0.244909 0.542208 0.244105 0.519105 0.236069 0.494495 0.225622 0.467876 0.214774 0.45532 0.207542 0.46888 0.219997 0.485957 0.228435 0.505042 0.232453 0.525634
2 29 0.246172 0.591699 0.232734 0.584961 0.219531 0.579102 0.213594 0.573828 0.208437 0.56875 0.212422 0.561035 0.217586 0.55376 0.228033 0.544719 0.23406 0.540701 0.244909 0.542208 0.248927 0.546728 0.250935 0.556271 0.251337 0.568325 0.250534 0.577868
1 29 0.20875 0.56875 0.207542 0.571338 0.201916 0.585903 0.200711 0.598962 0.204327 0.612522 0.210756 0.619554 0.217988 0.623572 0.22281 0.626083 0.229239 0.623572 0.236873 0.618047 0.242096 0.6075 0.246328 0.591992 0.2325 0.584863 0.219609 0.578516 0.213516 0.573926
4 36 0.332753 0.792325 0.339264 0.784186 0.291973 0.708259 0.258464 0.660473 0.22281 0.626083 0.217988 0.623572 0.210756 0.619554 0.204327 0.612522 0.193805 0.597938 0.157543 0.571421 0.0368514 0.500168 0.000402015 0.475712 0.000938036 0.492965 0.068333 0.53414 0.163086 0.591546 0.225426 0.642184 0.274568 0.701712 0.31849 0.772037
3 36 0.332753 0.792325 0.339264 0.784186 0.357495 0.8124 0.375615 0.841594 0.370951 0.842242 0.364874 0.849838 0.360099 0.836816
2 36 0.369649 0.885648 0.372109 0.885645 0.375547 0.884668 0.390859 0.878516 0.398828 0.870508 0.403828 0.860547 0.406641 0.855078 0.403505 0.850923 0.398906 0.845508 0.392654 0.841157 0.384407 0.841157 0.378764 0.841157 0.370951 0.842242 0.364874 0.849838 0.363572 0.86503 0.36444 0.876424
1 36 0.369649 0.885648 0.374857 0.894872 0.383973 0.906809 0.391786 0.911149 0.401335 0.914405 0.410016 0.911149 0.418264 0.900298 0.418698 0.889446 0.417395 0.878595 0.413055 0.866658 0.406544 0.855264 0.403984 0.860547 0.398438 0.870996 0.390781 0.87832 0.375625 0.884668 0.371953 0.885742
4 42 0.172912 0.818696 0.177353 0.808209 0.149476 0.802283 0.103263 0.796638 0 0.794611 0 0.805243 0.0639585 0.806868 0.115079 0.811381
3 42 0.172912 0.818696 0.177353 0.808209 0.238055 0.81993 0.257809 0.827993 0.253335 0.834704 0.249269 0.843174 0.248582 0.848331 0.214709 0.831315
2 42 0.252996 0.875363 0.260451 0.869857 0.2635 0.866892 0.268582 0.858845 0.276375 0.840633 0.278747 0.831739 0.281119 0.823692 0.274004 0.821151 0.267227 0.820727 0.260112 0.824539 0.253335 0.834704 0.249269 0.843174 0.247914 0.853339 0.24893 0.863081 0.250286 0.869434
1 42 0.252996 0.875363 0.262145 0.885951 0.274342 0.894846 0.281458 0.89781 0.287896 0.897387 0.295011 0.895269 0.302126 0.890187 0.308225 0.884257 0.313985 0.869857 0.315679 0.85588 0.313647 0.844868 0.306531 0.835551 0.292978 0.82708 0.281119 0.823692 0.278747 0.831739 0.276375 0.840633 0.268582 0.858845 0.2635 0.866892 0.260451 0.869857
4 51 0.490669 0.149673 0.486902 0.139477 0.487436 0.123238 0.493084 0.100618 0.501537 0.088542 0.510594 0.082505 0.51965 0.08175 0.530518 0.084014 0.538367 0.090052 0.542593 0.102127 0.543197 0.115712 0.537763 0.132315 0.52931 0.1459 0.511801 0.15722 0.508166 0.158072 0.503197 0.150086 0.515424 0.143636 0.532329 0.125523 0.533537 0.109674 0.529914 0.097599 0.51965 0.095335 0.50999 0.096089 0.505763 0.103636 0.50033 0.115712 0.497915 0.127787 0.499726 0.143636 0.490669 0.149673 0.491536 0.15163 0.49692 0.161646 0.44033 0.172288 0.404647 0.171819 0.371728 0.164767 0.352408 0.154956 0.335502 0.139862 0.33188 0.124013 0.329465 0.104391 0.33671 0.084014 0.34637 0.069675 0.360257 0.061373 0.374143 0.05609 0.390445 0.059109 0.40735 0.071939 0.413992 0.090052 0.413992 0.114202 0.410973 0.135334 0.403124 0.148164 0.394671 0.148164 0.397086 0.139862 0.404331 0.12024 0.404331 0.100618 0.400709 0.080241 0.389841 0.070429 0.377162 0.066656 0.365087 0.069675 0.349389 0.084769 0.342144 0.103636 0.34154 0.118731 0.349993 0.136843 0.370521 0.148164 0.392565 0.156829 0.424772 0.161518 0.460084 0.157799 0.491536 0.15163
3 51 0.548166 0.147247 0.551883 0.155377 0.532953 0.169819 0.51232 0.175105 0.500426 0.166654 0.495292 0.158047 0.490669 0.149673 0.499726 0.143636 0.505195 0.153333 0.511197 0.163258 0.520254 0.159484
2 51 0.589155 0.10234 0.593066 0.10896 0.59722 0.114866 0.604878 0.132483 0.609847 0.145924 0.597719 0.153828 0.583782 0.160797 0.569846 0.162345 0.561174 0.161571 0.556528 0.159248 0.551883 0.155377 0.548166 0.147247 0.547547 0.142214 0.547856 0.13602 0.551263 0.129052 0.563342 0.116277 0.576349 0.108147
1 51 0.593147 0.108858 0.589237 0.102544 0.601745 0.099243 0.60763 0.099243 0.613514 0.100791 0.61785 0.103501 0.621876 0.109308 0.623115 0.117825 0.623115 0.126729 0.620947 0.134472 0.613824 0.14144 0.609847 0.145721 0.604797 0.132279 0.59722 0.114662
0 51 0.595241 0.129052 0.5971 0.125181 0.597409 0.122471 0.59648 0.118986 0.594622 0.117438 0.591525 0.117051 0.587808 0.118986 0.587499 0.125181 0.589357 0.128665 0.591525 0.129826 0.595241 0.129052 0.601126 0.137569 0.600506 0.141053 0.607078 0.126373 0.610907 0.126271 0.612047 0.124336 0.611314 0.119652 0.609685 0.116597 0.607811 0.116291 0.60667 0.116801 0.60496 0.121281 0.607078 0.126373 0.600506 0.141053 0.598338 0.144537 0.596171 0.144924 0.593693 0.144537 0.593383 0.140666 0.593693 0.136407 0.59648 0.134472 0.599268 0.134859 0.601126 0.137569
0 36 0.391236 0.884302 0.388709 0.887593 0.389235 0.891804 0.39271 0.894436 0.394605 0.89312 0.395868 0.889172 0.394605 0.885882 0.393236 0.884434
0 42 0.292144 0.853711 0.291156 0.857908 0.293823 0.861489 0.297675 0.859637 0.298366 0.856303 0.29886 0.852106 0.297477 0.84939 0.296194 0.849513 0.293626 0.850748
