4 7 0.704403 0.482579 0.715226 0.476991 0.721774 0.490759 0.750175 0.527967 0.783756 0.558412 0.822749 0.586526 0.859407 0.610076 0.9 0.626682 0.918134 0.629126 0.928587 0.628164 0.941901 0.619636 0.960521 0.605002 0.964018 0.596528 0.963798 0.589789 0.963104 0.580093 0.959414 0.572251 0.954555 0.565306 0.93063 0.539961 0.914023 0.524277 0.901107 0.517358 0.889668 0.514129 0.878228 0.515051 0.862728 0.520126 0.847229 0.526122 0.831646 0.528994 0.818814 0.533042 0.804791 0.533503 0.798149 0.531196 0.796303 0.52889 0.799625 0.524738 0.812541 0.521048 0.831361 0.516435 0.855634 0.511114 0.874537 0.503981 0.892989 0.504903 0.909226 0.510439 0.920666 0.517819 0.944982 0.538485 0.965687 0.565332 0.971223 0.575941 0.971592 0.588857 0.970854 0.599467 0.966425 0.610538 0.957569 0.621147 0.942672 0.63229 0.931668 0.639029 0.919384 0.641329 0.903533 0.638296 0.886064 0.633039 0.85614 0.623738 0.807743 0.589318 0.783434 0.573505 0.766781 0.557951 0.743532 0.535348 0.719177 0.505364
3 7 0.668406 0.406702 0.675464 0.399937 0.687463 0.424936 0.703227 0.453463 0.715226 0.476991 0.704403 0.482579 0.688169 0.451405 0.674052 0.421406
1 7 0.626797 0.362793 0.620549 0.351063 0.618386 0.346255 0.616703 0.339344 0.616462 0.33153 0.618145 0.325821 0.623434 0.320712 0.631367 0.317707 0.63858 0.31921 0.644109 0.323717 0.656406 0.344922 0.653359 0.347266 0.648359 0.35166 0.641016 0.355273
2 7 0.626797 0.362988 0.641328 0.355273 0.648438 0.351855 0.653594 0.347168 0.65625 0.344727 0.668828 0.368262 0.673582 0.382291 0.675464 0.399937 0.668406 0.406702 0.654524 0.399643 0.642578 0.387598 0.631953 0.371973
4 15 0.408907 0.257862 0.419031 0.253396 0.457175 0.319496 0.512517 0.410276 0.530282 0.451968 0.541606 0.501206 0.547679 0.533622 0.560603 0.586887 0.578413 0.617312 0.617594 0.655899 0.682302 0.704134 0.764728 0.766068 0.778665 0.780347 0.778265 0.786347 0.769466 0.787847 0.715466 0.740847 0.651867 0.695348 0.594267 0.651848 0.565867 0.623848 0.55408 0.607479 0.546038 0.589425 0.54095 0.563575 0.529297 0.503463 0.521468 0.46785 0.507468 0.43385 0.468268 0.363351 0.424269 0.282852
3 15 0.375828 0.187635 0.388051 0.185783 0.39243 0.200291 0.401363 0.218655 0.419031 0.253396 0.408907 0.257862 0.396003 0.237018 0.381312 0.205751
2 15 0.36658 0.134371 0.374433 0.132549 0.394916 0.134169 0.402656 0.137988 0.407578 0.142187 0.410859 0.145313 0.405089 0.16055 0.396385 0.175134 0.388051 0.185783 0.375828 0.187635 0.370458 0.169115 0.367127 0.157513 0.365852 0.145199
1 15 0.366337 0.134169 0.366383 0.128372 0.366939 0.11865 0.368791 0.112631 0.370828 0.107075 0.374347 0.103371 0.380829 0.100593 0.389162 0.099899 0.396755 0.100593 0.402682 0.103139 0.407497 0.106612 0.410275 0.111473 0.412127 0.117492 0.413053 0.126057 0.412867 0.132771 0.412127 0.139484 0.41101 0.145086 0.407997 0.14245 0.402575 0.137429 0.394673 0.134067 0.374271 0.132246
4 22 0.650984 0.617033 0.644718 0.628316 0.609901 0.606306 0.587102 0.58975 0.56083 0.573194 0.533742 0.549101 0.518628 0.535444 0.508052 0.512483 0.502486 0.496481 0.50026 0.474912 0.500816 0.45543 0.502486 0.439427 0.508609 0.410204 0.510279 0.382373 0.511392 0.350368 0.511949 0.328799 0.502486 0.273137 0.489684 0.214691 0.485497 0.17287 0.489724 0.149913 0.498907 0.136795 0.513045 0.124224 0.532285 0.116025 0.603851 0.116025 0.642755 0.117978 0.653887 0.123545 0.65333 0.126328 0.645538 0.129807 0.612888 0.127503 0.568724 0.125632 0.53644 0.131894 0.526421 0.133286 0.51392 0.137888 0.50193 0.149984 0.497477 0.159725 0.495807 0.170162 0.49525 0.184773 0.49859 0.208429 0.504156 0.233477 0.515845 0.284965 0.519185 0.309317 0.521411 0.339235 0.521411 0.3615 0.518072 0.438035 0.513619 0.467954 0.514732 0.488827 0.518072 0.505526 0.524751 0.521529 0.568724 0.563275 0.616593 0.593889
3 22 0.691016 0.650304 0.697617 0.640722 0.68697 0.636729 0.670574 0.627946 0.650984 0.617033 0.644718 0.628316 0.660566 0.635931 0.680582 0.646844
2 22 0.714141 0.691211 0.719922 0.695117 0.723437 0.687793 0.726875 0.676855 0.738516 0.651074 0.731048 0.64711 0.725937 0.64365 0.721892 0.642319 0.715716 0.642585 0.71018 0.64365 0.697617 0.640722 0.691016 0.650304 0.692932 0.663879 0.694423 0.670267 0.69783 0.674792 0.704644 0.685439
1 22 0.723437 0.688086 0.726719 0.677344 0.738594 0.650684 0.743824 0.652966 0.74787 0.658555 0.75149 0.666008 0.753193 0.67213 0.753193 0.679849 0.750851 0.688899 0.746592 0.695287 0.741908 0.698481 0.733816 0.70061 0.728493 0.699812 0.719975 0.695021
4 31 0.412421 0.452707 0.400055 0.447345 0.397279 0.435673 0.393494 0.426209 0.388951 0.421477 0.383147 0.419584 0.375323 0.420215 0.360686 0.427786 0.354882 0.433149 0.351349 0.44072 0.34832 0.449868 0.347563 0.456493 0.347815 0.464064 0.350087 0.472266 0.35261 0.477944 0.355165 0.483932 0.354679 0.484675 0.348125 0.487406 0.34638 0.489151 0.338478 0.479837 0.336711 0.470373 0.335702 0.461856 0.335702 0.45113 0.338983 0.438196 0.343778 0.428417 0.352863 0.420215 0.361443 0.414537 0.373557 0.41012 0.382642 0.408859 0.390213 0.409805 0.397027 0.41296 0.400813 0.418638 0.404346 0.424947 0.407626 0.432203 0.411917 0.44419 0.412421 0.452707 0.412421 0.452707 0.400055 0.447345 0.391475 0.459332 0.382642 0.467219 0.373305 0.47195 0.360939 0.475105 0.354679 0.484675 0.367005 0.487406 0.377595 0.486462 0.392232 0.480783 0.40157 0.473528 0.407122 0.465957 0.412421 0.452707
2 31 0.331272 0.511904 0.336111 0.502423 0.344225 0.491306 0.348125 0.487406 0.354679 0.484675 0.367005 0.487406 0.368565 0.491306 0.37075 0.501058 0.370906 0.51081 0.368721 0.522902 0.365776 0.527547 0.354513 0.523971 0.352548 0.522939 0.351565 0.521219 0.350479 0.521853 0.345574 0.519278
1 31 0.322869 0.547882 0.323942 0.53805 0.327517 0.522407 0.331272 0.511904 0.335469 0.514062 0.337734 0.515234 0.34 0.516406 0.342422 0.517676 0.344687 0.51875 0.347344 0.520215 0.348828 0.520996 0.350234 0.521875 0.351406 0.521191 0.352578 0.523242 0.354609 0.524023 0.365776 0.527547 0.362915 0.542072 0.358088 0.561291 0.35344 0.566654 0.34754 0.570677 0.341462 0.57157 0.336099 0.5709 0.33145 0.568889 0.324478 0.560397 0.323048 0.555034
4 38 0.343258 0.571306 0.34754 0.570677 0.35344 0.566654 0.357537 0.568483 0.440964 0.611125 0.476138 0.629021 0.535068 0.666981 0.60669 0.725116 0.718309 0.814062 0.775513 0.864058 0.777374 0.873359 0.776443 0.885567 0.772723 0.890218 0.762956 0.891381 0.729228 0.866847 0.722494 0.859988 0.722494 0.855919 0.72668 0.853012 0.734586 0.858244 0.765747 0.882079 0.769002 0.877429 0.765282 0.867546 0.750399 0.853012 0.716914 0.82627 0.672263 0.792545 0.585121 0.722416 0.509377 0.661116 0.457424 0.63077 0.39579 0.599363
3 38 0.303273 0.550446 0.307337 0.538668 0.322894 0.547655 0.322869 0.547882 0.323048 0.555034 0.324478 0.560397 0.325637 0.561808
2 38 0.266689 0.545596 0.261094 0.541406 0.266562 0.533691 0.271094 0.526074 0.27625 0.516504 0.280625 0.50791 0.284453 0.500586 0.288516 0.491602 0.292734 0.497559 0.29773 0.50541 0.303827 0.528044 0.307337 0.538668 0.303273 0.550446 0.293665 0.55137 0.279068 0.550446
1 38 0.235279 0.510029 0.236388 0.50056 0.237866 0.4934 0.239714 0.489243 0.243224 0.484855 0.247104 0.48116 0.2508 0.47885 0.256343 0.476541 0.261885 0.476079 0.267983 0.476541 0.271124 0.477465 0.280177 0.483469 0.285166 0.487165 0.288491 0.491553 0.284257 0.500543 0.280694 0.507495 0.276262 0.516403 0.270874 0.525962 0.266703 0.534 0.260962 0.541439 0.250615 0.536589 0.244702 0.530815 0.241192 0.526427 0.238236 0.52227 0.236388 0.517189
0 31 0.338429 0.551943 0.342905 0.554476 0.345777 0.554793 0.348649 0.552365 0.352365 0.553843 0.351774 0.558383 0.350084 0.5625 0.344679 0.563872 0.337838 0.56155 0.336064 0.557221 0.336824 0.553632
