4 7 0.397755 0.297491 0.402413 0.307889 0.425502 0.28901 0.45812 0.265484 0.495147 0.238456 0.505967 0.231893 0.519173 0.227517 0.55386 0.221948 0.611645 0.221874 0.645073 0.221972 0.665602 0.220261 0.690807 0.213561 0.712442 0.20302 0.727156 0.192444 0.765853 0.159672 0.789918 0.135293 0.805758 0.102468 0.816956 0.076572 0.828125 0.0451927 0.833599 0.000427692 0.826756 0.000712819 0.816396 0.047178 0.801839 0.08917 0.780566 0.129733 0.765446 0.14446 0.713927 0.19058 0.680947 0.204946 0.652464 0.209943 0.618484 0.209943 0.564016 0.208694 0.527765 0.213992 0.495306 0.225926 0.46244 0.248934
3 7 0.341705 0.341138 0.346255 0.347638 0.347555 0.356982 0.356826 0.342829 0.368334 0.332618 0.402413 0.307889 0.397755 0.297491 0.361484 0.324111
1 7 0.309821 0.351631 0.31083 0.354545 0.31798 0.36917 0.32318 0.376889 0.32773 0.385014 0.331368 0.394912 0.324899 0.400658 0.314652 0.40648 0.306889 0.407645 0.298504 0.406868 0.290431 0.401434 0.287015 0.394835 0.285773 0.383967 0.287015 0.373875 0.291673 0.365335
2 7 0.309821 0.351631 0.323505 0.342357 0.33488 0.340326 0.341705 0.341138 0.346255 0.347638 0.347555 0.356982 0.34723 0.368357 0.33943 0.382982 0.331564 0.395035 0.32773 0.385014 0.32318 0.376889 0.31798 0.36917 0.31083 0.354545
4 14 0.705633 0.003816 0.71728 0 0.688184 0 0.676252 0.00352 0.666707 0.013747 0.659548 0.030366 0.658867 0.043575 0.665684 0.072978 0.673865 0.06665 0.670457 0.047836 0.672843 0.025678 0.681025 0.01119 0.69057 0.007355 0.698751 0.006929 0.705633 0.003816 0.705633 0.003816 0.709626 0.015878 0.709626 0.027109 0.704302 0.039172 0.696649 0.047907 0.681341 0.062587 0.686866 0.063806 0.691091 0.070712 0.703304 0.062049 0.715616 0.045827 0.721606 0.030853 0.724268 0.016294 0.722271 0.001736 0.71728 0 0.705633 0.003816
1 14 0.645 0.103125 0.646866 0.105235 0.653359 0.11123 0.662266 0.116797 0.671641 0.125293 0.677891 0.130371 0.675781 0.134766 0.671729 0.140624 0.662519 0.145785 0.649497 0.145388 0.64378 0.140624 0.642192 0.131096 0.641557 0.117597
2 14 0.644844 0.103125 0.645915 0.100369 0.660865 0.078431 0.673865 0.06665 0.681341 0.062587 0.686866 0.063806 0.691091 0.070712 0.691091 0.07965 0.682966 0.114994 0.678047 0.130371 0.671641 0.125781 0.662891 0.11709 0.653672 0.111621
4 21 0.895735 0.351736 0.899319 0.342327 0.946989 0.383994 1 0.427452 1 0.438205 0.952724 0.401467
3 21 0.839386 0.293841 0.849272 0.283188 0.867778 0.306933 0.899319 0.342327 0.895735 0.351736 0.868853 0.32575
1 21 0.801016 0.278027 0.804141 0.273535 0.809728 0.262734 0.814842 0.254212 0.826091 0.244837 0.833591 0.237593 0.821373 0.222297 0.809061 0.216474 0.798413 0.217722 0.788097 0.226041 0.784437 0.233112 0.783772 0.244759 0.785103 0.256405 0.789096 0.264724
2 21 0.800938 0.278223 0.804274 0.282762 0.819609 0.293848 0.827187 0.296191 0.834453 0.295605 0.839386 0.293841 0.849272 0.283188 0.849687 0.277637 0.848359 0.272363 0.843818 0.260604 0.833591 0.237593 0.826091 0.244837 0.814842 0.254212 0.809728 0.262734 0.804141 0.273633
4 28 0.483466 0.478406 0.492901 0.478843 0.495992 0.408802 0.500219 0.363594 0.506908 0.331637 0.540662 0.268618 0.562812 0.229928 0.576259 0.199225 0.598723 0.140519 0.601664 0.13045 0.615434 0.113781 0.640546 0.068757 0.648541 0.045646 0.660534 0 0.65054 0 0.637048 0.04752 0.626926 0.0732422 0.606737 0.108165 0.590075 0.133095 0.561528 0.210442 0.552909 0.229469 0.521115 0.286131 0.500128 0.326108 0.490199 0.36242 0.486442 0.405279
3 28 0.497925 0.570868 0.505612 0.564753 0.498015 0.516431 0.492901 0.478843 0.483466 0.478406 0.485213 0.497188
2 28 0.497612 0.619837 0.49443 0.595329 0.49478 0.581788 0.497925 0.570868 0.505612 0.564753 0.511553 0.566064 0.523783 0.578294 0.541484 0.610254 0.540207 0.610617 0.522385 0.615422 0.511203 0.618479 0.499322 0.623721
1 28 0.499322 0.623721 0.511203 0.618479 0.522385 0.615422 0.540207 0.610617 0.541797 0.610254 0.543386 0.620547 0.543386 0.63111 0.54 0.639648 0.536561 0.644516 0.529922 0.648438 0.522586 0.648173 0.515761 0.645329 0.506336 0.636797
4 34 0.549833 0.71746 0.553884 0.726574 0.59022 0.703758 0.619063 0.690446 0.674087 0.674915 0.774816 0.658275 0.844678 0.654007 0.896813 0.652847 0.935334 0.652073 0.95243 0.645031 0.96159 0.63595 0.988018 0.602389 0.991493 0.592518 0.954957 0.626474 0.946909 0.636522 0.926305 0.641428 0.869121 0.642791 0.826733 0.645305 0.751171 0.650626 0.69034 0.662891 0.651094 0.669023 0.588301 0.691099
3 34 0.495845 0.755551 0.502551 0.763934 0.503669 0.773715 0.517023 0.756448 0.553884 0.726574 0.549833 0.71746 0.519048 0.740245
1 34 0.452578 0.775781 0.455469 0.77832 0.463047 0.784473 0.472109 0.787695 0.483176 0.796537 0.490628 0.806783 0.479453 0.817427 0.468489 0.823175 0.458939 0.821848 0.449036 0.815659 0.44373 0.808142 0.441962 0.795321 0.444084 0.787363 0.448328 0.779847
2 34 0.456548 0.772458 0.473861 0.760208 0.48802 0.754154 0.495845 0.755551 0.502551 0.763934 0.503669 0.773715 0.500316 0.788619 0.490628 0.806783 0.483176 0.796537 0.472266 0.7875 0.462969 0.784473 0.455703 0.778711 0.452422 0.775781
4 42 0.495845 0.755551 0.473143 0.725646 0.469911 0.714176 0.468982 0.697924 0.469045 0.642964 0.467823 0.547132 0.470027 0.518574 0.475155 0.503598 0.481876 0.478394 0.476377 0.472284 0.461785 0.510448 0.458658 0.54255 0.459811 0.62305 0.460856 0.702132 0.462935 0.722797 0.470956 0.740295 0.481265 0.755638 0.48802 0.754154 0.495845 0.755551 0.509033 0.767642 0.503669 0.773715 0.518852 0.78576 0.570287 0.822583 0.60442 0.84304 0.685336 0.880967 0.689538 0.869586 0.60442 0.832519 0.558129 0.80271 0.516982 0.772902 0.509033 0.767642
3 42 0.753653 0.919998 0.754003 0.908618 0.757155 0.901177 0.734009 0.892785 0.689538 0.869586 0.685336 0.880967 0.712649 0.897162 0.73576 0.909418
1 42 0.786219 0.948887 0.787856 0.936497 0.790057 0.927832 0.794298 0.917638 0.801626 0.902052 0.811279 0.907439 0.818452 0.914698 0.822209 0.924946 0.822892 0.936047 0.820501 0.946295 0.815036 0.9527 0.808887 0.954408 0.79864 0.954408
2 42 0.783589 0.947709 0.76766 0.937507 0.758906 0.930503 0.753653 0.919998 0.754003 0.908618 0.757155 0.901177 0.765209 0.897675 0.780616 0.897675 0.801626 0.902052 0.796581 0.913051 0.792259 0.922735 0.788263 0.934152 0.786219 0.948887
0 34 0.469453 0.790625 0.467109 0.792285 0.467266 0.796094 0.471797 0.799121 0.475625 0.800391 0.480234 0.799707 0.481328 0.796484 0.479375 0.793262 0.476172 0.791016 0.472578 0.790332
