4 8 0.403686 0.312102 0.401605 0.313403 0.344392 0.320554 0.263254 0.329006 0.190437 0.339409 0.148581 0.342895 0.130624 0.340709 0.120741 0.335508 0.108779 0.323805 0.086934 0.299749 0.055727 0.268542 0.058327 0.262041 0.072891 0.275694 0.104098 0.309502 0.122822 0.323805 0.134785 0.329006 0.149061 0.331512 0.191477 0.327056 0.262734 0.319904 0.396404 0.304951 0.403686 0.312102 0.430992 0.31981 0.432329 0.310899 0.475994 0.314241 0.526788 0.313127 0.568225 0.311456 0.616141 0.299987 0.618408 0.308961 0.582483 0.318696 0.547729 0.322595 0.490252 0.323152 0.430992 0.31981
3 8 0.680602 0.258039 0.683903 0.262623 0.68977 0.265374 0.678109 0.280622 0.662617 0.292902 0.641079 0.303293 0.618408 0.308961 0.616141 0.299987 0.641835 0.291957 0.66035 0.283928 0.669419 0.274482
1 8 0.697104 0.201199 0.699305 0.207158 0.710306 0.216784 0.720574 0.221368 0.720776 0.20978 0.717744 0.199673 0.71168 0.195041 0.7073 0.194619 0.701909 0.195462
2 8 0.719474 0.229619 0.710673 0.247038 0.699305 0.261248 0.68977 0.265374 0.683903 0.262623 0.680602 0.258039 0.679502 0.250705 0.680236 0.23787 0.68647 0.218159 0.697104 0.201199 0.699305 0.207158 0.710306 0.216784 0.720574 0.221368
4 14 0.309083 0.264123 0.310377 0.249031 0.279288 0.230667 0.225762 0.217143 0.151167 0.207178 0.076003 0.20006 0.035574 0.20006 0.004825 0.206467 0 0.211449 0 0.225685 0.01963 0.218567 0.074295 0.221414 0.157431 0.228532 0.232595 0.237785 0.276441 0.247038
3 14 0.387927 0.295357 0.387927 0.287543 0.393553 0.276864 0.343147 0.261428 0.310377 0.249031 0.309083 0.264123 0.331936 0.277059 0.36945 0.287839
2 14 0.428905 0.31929 0.422516 0.319319 0.403686 0.312102 0.396404 0.304951 0.387927 0.295357 0.387927 0.287543 0.393553 0.276864 0.399179 0.266185 0.416493 0.25788 0.429635 0.256185 0.436685 0.262018 0.440852 0.278166 0.438352 0.295878 0.432329 0.310899
4 21 0.169946 0.537627 0.181237 0.536619 0.150078 0.452141 0.104367 0.350882 0.0760786 0.297766 0.0486325 0.23532 0.0450212 0.238028 0.0770416 0.319283 0.100774 0.364861 0.126909 0.41931 0.143244 0.461508
3 21 0.183203 0.610093 0.189627 0.608308 0.194981 0.609201 0.189301 0.575429 0.181237 0.536619 0.169946 0.537627 0.176398 0.561317 0.179624 0.58299
1 21 0.174014 0.658275 0.176804 0.658663 0.187345 0.660213 0.197782 0.660342 0.208901 0.659616 0.212827 0.65917 0.213121 0.672299 0.209745 0.683269 0.205016 0.689536 0.199539 0.690311 0.192868 0.690442 0.187345 0.687986 0.183211 0.683981 0.177003 0.671455
2 21 0.173566 0.653816 0.172495 0.638201 0.176421 0.622585 0.183203 0.610093 0.189627 0.608308 0.194981 0.609201 0.204261 0.620354 0.209258 0.636862 0.212827 0.65917 0.208901 0.659616 0.197578 0.660352 0.18375 0.659961 0.174063 0.658203
4 28 0.758844 0.665818 0.766796 0.662031 0.805873 0.731916 0.845707 0.775506 0.893509 0.81864 0.935691 0.852778 0.99914 0.888542 0.999219 0.896696 0.939398 0.865379 0.900812 0.83755 0.843953 0.785385 0.797527 0.735665 0.783889 0.714355 0.770695 0.691191
3 28 0.72808 0.592349 0.736273 0.59181 0.740585 0.584264 0.741425 0.601445 0.753164 0.635998 0.766796 0.662031 0.758844 0.665818 0.748241 0.647358 0.735745 0.615645
1 28 0.705227 0.550112 0.718163 0.549573 0.729805 0.545261 0.737135 0.537716 0.734117 0.528014 0.728984 0.522363 0.723984 0.520117 0.715145 0.519929 0.709922 0.521973 0.705658 0.526936 0.703071 0.538254
2 28 0.70609 0.553541 0.710833 0.572945 0.719888 0.586959 0.72808 0.592349 0.736273 0.59181 0.740585 0.584264 0.741447 0.567016 0.737135 0.537911 0.729805 0.545456 0.718163 0.549768 0.705227 0.550307
4 36 0.334754 0.826994 0.334433 0.817389 0.383226 0.80317 0.413871 0.798129 0.447873 0.798241 0.487661 0.806194 0.523951 0.819299 0.556482 0.840801 0.573548 0.857101 0.597788 0.900021 0.610721 0.934168 0.622466 0.970954 0.628869 1 0.619827 0.999023 0.609269 0.957922 0.593961 0.917012 0.576277 0.881051 0.560177 0.859606 0.540514 0.840801 0.518596 0.825187 0.48987 0.816499 0.446781 0.808391 0.412494 0.808391 0.387011 0.811287 0.362918 0.817657
3 36 0.25431 0.8432 0.257812 0.855098 0.285129 0.841801 0.334754 0.826994 0.334433 0.817389 0.294734 0.827394
1 36 0.229301 0.886097 0.226804 0.879854 0.220562 0.866199 0.214632 0.847082 0.214544 0.838172 0.202147 0.84396 0.191222 0.854885 0.187477 0.865029 0.187789 0.877514 0.194344 0.888828 0.206828 0.89351 0.215568 0.89351 0.222122 0.891169
2 36 0.214544 0.838172 0.228989 0.832646 0.241162 0.832256 0.252398 0.837328 0.25467 0.842751 0.257992 0.854313 0.254271 0.865419 0.241162 0.877514 0.229301 0.886097 0.226804 0.879854 0.220562 0.866199 0.214632 0.847082
0 28 0.717109 0.537793 0.716562 0.540039 0.717031 0.54248 0.719141 0.543945 0.722422 0.543164 0.724844 0.541895 0.726172 0.540723 0.725703 0.537598 0.723359 0.536328 0.721094 0.535547 0.719531 0.535547 0.718359 0.536035
0 14 0.421172 0.289551 0.421953 0.295215 0.423047 0.298242 0.426094 0.300781 0.427344 0.29873 0.4275 0.295605 0.425547 0.290234 0.423672 0.288477 0.4225 0.288477
0 21 0.193125 0.667188 0.190781 0.668652 0.191484 0.671973 0.195156 0.673242 0.198984 0.672461 0.200469 0.669922 0.2 0.666797 0.197656 0.666309 0.194609 0.666992 0.194219 0.667285
0 36 0.214593 0.881078 0.207707 0.880609 0.201447 0.87607 0.199695 0.866367 0.2032 0.862142 0.206831 0.865741 0.206581 0.868089 0.207332 0.870749 0.212215 0.87294 0.218099 0.874349 0.219226 0.877948
