4 7 0.187502 0.217611 0.197854 0.217912 0.193723 0.245583 0.181479 0.321939 0.164213 0.423457 0.164853 0.449036 0.162934 0.460227 0.154621 0.461026 0.145029 0.460227 0.137859 0.448213 0.142354 0.443463 0.155261 0.445838 0.157819 0.413864 0.172527 0.316344 0.183398 0.245202
3 7 0.155003 0.1812 0.153318 0.16495 0.16391 0.166455 0.175225 0.169464 0.185095 0.178491 0.194002 0.19113 0.197613 0.206477 0.197854 0.217912 0.187502 0.217611 0.186298 0.199857 0.181724 0.188723 0.174262 0.184811 0.161984 0.182102
2 7 0.125927 0.208617 0.128281 0.207681 0.135744 0.202565 0.14104 0.198653 0.146577 0.191431 0.151873 0.185713 0.155003 0.1812 0.153318 0.16495 0.148021 0.159232 0.142244 0.154719 0.133336 0.153214 0.125151 0.153214 0.112961 0.155861
1 7 0.109402 0.156463 0.10064 0.15968 0.088978 0.166127 0.08405 0.170645 0.083065 0.175983 0.082736 0.184196 0.084379 0.190356 0.086679 0.196106 0.089635 0.201034 0.09522 0.206372 0.097849 0.208426 0.10212 0.210479 0.111251 0.211711 0.119772 0.211272 0.125927 0.208617 0.112961 0.155861
4 14 0.156083 0.517636 0.164555 0.512035 0.175816 0.528224 0.186655 0.546171 0.202354 0.559207 0.218982 0.571407 0.241756 0.572763 0.267422 0.570052 0.303209 0.5574 0.332927 0.549219 0.366961 0.545012 0.4081 0.542674 0.466817 0.548752 0.494983 0.555051 0.513748 0.554333 0.550677 0.559982 0.566053 0.562243 0.582785 0.567896 0.631625 0.595029 0.70227 0.633654 0.736088 0.649861 0.732922 0.65834 0.707598 0.648165 0.665346 0.623496 0.639312 0.610857 0.581696 0.578497 0.552232 0.571429 0.521791 0.564386 0.505003 0.563374 0.490962 0.564386 0.459328 0.556591 0.419156 0.552897 0.378753 0.552418 0.314166 0.564504 0.26731 0.578747 0.236836 0.581463 0.221008 0.582593 0.207442 0.576375 0.188901 0.561678 0.163124 0.531153
3 14 0.127308 0.447874 0.137859 0.448213 0.144877 0.466576 0.15625 0.494792 0.164414 0.51186 0.156083 0.517636 0.135117 0.475161
1 14 0.106583 0.403807 0.115078 0.40127 0.129453 0.399023 0.139297 0.396387 0.145313 0.393945 0.149003 0.391701 0.143579 0.371847 0.139318 0.364583 0.133119 0.360709 0.124984 0.359256 0.114524 0.362646 0.108326 0.367973 0.104839 0.377658 0.103906 0.390039
2 14 0.106583 0.403807 0.115156 0.401172 0.128906 0.399023 0.139297 0.396484 0.145547 0.393652 0.148906 0.391699 0.150552 0.405744 0.150165 0.423661 0.146291 0.435283 0.142354 0.443463 0.137859 0.448213 0.127308 0.447874 0.121317 0.44019 0.115299 0.430441 0.109876 0.418819
4 21 0.0849848 0.545573 0.08591 0.587863 0.0947663 0.584953 0.093583 0.543857 0.0880335 0.483327 0.0757114 0.426321 0.0602134 0.390434 0.0423018 0.355501 0.0250254 0.332635 0.00685976 0.312151 0 0.307546 0 0.318679 0.020827 0.342727 0.0412856 0.373444 0.057904 0.410937 0.0650407 0.426004 0.077143 0.472587 0.0795224 0.485868 0.08204 0.508878
3 21 0.084268 0.661371 0.091167 0.662193 0.0918445 0.657997 0.0943852 0.62862 0.0942581 0.585588 0.08591 0.587863 0.085582 0.624412
2 21 0.062197 0.681195 0.063946 0.684693 0.068143 0.690378 0.077588 0.696062 0.0867955 0.698812 0.0951951 0.698361 0.103956 0.696329 0.111272 0.695538 0.109827 0.689555 0.107922 0.683547 0.102665 0.673691 0.097688 0.667207 0.091167 0.662193 0.084268 0.661371 0.078683 0.664246 0.072112 0.669174 0.066199 0.675334
1 21 0.061147 0.683819 0.060448 0.693438 0.060448 0.707867 0.062547 0.717924 0.067444 0.729729 0.07339 0.738037 0.079337 0.744158 0.087382 0.74853 0.092629 0.749405 0.098925 0.747656 0.103822 0.743283 0.109069 0.73585 0.112217 0.725794 0.113966 0.714426 0.113266 0.706118 0.111272 0.695425 0.103866 0.696554 0.0945629 0.698587 0.0868858 0.698925 0.077588 0.696062 0.068143 0.690378 0.063946 0.684693 0.062197 0.681195
4 28 0.708064 0.018707 0.716813 0.017713 0.711643 0 0.702496 0
3 28 0.71045 0.079355 0.71721 0.081344 0.720392 0.058476 0.720392 0.038095 0.716813 0.017713 0.708064 0.018707 0.710052 0.042569 0.710052 0.057482
2 28 0.687422 0.139453 0.705625 0.139941 0.716719 0.140234 0.721875 0.14082 0.722778 0.134535 0.723176 0.126581 0.720392 0.106696 0.71721 0.081344 0.71045 0.079355 0.702098 0.087806 0.696531 0.105702 0.690565 0.122604
1 28 0.687422 0.139746 0.687384 0.146466 0.688577 0.157899 0.695337 0.170327 0.700507 0.17331 0.708859 0.171818 0.714824 0.163865 0.719597 0.151934 0.721983 0.140997 0.717109 0.14043 0.706094 0.140137
4 35 0.876492 0.50467 0.90564 0.488632 0.90564 0.473221 0.876876 0.484052
3 35 0.826243 0.502272 0.826243 0.485491 0.839285 0.489326 0.852326 0.494121 0.868437 0.487408 0.876876 0.484052 0.876492 0.50467 0.866519 0.508985 0.858464 0.510423 0.845422 0.508985
2 35 0.780391 0.498926 0.781094 0.514648 0.787885 0.516656 0.798625 0.518095 0.808598 0.517136 0.817804 0.512821 0.823558 0.507546 0.826243 0.502272 0.826243 0.485491 0.823941 0.47686 0.819338 0.471586 0.811283 0.466791 0.794789 0.464873 0.784609 0.463672 0.783672 0.468457 0.783125 0.473633 0.781562 0.482715 0.780859 0.491992
1 35 0.784609 0.463477 0.779063 0.464394 0.770624 0.468709 0.76487 0.473024 0.762569 0.477339 0.761418 0.485491 0.762569 0.493642 0.764103 0.502272 0.769089 0.508985 0.776761 0.51378 0.781172 0.514844 0.780391 0.499121 0.780859 0.488184 0.782188 0.478125 0.783672 0.468848
4 43 0.748998 0.629248 0.739876 0.630877 0.728387 0.59491 0.724276 0.558145 0.723959 0.50715 0.729019 0.461294 0.728387 0.402787 0.729336 0.354559 0.735661 0.315818 0.739206 0.29736 0.739139 0.28696 0.739456 0.268776 0.734712 0.239522 0.721429 0.210269 0.719848 0.195643 0.724276 0.182993 0.738823 0.165994 0.776773 0.137136 0.846665 0.098395 0.901376 0.064794 0.91877 0.050958 0.918138 0.058073 0.896 0.077839 0.856469 0.101163 0.784363 0.142275 0.752106 0.165203 0.734712 0.181016 0.727438 0.190108 0.725857 0.201968 0.736609 0.220152 0.743567 0.241104 0.746413 0.252172 0.748943 0.275496 0.747362 0.297634 0.740404 0.329259 0.735661 0.360884 0.735344 0.438365 0.736609 0.457736 0.736609 0.473153 0.733131 0.503197 0.732182 0.532055 0.731549 0.558145 0.732814 0.577911 0.738191 0.600444 0.743883 0.617443
3 43 0.773431 0.700513 0.753885 0.664677 0.739876 0.630877 0.748998 0.629248 0.763984 0.656532 0.78125 0.683816 0.774409 0.693182
2 43 0.819632 0.696419 0.811097 0.706069 0.787788 0.737632 0.777341 0.722096 0.773431 0.700513 0.774409 0.693182 0.78125 0.683816 0.793304 0.683409 0.803403 0.685852 0.812199 0.689925
1 43 0.811097 0.706069 0.788026 0.73793 0.79277 0.745219 0.804947 0.756859 0.814618 0.760888 0.822855 0.761336 0.830019 0.757307 0.836107 0.751487 0.839331 0.741637 0.839689 0.729997 0.837898 0.720595 0.832884 0.711193 0.819632 0.696419
4 51 0.931089 0.454657 0.93614 0.452763 0.942202 0.401615 0.952306 0.354255 0.967461 0.315736 0.983121 0.280374 1 0.248801 1 0.233646 0.973523 0.280374 0.959378 0.31321 0.942708 0.359307 0.93412 0.398457 0.932604 0.435082 0.931089 0.454657 0.923766 0.522617 0.913438 0.588031 0.907929 0.612991 0.917914 0.616865 0.923078 0.576842 0.929963 0.527781 0.923766 0.522617
3 51 0.88383 0.688303 0.891748 0.693468 0.898634 0.680127 0.911028 0.640534 0.917914 0.616865 0.907929 0.612991 0.900011 0.642686 0.889682 0.67238
2 51 0.854004 0.714327 0.862831 0.721722 0.867807 0.725126 0.873845 0.727466 0.881075 0.730909 0.888371 0.732755 0.896568 0.7322 0.897257 0.713264 0.894158 0.699923 0.891748 0.693468 0.88383 0.688303 0.872124 0.691746 0.864894 0.695189 0.859041 0.700353
1 51 0.8525 0.716707 0.849401 0.724023 0.847055 0.734633 0.846022 0.74238 0.847335 0.750705 0.8525 0.761894 0.856445 0.765151 0.861985 0.767733 0.869025 0.76964 0.880042 0.768349 0.88624 0.764046 0.891748 0.755008 0.895535 0.745541 0.896568 0.736073 0.896568 0.7322 0.889123 0.732755 0.880953 0.731112 0.873911 0.727591 0.867995 0.725126 0.862831 0.721839 0.853441 0.714327
4 58 0.740044 0.886272 0.748372 0.881467 0.756381 0.896683 0.770475 0.925112 0.784249 0.951138 0.797062 0.961148 0.810195 0.967955 0.835181 0.973161 0.881633 0.979806 0.907143 0.98214 0.937321 0.980195 0.962521 0.972806 0.975276 0.965806 0.984298 0.959195 1 0.941696 0.999853 0.958029 0.981498 0.975917 0.961898 0.983306 0.937321 0.990306 0.905588 0.990695 0.878522 0.989917 0.834967 0.985251 0.806656 0.979028 0.788923 0.97164 0.777101 0.958418 0.760923 0.931585 0.749723 0.909029
3 58 0.701925 0.832618 0.709613 0.820605 0.718582 0.831016 0.732676 0.851837 0.742286 0.866652 0.748372 0.881467 0.740044 0.886272 0.729153 0.865051 0.714098 0.845431
2 58 0.661638 0.807381 0.658297 0.811288 0.675658 0.825811 0.68687 0.831416 0.6968 0.832618 0.701925 0.832618 0.709613 0.820605 0.70641 0.807392 0.700964 0.794178 0.694237 0.782166 0.682065 0.767752
1 58 0.668932 0.758142 0.662845 0.757341 0.65772 0.757341 0.650993 0.759343 0.644587 0.766951 0.641704 0.776961 0.642024 0.78577 0.644266 0.79578 0.64811 0.803388 0.65804 0.811396 0.662069 0.807247 0.682065 0.767752 0.67758 0.761745 0.673736 0.759343
0 28 0.704688 0.141699 0.702656 0.145508 0.703047 0.14873 0.705469 0.149805 0.707734 0.149023 0.709063 0.147656 0.709531 0.145117 0.708672 0.141992 0.707188 0.140918 0.705547 0.141113
0 43 0.803236 0.737556 0.802871 0.741092 0.803966 0.742347 0.805062 0.743488 0.805974 0.743488 0.807617 0.743374 0.809169 0.741435 0.808804 0.738126 0.8078 0.736073 0.805062 0.735958 0.803966 0.736643
0 7 0.1025 0.186426 0.100078 0.187207 0.0992969 0.19082 0.100312 0.193457 0.102422 0.195508 0.105078 0.194727 0.105781 0.192578 0.104609 0.187793
