4 11 0.800162 0.805848 0.804596 0.802751 0.863029 0.776004 0.894523 0.767957 0.920121 0.76132 0.999219 0.752949 0.999219 0.760779 0.918882 0.770567 0.899916 0.776221 0.866393 0.785408 0.8059 0.814326
3 11 0.751516 0.834524 0.778936 0.818166 0.799609 0.806106 0.805122 0.813428 0.774801 0.833671 0.756363 0.846752 0.756363 0.846204 0.753769 0.837693
2 11 0.748835 0.867831 0.739107 0.875126 0.725489 0.880395 0.724516 0.880395 0.724192 0.877153 0.725489 0.872289 0.725489 0.867831 0.725489 0.862967 0.725165 0.858914 0.723868 0.855266 0.720625 0.852834 0.717058 0.851618 0.71414 0.850402 0.713167 0.847565 0.71414 0.844728 0.72711 0.832973 0.734568 0.829731 0.742998 0.828515 0.750132 0.830947 0.752726 0.834595 0.75532 0.843106 0.75532 0.851618 0.75305 0.861345
1 11 0.703458 0.870916 0.704054 0.860489 0.706437 0.853414 0.713524 0.846523 0.713167 0.847565 0.71414 0.850402 0.717058 0.851618 0.720625 0.852834 0.72329 0.854832 0.725185 0.859164 0.725489 0.862967 0.725489 0.872289 0.724192 0.877153 0.724502 0.880259 0.721333 0.882088 0.716864 0.882833 0.710906 0.882088 0.706735 0.878364
4 23 0.706337 0.506623 0.688412 0.535569 0.676919 0.545913 0.669104 0.548211 0.660829 0.548211 0.656232 0.542465 0.653014 0.53327 0.656232 0.521777 0.666346 0.512583 0.678298 0.505687 0.694848 0.502239 0.709099 0.498792 0.730705 0.495918 0.750473 0.494194 0.765644 0.493045 0.808261 0.481958 0.843781 0.472248 0.887448 0.475768 0.914541 0.482841 0.944137 0.492362 0.96122 0.499026 0.968075 0.500658 0.978342 0.504134 1 0.506105 0.999219 0.498107 0.971509 0.491651 0.954801 0.487465 0.930319 0.476448 0.903769 0.469648 0.883966 0.465567 0.845002 0.461013 0.820373 0.467826 0.769501 0.481958 0.738138 0.485382 0.707914 0.491379 0.67625 0.496177 0.659938 0.505172 0.651303 0.517166 0.646985 0.533358 0.648424 0.54955 0.654181 0.556746 0.664256 0.561544 0.670973 0.561544 0.680568 0.556746 0.689683 0.547151 0.712806 0.512452
3 23 0.706337 0.506623 0.723055 0.479501 0.743779 0.442802 0.74458 0.444406 0.748913 0.449822 0.750274 0.450476 0.712806 0.512452
2 23 0.739854 0.422249 0.743005 0.410925 0.746944 0.400093 0.748203 0.396777 0.750095 0.398123 0.754034 0.400585 0.759942 0.407971 0.767426 0.414864 0.774516 0.42028 0.78003 0.425203 0.782788 0.427665 0.781212 0.432589 0.773334 0.443421 0.770971 0.44539 0.762305 0.449822 0.754034 0.452284 0.748913 0.449822 0.74458 0.444406 0.740641 0.436528
1 23 0.749219 0.394531 0.753813 0.388965 0.760797 0.382072 0.768516 0.377937 0.7755 0.377937 0.782484 0.382991 0.786527 0.391262 0.78763 0.40137 0.786895 0.413776 0.782851 0.42802 0.782667 0.428043 0.782788 0.427665 0.78003 0.425203 0.774516 0.42028 0.767426 0.414864 0.759942 0.407971 0.754034 0.400585 0.750095 0.398123 0.748125 0.396289
4 34 0.440899 0.220536 0.446419 0.18121 0.46077 0.133604 0.474919 0.100115 0.496646 0.0653 0.516516 0.045981 0.548171 0.0288555 0.564144 0.0233602 0.609034 0.011097 0.655405 0.00303298 0.666861 0.00279823 0.665546 0.0107797 0.653902 0.0140663 0.647701 0.016276 0.581415 0.028359 0.544129 0.042169 0.519962 0.057705 0.497866 0.07842 0.479914 0.108629 0.468175 0.14229 0.4568 0.180458 0.448834 0.222421 0.441619 0.220617 0.441499 0.222223
3 34 0.43962 0.260986 0.440503 0.235612 0.441619 0.220617 0.448986 0.222459 0.448986 0.259295 0.448249 0.282318 0.45488 0.294289 0.45709 0.303498 0.45709 0.308984 0.45197 0.306851 0.44844 0.307954 0.444468 0.312367 0.44409 0.316307 0.440503 0.286911
2 34 0.44425 0.365881 0.443586 0.362011 0.443145 0.34436 0.443145 0.326157 0.444468 0.312367 0.44844 0.307954 0.45197 0.306851 0.458589 0.309609 0.462119 0.315125 0.466091 0.322847 0.471386 0.330018 0.47624 0.338844 0.479771 0.348221 0.482298 0.354524 0.477123 0.357598 0.469621 0.357598 0.464326 0.357598 0.457265 0.360356 0.450646 0.362563 0.446234 0.364217
1 34 0.444412 0.365679 0.446234 0.364217 0.450646 0.362563 0.457265 0.360356 0.464326 0.357598 0.477123 0.357598 0.482542 0.354422 0.483758 0.361724 0.485381 0.372777 0.483618 0.382452 0.479706 0.389566 0.474015 0.394457 0.469035 0.395346 0.46121 0.394457 0.453384 0.389122 0.450183 0.382897 0.446271 0.374004
2 43 0.613828 0.258594 0.612812 0.25293 0.610469 0.248926 0.614687 0.246094 0.62164 0.244083 0.629666 0.243456 0.639197 0.24471 0.644715 0.247845 0.647223 0.25537 0.647725 0.257251 0.646721 0.266029 0.64622 0.269164 0.640702 0.281078 0.634181 0.291111 0.629165 0.294246 0.627656 0.295312 0.624148 0.290484 0.622656 0.284473 0.621172 0.276562 0.618594 0.269824 0.61625 0.26377
1 43 0.592203 0.284495 0.593122 0.273577 0.595881 0.263808 0.605534 0.252315 0.610313 0.248633 0.612656 0.252539 0.613203 0.255859 0.614062 0.25957 0.616406 0.263965 0.618437 0.270215 0.620937 0.276758 0.622578 0.284277 0.624297 0.29043 0.627578 0.295215 0.621165 0.297712 0.61197 0.298287 0.602776 0.298287 0.594961 0.290816
3 43 0.644428 0.247682 0.693961 0.221222 0.704348 0.226742 0.673274 0.243633 0.647168 0.262125 0.647725 0.257251 0.647223 0.25537 0.644715 0.247845
4 43 0.693255 0.221159 0.761697 0.177693 0.86649 0.110702 0.906277 0.0880021 0.911819 0.0820887 0.916006 0.073213 0.917306 0.058594 0.914057 0.044788 0.904311 0.030169 0.904311 0.023672 0.910159 0.022048 0.917306 0.028545 0.923153 0.040727 0.925752 0.059407 0.923803 0.07565 0.921204 0.08702 0.908859 0.09839 0.874522 0.119506 0.703814 0.226458 0.693961 0.221222 0.693303 0.221574
4 52 0.592814 0.298147 0.556864 0.291245 0.53056 0.28276 0.501286 0.271623 0.47286 0.257304 0.428499 0.222641 0.385695 0.184029 0.320616 0.123819 0.285222 0.0974576 0.256753 0.0842161 0.244174 0.0766022 0.231065 0.0716367 0.220257 0.0712461 0.210976 0.0712392 0.201585 0.0757501 0.194051 0.0806637 0.188319 0.0835299 0.181276 0.0882387 0.173138 0.090586 0.168623 0.091213 0.164109 0.089959 0.156584 0.086824 0.150565 0.084316 0.134513 0.072402 0.0976848 0.0486666 0.072019 0.035016 0.040484 0.025818 0.021038 0.019905 0.017884 0.019905 0.014731 0.023847 0.014731 0.02976 0.025242 0.035673 0.0689819 0.0500922 0.095974 0.0600717 0.124578 0.080348 0.14455 0.093487 0.162441 0.103389 0.178819 0.103593 0.195006 0.094144 0.209722 0.084947 0.218882 0.0837195 0.231727 0.0863678 0.249603 0.0931541 0.272643 0.10292 0.302225 0.120424 0.409142 0.21862 0.448499 0.250555 0.479571 0.27127 0.5065 0.284217 0.543786 0.297163 0.592495 0.307828
3 52 0.592814 0.298147 0.611662 0.301595 0.622695 0.303319 0.634648 0.299297 0.638325 0.296998 0.646789 0.288433 0.65018 0.299332 0.65175 0.300313 0.651657 0.300446 0.641084 0.307342 0.630051 0.31079 0.620397 0.31079 0.608444 0.310215 0.592495 0.307828
2 52 0.646669 0.288045 0.650682 0.274877 0.657704 0.26359 0.664181 0.258705 0.668684 0.254558 0.67175 0.259201 0.676264 0.267353 0.679531 0.276172 0.683281 0.283008 0.686297 0.289926 0.690012 0.29603 0.685272 0.299486 0.679848 0.3031 0.676109 0.30462 0.670501 0.306003 0.660212 0.305602 0.65018 0.299332
1 52 0.670106 0.256533 0.668839 0.254124 0.677847 0.248633 0.686378 0.24656 0.696174 0.24814 0.703994 0.253077 0.707272 0.258981 0.70795 0.268185 0.706426 0.275803 0.701466 0.283786 0.693476 0.293049 0.690249 0.295832 0.686297 0.289926 0.683281 0.283691 0.679766 0.276172 0.676264 0.267353 0.67175 0.259201
0 23 0.779531 0.411133 0.778281 0.414258 0.779219 0.416797 0.781172 0.417676 0.782578 0.416309 0.782891 0.413672 0.781875 0.411328 0.780703 0.411035
0 43 0.614687 0.27627 0.613125 0.278613 0.613672 0.282324 0.616094 0.284082 0.618047 0.283008 0.61875 0.280664 0.618125 0.276855 0.616406 0.275977 0.615703 0.275977
0 11 0.714922 0.859082 0.714219 0.863086 0.716641 0.869531 0.719141 0.870703 0.721016 0.87041 0.723125 0.869434 0.723672 0.864941 0.722578 0.858594 0.719375 0.857422 0.716875 0.857324 0.715391 0.858203
