4 7 0.407405 0.81869 0.409426 0.809425 0.445852 0.82877 0.452415 0.831942 0.465092 0.836604 0.49801 0.844607 0.5362 0.848504 0.577469 0.846078 0.630524 0.828406 0.667228 0.816552 0.695094 0.808546 0.731995 0.77005 0.759952 0.751329 0.782418 0.75008 0.80922 0.758989 0.841327 0.768178 0.883259 0.773996 0.906228 0.770674 0.916964 0.766881 0.929692 0.756945 0.949661 0.727615 0.949661 0.738224 0.94308 0.752232 0.933482 0.764788 0.920705 0.775042 0.902234 0.782531 0.877272 0.783779 0.857812 0.780831 0.841327 0.778787 0.811873 0.771298 0.780215 0.761358 0.77249 0.760629 0.761949 0.761937 0.739983 0.774418 0.711273 0.806907 0.697572 0.817474 0.685911 0.82294 0.627655 0.839943 0.59496 0.850816 0.565809 0.857557 0.533172 0.858727 0.497595 0.854459 0.46749 0.848549 0.438177 0.837692
3 7 0.335826 0.776403 0.339388 0.772395 0.339032 0.763935 0.366976 0.781631 0.409426 0.809425 0.407405 0.81869 0.382474 0.805214 0.353163 0.789211
1 7 0.294453 0.76875 0.295703 0.764551 0.299844 0.753711 0.30625 0.741797 0.312578 0.729102 0.319531 0.719043 0.314063 0.714453 0.308359 0.712402 0.297109 0.710156 0.292109 0.709766 0.286101 0.710495 0.281641 0.711426 0.275933 0.715826 0.272652 0.724026 0.27298 0.740837 0.276917 0.752317 0.284461 0.762158
2 7 0.297356 0.769724 0.31481 0.775957 0.329415 0.777293 0.335826 0.776403 0.339388 0.772395 0.339032 0.763935 0.332344 0.742285 0.324063 0.726172 0.319609 0.71875 0.312578 0.729004 0.307812 0.739062 0.3 0.753613 0.296328 0.762891 0.294609 0.76875
4 13 0.636502 0.884354 0.645051 0.884354 0.646723 0.93121 0.653407 1 0.644496 1 0.64004 0.94402
3 13 0.633654 0.807522 0.638228 0.813759 0.645296 0.814798 0.641899 0.833293 0.645051 0.884354 0.636502 0.884354 0.63579 0.865653 0.63294 0.833594
1 13 0.631484 0.744678 0.630772 0.748632 0.635733 0.750355 0.649038 0.754513 0.6586 0.75867 0.662639 0.759999 0.662607 0.74945 0.66003 0.73855 0.652122 0.732125 0.643503 0.73084 0.637573 0.734102 0.633777 0.737858
2 13 0.630614 0.748731 0.627834 0.772183 0.628249 0.79401 0.633654 0.807522 0.638228 0.813759 0.645296 0.814798 0.649829 0.810903 0.655285 0.792024 0.662955 0.760197 0.6586 0.75867 0.649038 0.754513 0.635733 0.750355
4 21 0.884046 0.670135 0.886478 0.660636 0.913016 0.680391 0.947151 0.710107 0.978036 0.73741 1 0.761773 1 0.77335 0.976105 0.747315 0.94898 0.724076 0.912 0.690296
3 21 0.809708 0.638627 0.811093 0.630403 0.835109 0.634419 0.864963 0.646103 0.886478 0.660636 0.884046 0.670135 0.855474 0.653797 0.829942 0.644678
1 21 0.77404 0.647717 0.77785 0.632567 0.779581 0.613954 0.779235 0.600536 0.771028 0.598063 0.756695 0.598063 0.74766 0.602737 0.74174 0.610526 0.741117 0.619874 0.743609 0.631168 0.74766 0.637789 0.754826 0.643242
2 21 0.779581 0.64815 0.793779 0.645986 0.803475 0.641657 0.809708 0.638627 0.811093 0.630403 0.805867 0.618577 0.79976 0.610681 0.790916 0.604758 0.779235 0.600536 0.779581 0.613954 0.77785 0.632567 0.77404 0.647717
4 29 0.54034 0.272551 0.547464 0.274332 0.548558 0.224444 0.547876 0.201274 0.540029 0.154223 0.533503 0.110242 0.530679 0.083492 0.525517 0.060372 0.513903 0.028648 0.50487 0.029186 0.515624 0.056608 0.523797 0.090482 0.531045 0.144273 0.536504 0.181942 0.538778 0.196157 0.540939 0.222028
3 29 0.529549 0.361957 0.536579 0.363555 0.546396 0.304609 0.547464 0.274332 0.54034 0.272551 0.537491 0.310843 0.53286 0.345128
1 29 0.498229 0.407897 0.515167 0.405101 0.526353 0.4055 0.53626 0.412292 0.542651 0.420681 0.547126 0.42148 0.544569 0.43626 0.538177 0.446247 0.528909 0.453039 0.519002 0.453838 0.512291 0.453438 0.504621 0.449044 0.498869 0.438657 0.495673 0.42867
2 29 0.501148 0.397966 0.507817 0.384328 0.5206 0.368748 0.529549 0.361957 0.536579 0.363555 0.540734 0.377537 0.546167 0.398709 0.547126 0.42148 0.542651 0.420681 0.53626 0.412292 0.526353 0.4055 0.515167 0.405101 0.498229 0.407897
2 36 0.472031 0.0991211 0.449861 0.113578 0.440673 0.116556 0.432507 0.116556 0.427743 0.113153 0.42366 0.102094 0.42383 0.096564 0.424 0.091035 0.430465 0.079551 0.448672 0.0635742 0.453906 0.0678711 0.460469 0.0762695 0.470469 0.0943359
1 36 0.448672 0.0633789 0.453828 0.0677734 0.460547 0.0763672 0.470234 0.0939453 0.472422 0.0988281 0.480506 0.091141 0.485023 0.081463 0.485234 0.0732422 0.485391 0.0667969 0.482891 0.0614258 0.479538 0.056863 0.472441 0.053234 0.464375 0.054444 0.455987 0.058073
3 36 0.427743 0.113153 0.42366 0.102094 0.42383 0.096564 0.38825 0.126094 0.359875 0.14191 0.365458 0.152378 0.394375 0.135937 0.412875 0.124219
4 36 0.359875 0.14191 0.365458 0.152378 0.291389 0.195738 0.229459 0.214453 0.179439 0.225512 0.106185 0.229916 0.037965 0.228604 0 0.222919 0 0.213298 0.053358 0.220295 0.105486 0.220295 0.178254 0.21461 0.23178 0.202803 0.284257 0.187934 0.30525 0.176563 0.329738 0.161258
0 13 0.643281 0.741602 0.642344 0.744727 0.643203 0.74668 0.644609 0.74707 0.64625 0.74707 0.647734 0.745801 0.648594 0.741699 0.647969 0.737891 0.646328 0.736914 0.645469 0.736914 0.643437 0.739551
0 36 0.462109 0.0672852 0.460703 0.0692383 0.460391 0.072168 0.461797 0.0740234 0.462578 0.0751953 0.465469 0.0750977 0.468203 0.0734375 0.468906 0.072168 0.468203 0.0696289 0.466406 0.0676758 0.463984 0.0666992
0 7 0.290234 0.732031 0.290234 0.736328 0.292344 0.740527 0.294219 0.74082 0.296406 0.738281 0.296797 0.734277 0.295312 0.730566 0.292969 0.72959 0.291406 0.730176
