4 13 0.627412 0 0.636238 0 0.653353 0.044297 0.647693 0.045712
3 13 0.646997 0.045886 0.65336 0.044295 0.6593 0.057554 0.671179 0.085661 0.678816 0.097329 0.681185 0.098887 0.68112 0.098921 0.679151 0.10286 0.679151 0.108769 0.679939 0.112707 0.680576 0.114433 0.679665 0.113769 0.672877 0.105814 0.66524 0.092025 0.655482 0.0671
2 13 0.696576 0.142937 0.682302 0.119108 0.679939 0.112707 0.679151 0.108769 0.679151 0.10286 0.68112 0.098921 0.683878 0.097444 0.692937 0.101383 0.722284 0.113924 0.728754 0.116856 0.725924 0.123326 0.72366 0.127971 0.717358 0.132895 0.712632 0.138803 0.707905 0.145204 0.705148 0.149143 0.703683 0.15143
1 13 0.703683 0.151733 0.705148 0.149143 0.707905 0.145204 0.712632 0.138803 0.717358 0.132895 0.72366 0.127971 0.726004 0.123427 0.728997 0.116452 0.73272 0.119108 0.739416 0.12354 0.745324 0.12994 0.750839 0.140772 0.750839 0.149635 0.749657 0.159482 0.743355 0.166868 0.736265 0.169822 0.728781 0.170314 0.718934 0.166868 0.709087 0.159975
4 24 0.202586 0.000695983 0.213663 0.000513788 0.216432 0.0438761 0.220289 0.070266 0.226504 0.100475 0.23548 0.134136 0.235385 0.134373 0.234682 0.132299 0.226785 0.134927 0.213372 0.0897891 0.206375 0.0455158 0.203314 0.0158181
3 24 0.227532 0.143822 0.225909 0.135218 0.234682 0.132299 0.248247 0.172305 0.257852 0.205121 0.253334 0.205749 0.250207 0.209006 0.244104 0.196472 0.232366 0.161084
2 24 0.249266 0.218823 0.249847 0.209381 0.253334 0.205749 0.258564 0.205022 0.262631 0.21156 0.270186 0.222455 0.278321 0.229719 0.286456 0.234804 0.291563 0.239941 0.289362 0.242067 0.285294 0.246426 0.278902 0.250784 0.271929 0.255869 0.264375 0.260953 0.257983 0.26168 0.256001 0.256958 0.249847 0.226087
1 24 0.258472 0.261624 0.264375 0.260953 0.271929 0.255869 0.278902 0.250784 0.285294 0.246426 0.289362 0.242067 0.292031 0.239844 0.295155 0.2428 0.301987 0.25791 0.303564 0.272364 0.298834 0.283533 0.292001 0.289446 0.285169 0.293388 0.274657 0.291417 0.267299 0.285504 0.261517 0.273678
4 33 0.007784 0.132078 0.009796 0.122017 0.014827 0.120759 0.0151869 0.142195 0.0359229 0.269057 0.0448306 0.310127 0.0524241 0.341158 0.0587033 0.364157 0.0683411 0.388617 0.100466 0.449656 0.157273 0.54641 0.183953 0.590491 0.184188 0.591199 0.176596 0.599899 0.176924 0.600465 0.176433 0.600115 0.0956161 0.465471 0.0557827 0.391355 0.0457068 0.360872 0.0286215 0.282929 0.00879 0.163521
3 33 0.176596 0.599899 0.184392 0.590965 0.194138 0.604772 0.207827 0.627685 0.217358 0.640853 0.224194 0.647025 0.221315 0.650625 0.220264 0.659166 0.220264 0.660199 0.21168 0.652689 0.195437 0.632385
2 33 0.220264 0.659166 0.221315 0.650625 0.226045 0.644712 0.231301 0.643398 0.241287 0.646026 0.253376 0.651939 0.261247 0.658268 0.2591 0.661058 0.254464 0.667711 0.250773 0.674794 0.245879 0.684023 0.241287 0.692672 0.237608 0.699899 0.236178 0.702696 0.233929 0.700556 0.229724 0.695957 0.227096 0.690044 0.223417 0.682817 0.220264 0.670991
1 33 0.237608 0.699899 0.241287 0.692672 0.246137 0.683808 0.250773 0.675116 0.254464 0.667711 0.259014 0.66138 0.261332 0.657624 0.267218 0.663262 0.272474 0.671803 0.274382 0.678013 0.274296 0.686384 0.274296 0.691964 0.271948 0.699397 0.267743 0.70728 0.260911 0.710565 0.25145 0.710565 0.240939 0.706623 0.236092 0.703018
0 33 0.24672 0.69217 0.248297 0.686914 0.249874 0.686257 0.253027 0.688228 0.254604 0.691513 0.252501 0.696112 0.248297 0.695455
4 40 0.193316 0.507801 0.18835 0.518377 0.184614 0.515576 0.179523 0.50603 0.178675 0.495953 0.179099 0.480574 0.182917 0.467846 0.188857 0.460951 0.198191 0.457239 0.205828 0.457239 0.214737 0.45883 0.226192 0.462542 0.232556 0.465194 0.232705 0.465329 0.232705 0.467377 0.233938 0.474056 0.233829 0.47421 0.231283 0.47421 0.225344 0.469967 0.218131 0.468906 0.207949 0.469437 0.198191 0.472088 0.192251 0.475801 0.19013 0.482695 0.188433 0.49012 0.189281 0.498605 0.190554 0.505499 0.193316 0.507801 0.193599 0.507197 0.196569 0.510376 0.20309 0.511003 0.206602 0.510376 0.213123 0.507868 0.219142 0.501598 0.227168 0.493446 0.236458 0.482445 0.236603 0.482808 0.24375 0.490118 0.243794 0.490112 0.238706 0.497835 0.225663 0.509122 0.217136 0.517274 0.204094 0.523544 0.196569 0.524171 0.187872 0.519396 0.193599 0.507197
2 40 0.232705 0.447886 0.235859 0.436426 0.238552 0.437328 0.247648 0.440576 0.260859 0.443359 0.265234 0.444238 0.269844 0.44668 0.263242 0.46819 0.261942 0.47225 0.256095 0.484433 0.250247 0.489306 0.24375 0.490118 0.236603 0.482808 0.234654 0.477935 0.232705 0.467377
1 40 0.235625 0.43623 0.239375 0.427344 0.245684 0.417273 0.251495 0.412914 0.255563 0.411462 0.263117 0.413641 0.267969 0.41748 0.270078 0.424707 0.270781 0.429883 0.270313 0.444238 0.269922 0.44668 0.265234 0.444531 0.260937 0.44375 0.247648 0.440576 0.238552 0.437328 0.237344 0.436816
4 48 0.246068 0.102746 0.246718 0.095436 0.260362 0.082442 0.291548 0.058889 0.301944 0.052392 0.318836 0.052392 0.337028 0.059702 0.400252 0.098818 0.426019 0.116456 0.436448 0.118756 0.441969 0.121057 0.454853 0.125658 0.466509 0.125658 0.482506 0.132257 0.51068 0.141763 0.526018 0.147898 0.549261 0.164564 0.564951 0.179091 0.571343 0.183449 0.584127 0.189987 0.600398 0.196524 0.618993 0.204514 0.638169 0.214684 0.650953 0.224853 0.659974 0.233953 0.663948 0.236802 0.658143 0.247283 0.642136 0.232438 0.623921 0.216569 0.600958 0.208134 0.584659 0.198474 0.569279 0.193111 0.55272 0.181382 0.528328 0.158407 0.512058 0.153322 0.494044 0.146059 0.473373 0.136824 0.453948 0.135889 0.440352 0.133663 0.424474 0.126988 0.412109 0.117004 0.37656 0.0980075 0.351689 0.0813217 0.335671 0.0728909 0.327942 0.0690268 0.319134 0.065431 0.309256 0.065431 0.30112 0.068337 0.25614 0.103101 0.247368 0.107618
3 48 0.657806 0.247891 0.663767 0.236588 0.676976 0.249585 0.698615 0.262407 0.719259 0.268605 0.71967 0.269568 0.717741 0.272301 0.716569 0.279136 0.713045 0.2781 0.693978 0.271892 0.676695 0.261353
2 48 0.715998 0.28247 0.717741 0.272301 0.726458 0.259952 0.732268 0.254141 0.742728 0.254141 0.744471 0.258499 0.744471 0.267942 0.742728 0.280291 0.740985 0.289007 0.734012 0.297724 0.730525 0.312977 0.729193 0.314962 0.724966 0.311929 0.722317 0.308321 0.717529 0.30048 0.716041 0.293728
1 48 0.730525 0.312977 0.734012 0.297724 0.740985 0.289007 0.742728 0.280291 0.744471 0.267942 0.744471 0.258499 0.742735 0.254 0.746963 0.255077 0.754096 0.2572 0.761601 0.263492 0.767343 0.272379 0.770102 0.282728 0.770682 0.293435 0.769116 0.303611 0.764031 0.311015 0.754096 0.317225 0.746369 0.318605 0.736434 0.317915 0.729258 0.315155
4 57 0.386174 0.569812 0.348977 0.57895 0.303714 0.58225 0.201768 0.597293 0.174837 0.597622 0.155519 0.601762 0.136753 0.608661 0.122402 0.614871 0.111363 0.62177 0.102532 0.62591 0.092597 0.628669 0.082662 0.629359 0.072727 0.627289 0.0576696 0.619054 0.0478115 0.609966 0.0307812 0.590527 0.020292 0.581063 0.010909 0.576924 0 0.573474 0 0.582443 0.013668 0.589343 0.0229687 0.599316 0.0344531 0.613281 0.0476883 0.626756 0.0642005 0.636614 0.0823147 0.642467 0.0985804 0.639849 0.109155 0.634189 0.120194 0.627979 0.133441 0.62108 0.147792 0.61556 0.167889 0.610919 0.205615 0.608247 0.297369 0.591413 0.340973 0.589343 0.363603 0.584513 0.390857 0.578404
3 57 0.392577 0.565766 0.402108 0.562004 0.409632 0.554479 0.415652 0.546328 0.422675 0.53316 0.4269 0.521155 0.42884 0.524619 0.431779 0.526315 0.428694 0.534414 0.423176 0.549463 0.411137 0.563885 0.39659 0.575171 0.390857 0.578404 0.386174 0.569812
2 57 0.422448 0.494111 0.426719 0.482715 0.430938 0.47373 0.435813 0.478131 0.441016 0.483984 0.447734 0.490527 0.454375 0.495605 0.45875 0.499219 0.460703 0.500293 0.458476 0.50646 0.454219 0.514941 0.452344 0.518457 0.448016 0.525346 0.442205 0.529704 0.436394 0.528977 0.42884 0.524619 0.424773 0.517355 0.422448 0.507913
1 57 0.430391 0.473535 0.436316 0.463479 0.441572 0.458223 0.446828 0.454281 0.453661 0.453624 0.459442 0.458223 0.464172 0.467421 0.465224 0.479247 0.464172 0.489101 0.460938 0.5 0.45875 0.499023 0.454766 0.495801 0.447578 0.490625 0.441094 0.483789 0.435813 0.478131 0.433828 0.476562
4 77 0.468916 0.490336 0.465224 0.479247 0.464172 0.467421 0.459442 0.458223 0.453661 0.453624 0.424593 0.371393 0.38527 0.273281 0.336582 0.146327 0.312177 0.076595 0.289514 0 0.301136 0 0.325542 0.083133 0.347623 0.149959 0.398567 0.282813 0.438849 0.38352 0.476713 0.483839
3 77 0.468916 0.490336 0.476713 0.483839 0.485809 0.507391 0.496854 0.52607 0.511872 0.551548 0.507445 0.551974 0.504227 0.556571 0.503448 0.559979 0.482158 0.524016 0.471115 0.499476
2 77 0.501928 0.576109 0.502388 0.564616 0.504227 0.556571 0.507445 0.551974 0.513421 0.551399 0.520316 0.553698 0.526293 0.560019 0.53043 0.56634 0.534108 0.570937 0.536866 0.574385 0.538245 0.577833 0.533648 0.58243 0.528132 0.584728 0.522155 0.587602 0.517558 0.592773 0.512042 0.597371 0.506985 0.597945 0.504885 0.594916
1 77 0.50627 0.596914 0.506985 0.597945 0.512042 0.597371 0.517558 0.592773 0.522155 0.587602 0.528132 0.584728 0.533648 0.58243 0.538245 0.577833 0.538141 0.577572 0.538499 0.5777 0.547833 0.588837 0.551652 0.601035 0.552076 0.613763 0.550379 0.622778 0.544863 0.629673 0.537227 0.632855 0.527469 0.631264 0.516862 0.62596 0.510074 0.616414 0.507528 0.607399
0 77 0.512355 0.605908 0.50969 0.60833 0.510296 0.61151 0.511628 0.614387 0.514293 0.614538 0.516473 0.612418 0.516231 0.608482 0.515262 0.606513 0.513687 0.606513
1 1 0.971669 0.48415 0.983325 0.480925 0.991155 0.481703 0.999219 0.485444 0.999219 0.497053 0.999219 0.50773 0.999219 0.528529 0.990799 0.531533 0.98555 0.532978 0.981901 0.518408 0.977096 0.508731 0.975851 0.499277 0.973804 0.49316 0.973181 0.488822
0 1 0.993202 0.509732 0.991778 0.509621 0.991244 0.511846 0.991333 0.516072 0.992935 0.517741 0.994893 0.516739 0.99596 0.513291 0.99596 0.511178 0.994893 0.509955 0.994181 0.509955
2 1 0.971669 0.483928 0.961614 0.487376 0.949334 0.49594 0.943373 0.500056 0.940881 0.506173 0.938301 0.511846 0.938301 0.51585 0.939636 0.52041 0.94364 0.524192 0.947822 0.527862 0.954673 0.531977 0.963838 0.536649 0.974249 0.535759 0.985639 0.532867 0.982079 0.51863 0.977363 0.509621 0.976118 0.499499 0.974071 0.493605 0.973003 0.488377
3 1 0.93838 0.518366 0.899141 0.54124 0.877812 0.556348 0.87375 0.560645 0.877814 0.565998 0.898664 0.552653 0.923784 0.537266 0.942373 0.523921 0.939485 0.519839
4 1 0.873359 0.560352 0.847697 0.577731 0.824341 0.593496 0.811158 0.604281 0.797462 0.612841 0.780081 0.625584 0.757879 0.63414 0.72516 0.64186 0.697783 0.643321 0.671186 0.643899 0.640855 0.643612 0.618166 0.641375 0.588591 0.639735 0.567659 0.639235 0.548062 0.639735 0.526464 0.645568 0.511265 0.654234 0.5026 0.666232 0.497633 0.683265 0.49821 0.703599 0.502894 0.71779 0.52157 0.741135 0.542351 0.76185 0.588384 0.797362 0.612058 0.815446 0.640993 0.832544 0.674137 0.847998 0.679924 0.850957 0.664668 0.836819 0.637311 0.820707 0.601273 0.796704 0.573653 0.77566 0.547875 0.755603 0.524989 0.732915 0.510522 0.713515 0.505261 0.698719 0.506199 0.683397 0.508466 0.673898 0.523664 0.6564 0.550728 0.650734 0.583658 0.648234 0.616022 0.650253 0.682292 0.652357 0.733605 0.64962 0.758363 0.644394 0.776408 0.637929 0.827524 0.602893 0.87858 0.566308
