4 6 0.683336 1 0.726893 0.929113 0.763278 0.854098 0.794849 0.763217 0.817565 0.684281 0.83009 0.611737 0.851323 0.474022 0.857673 0.474489 0.857798 0.47527 0.838305 0.618283 0.823389 0.694031 0.802295 0.766784 0.769263 0.857446 0.732406 0.933641 0.693344 0.998811
1 6 0.893449 0.348403 0.898985 0.34308 0.903669 0.34308 0.908779 0.346273 0.91176 0.349999 0.912186 0.359581 0.910057 0.369162 0.905799 0.377146 0.905373 0.377146 0.903669 0.369694 0.899411 0.360645 0.89643 0.354258 0.893449 0.349467
0 6 0.905179 0.350878 0.903476 0.35141 0.902624 0.354604 0.902624 0.356733 0.903902 0.35833 0.905179 0.359395 0.906457 0.358862 0.908037 0.356325 0.907953 0.353493 0.907198 0.351814
2 6 0.863371 0.394228 0.865706 0.384011 0.87427 0.369901 0.893342 0.349467 0.893449 0.349442 0.893449 0.349467 0.89643 0.354258 0.899411 0.360645 0.903669 0.369694 0.90552 0.377513 0.891006 0.405419 0.886336 0.410771 0.87894 0.414176 0.873102 0.414176 0.868431 0.412717 0.864928 0.404932
3 6 0.851305 0.474021 0.854419 0.446775 0.858311 0.424394 0.865144 0.405413 0.868431 0.412717 0.869813 0.413149 0.866485 0.419528 0.862203 0.442396 0.857922 0.474507
4 14 0.480029 1 0.487477 0.987963 0.487589 0.987913 0.493679 0.991496 0.489711 1
1 14 0.550687 0.916288 0.555556 0.913245 0.567322 0.909188 0.5799 0.910709 0.584769 0.914259 0.588015 0.920345 0.591261 0.930996 0.592072 0.940125 0.590449 0.952297 0.572191 0.967005 0.563671 0.968526 0.562123 0.96374 0.558676 0.951738 0.555475 0.941993 0.55408 0.934812 0.551093 0.920852
2 14 0.525532 0.954325 0.525938 0.950268 0.52756 0.943168 0.534458 0.930996 0.545703 0.919824 0.550781 0.916309 0.551093 0.920852 0.554326 0.935428 0.555229 0.942096 0.55884 0.95143 0.562369 0.96374 0.563828 0.968652 0.55799 0.970048 0.549064 0.970048 0.541355 0.96954 0.536081 0.967512 0.528372 0.960919
3 14 0.487393 0.987798 0.50768 0.96244 0.524315 0.954325 0.525563 0.954013 0.525532 0.954325 0.528372 0.960919 0.528694 0.961194 0.510925 0.969033 0.49429 0.991856
4 22 0.886336 0.410771 0.891006 0.405419 1 0.415538 1 0.421396 0.886336 0.410771 0.869813 0.413149 0.868431 0.412717 0.865144 0.405413 0.855289 0.406328 0.780005 0.390393 0.706331 0.382707 0.654947 0.384936 0.567397 0.389585 0.50723 0.399015 0.507648 0.405289 0.567454 0.39431 0.65528 0.391174 0.70714 0.389082 0.778656 0.395879 0.854773 0.412607 0.869813 0.413149
3 22 0.443008 0.411949 0.50723 0.399015 0.507648 0.405289 0.453697 0.418881 0.444914 0.420972 0.443698 0.420972 0.444914 0.41679 0.443241 0.412085
1 22 0.371867 0.437683 0.372759 0.428213 0.378107 0.4154 0.39014 0.40593 0.401281 0.404816 0.408857 0.438797 0.409303 0.449939 0.410391 0.456348 0.406875 0.457813 0.403359 0.45918 0.400781 0.459766 0.396824 0.459966 0.3839 0.45551 0.378552 0.450496 0.373204 0.443811
2 22 0.41522 0.40372 0.42944 0.406334 0.436968 0.408425 0.443241 0.412085 0.444914 0.41679 0.443241 0.42254 0.431113 0.438746 0.41522 0.452861 0.410469 0.456055 0.409303 0.449939 0.408857 0.438797 0.40125 0.404785
4 29 0.248217 0.413512 0.253654 0.416649 0.327963 0.285036 0.352489 0.235274 0.364217 0.197958 0.369548 0.176634 0.368956 0.137982 0.367498 0.0849609 0.355229 0.000172749 0.34707 0 0.360447 0.0865474 0.362323 0.140469 0.36166 0.174459 0.356355 0.194355 0.34508 0.228345 0.323359 0.278863
3 29 0.2138 0.463255 0.219543 0.46852 0.244813 0.432148 0.253654 0.416649 0.248217 0.413512 0.239434 0.42815
2 29 0.19683 0.526813 0.196399 0.524116 0.193378 0.519261 0.187337 0.514946 0.171719 0.510449 0.18432 0.489099 0.196189 0.469477 0.203846 0.463255 0.209206 0.462298 0.2138 0.463255 0.219543 0.46852 0.220692 0.478091 0.21648 0.494363 0.20844 0.510635 0.199252 0.524514
1 29 0.171641 0.510254 0.166193 0.517643 0.164899 0.525195 0.164899 0.530588 0.166625 0.533825 0.171803 0.537061 0.175255 0.53814 0.180433 0.53814 0.187769 0.535443 0.19683 0.526813 0.196399 0.524116 0.193378 0.519261 0.187337 0.514946
4 37 0.47703 0.306676 0.480794 0.313994 0.430149 0.362173 0.3849 0.399112 0.347169 0.425574 0.316015 0.437356 0.289015 0.445145 0.220659 0.447826 0.157926 0.451485 0.156253 0.448871 0.157507 0.443644 0.220241 0.441552 0.290084 0.436325 0.311832 0.429529 0.344035 0.416982 0.38293 0.39032 0.430747 0.350339
3 37 0.517179 0.264853 0.518434 0.267467 0.520525 0.269035 0.502123 0.291515 0.480794 0.313994 0.47703 0.306676 0.500869 0.284719
1 37 0.519689 0.217668 0.527457 0.203796 0.533006 0.198247 0.543548 0.195473 0.556865 0.198247 0.564078 0.205877 0.565743 0.220442 0.565743 0.230152 0.560749 0.24125 0.555755 0.25096 0.545213 0.244718 0.531341 0.230152
2 37 0.519689 0.217668 0.531341 0.230152 0.545213 0.244718 0.555755 0.25096 0.542691 0.263808 0.531399 0.269558 0.520525 0.269035 0.518434 0.267467 0.517179 0.264853 0.517179 0.260671 0.515506 0.254398 0.515088 0.247602 0.515088 0.240283 0.516761 0.227213
