4 7 0.154941 0.333812 0.16158 0.326386 0.1255 0.26698 0.104085 0.229831 0.087476 0.198691 0.071655 0.130887 0.063262 0.080178 0.051136 0.025253 0.04364 0 0.036145 0 0.046139 0.038995 0.057632 0.097085 0.065127 0.147056 0.074622 0.185783 0.088114 0.222011 0.1111 0.261987 0.131588 0.294468
3 7 0.195274 0.400345 0.201876 0.392578 0.175907 0.3491 0.16158 0.326386 0.154941 0.333812 0.174509 0.363514 0.18639 0.38448
1 7 0.208492 0.451859 0.215857 0.435298 0.223625 0.421705 0.233334 0.413452 0.243424 0.428277 0.24665 0.441718 0.24665 0.45247 0.241991 0.462774 0.234822 0.468599 0.229088 0.469495 0.222995 0.467703 0.215826 0.460982
2 7 0.20515 0.446783 0.193721 0.426559 0.193332 0.412967 0.195274 0.400345 0.201876 0.392578 0.208478 0.392578 0.218964 0.396461 0.233334 0.413452 0.223625 0.421705 0.215857 0.435298 0.208492 0.451561
4 14 0.274454 0.364102 0.282758 0.364102 0.292188 0.298889 0.304855 0.248342 0.323797 0.18892 0.333225 0.152253 0.336892 0.11886 0.34632 0.062551 0.354701 0.036361 0.366749 0 0.356796 0 0.344533 0.0387726 0.334273 0.082849 0.326939 0.133265 0.323081 0.161613 0.315939 0.186301 0.292892 0.254396 0.280321 0.308086
3 14 0.280567 0.470373 0.287398 0.46525 0.294229 0.465819 0.288535 0.438118 0.283841 0.392083 0.282758 0.364102 0.274454 0.364102 0.274454 0.385314 0.277342 0.429543
1 14 0.276469 0.527865 0.296961 0.519327 0.312444 0.515342 0.318819 0.513635 0.321861 0.527156 0.322288 0.541049 0.319723 0.551735 0.310319 0.55975 0.30177 0.560819 0.293648 0.557079 0.285954 0.551201 0.282107 0.541049
2 14 0.275395 0.523189 0.277572 0.484816 0.280567 0.470373 0.287398 0.46525 0.294229 0.465819 0.30197 0.475496 0.314266 0.499973 0.318819 0.513635 0.312444 0.515342 0.296961 0.519327 0.276469 0.527865
4 22 0.818337 0.628112 0.822 0.638498 0.83169 0.660458 0.841125 0.696771 0.854871 0.739355 0.861446 0.755791 0.879974 0.780445 0.900295 0.805846 0.908876 0.842889 0.921989 0.905332 0.930107 0.929529 0.943845 0.94436 0.942596 0.932651 0.930731 0.909235 0.921365 0.849133 0.905754 0.799959 0.890143 0.775762 0.866414 0.749223 0.850004 0.694309 0.837462 0.657249 0.823716 0.632595 0.818337 0.628112 0.791608 0.602601 0.766782 0.585361 0.745174 0.566972 0.720349 0.553754 0.696442 0.542835 0.675754 0.527319 0.652768 0.505482 0.641032 0.484122 0.644655 0.471769 0.653687 0.490541 0.672996 0.512953 0.699201 0.53479 0.733888 0.54819 0.754539 0.562802 0.782873 0.585361 0.788849 0.592257 0.791608 0.602601
3 22 0.573847 0.430248 0.574791 0.421205 0.594256 0.423181 0.609738 0.430593 0.623573 0.445417 0.644655 0.471769 0.641032 0.484122 0.629173 0.466005 0.612373 0.449122 0.599197 0.438005 0.588656 0.433887 0.569444 0.434966
1 22 0.529811 0.439685 0.534215 0.423957 0.535787 0.405871 0.538933 0.387391 0.53055 0.385652 0.519875 0.386374 0.512662 0.391783 0.508046 0.400799 0.506891 0.412701 0.507468 0.420995 0.510354 0.427126 0.517566 0.4347
2 22 0.534215 0.439685 0.554975 0.438505 0.569444 0.434966 0.573847 0.430248 0.574791 0.421205 0.573218 0.411768 0.563153 0.398793 0.538933 0.387391 0.535787 0.405871 0.534215 0.423957 0.529811 0.439685
4 29 0.856274 0.69678 0.863838 0.689535 0.883717 0.71749 0.911301 0.744476 0.937177 0.765121 0.976265 0.785078 1 0.7954 1 0.807099 0.952041 0.785766 0.926166 0.770626 0.894785 0.743099 0.872386 0.71923
3 29 0.823716 0.632595 0.83072 0.626553 0.832689 0.611786 0.835355 0.629839 0.847488 0.659649 0.863838 0.689287 0.856274 0.69678 0.837462 0.657249
1 29 0.788849 0.592257 0.809226 0.585265 0.821604 0.57708 0.83156 0.57125 0.825272 0.553857 0.81291 0.544942 0.803877 0.543753 0.795794 0.547914 0.789138 0.556234 0.78581 0.569903 0.785334 0.578818
2 29 0.791608 0.602601 0.799217 0.613017 0.808078 0.622246 0.818337 0.628112 0.823716 0.632595 0.83072 0.626553 0.832689 0.611786 0.833181 0.589636 0.83165 0.571138 0.821694 0.576968 0.809136 0.585265 0.788849 0.592257
0 22 0.518755 0.416534 0.515566 0.423142 0.516573 0.429331 0.518671 0.431219 0.522951 0.432792 0.526811 0.432897 0.529412 0.429121 0.531342 0.424296 0.531426 0.418002 0.528489 0.413282 0.525133 0.411289 0.521356 0.411604 0.519259 0.414855
0 7 0.222307 0.429429 0.221831 0.433002 0.222466 0.435086 0.224768 0.435583 0.226197 0.435583 0.227626 0.433895 0.227944 0.430918 0.227071 0.42804 0.225642 0.427643 0.224371 0.427643
0 14 0.302656 0.538965 0.300937 0.542285 0.301797 0.54541 0.305391 0.546582 0.308672 0.545703 0.310937 0.544238 0.311719 0.541309 0.309063 0.538184 0.306641 0.537598 0.303594 0.537598
