4 7 0.447936 0.590064 0.457334 0.596279 0.471962 0.542687 0.487514 0.416778 0.498881 0.358816 0.53623 0.21921 0.538034 0.163729 0.552523 0.111284 0.556618 0.0633661 0.551205 0.0254763 0.545792 0 0.539488 0 0.542003 0.0302125 0.547958 0.0624639 0.548138 0.0719363 0.543447 0.10509 0.530256 0.152695 0.528083 0.176456 0.52754 0.196822 0.526126 0.218533 0.515049 0.2586 0.489523 0.35432 0.477952 0.424446 0.474317 0.458867 0.46617 0.524038 0.456394 0.560697
3 7 0.415386 0.661528 0.422063 0.666223 0.424566 0.672482 0.430826 0.662571 0.445849 0.631273 0.457334 0.596279 0.447936 0.590064 0.436366 0.626244 0.425818 0.644836
2 7 0.379915 0.674047 0.372578 0.680957 0.382188 0.691992 0.395547 0.70498 0.408125 0.716211 0.412047 0.708997 0.41789 0.699607 0.423315 0.685002 0.424566 0.672482 0.422063 0.666223 0.415386 0.661528 0.404118 0.660485 0.394938 0.663093 0.384505 0.669353
1 7 0.372656 0.680566 0.366978 0.68761 0.361553 0.699086 0.359467 0.711605 0.361553 0.721516 0.366978 0.730905 0.37449 0.737686 0.38367 0.73873 0.392851 0.736643 0.40078 0.727775 0.408203 0.716309 0.395625 0.705469 0.382109 0.692187
4 20 0.192156 0.334168 0.200062 0.326138 0.174967 0.279999 0.164388 0.256602 0.155327 0.225917 0.152054 0.187816 0.157118 0.158429 0.16833 0.131302 0.171586 0.125877 0.192564 0.100785 0.207393 0.0829264 0.235243 0.0693631 0.259498 0.064213 0.294902 0.063362 0.325895 0.0703963 0.346349 0.0789884 0.360183 0.089669 0.380937 0.109762 0.39887 0.12651 0.422223 0.162938 0.436826 0.188566 0.473697 0.26797 0.470931 0.250778 0.454733 0.204326 0.432406 0.161698 0.407399 0.120927 0.35121 0.0693485 0.311379 0.0562518 0.268699 0.0517307 0.231988 0.05693 0.205029 0.070171 0.18188 0.094001 0.163497 0.118682 0.149644 0.148599 0.14239 0.185917 0.144433 0.223364 0.14988 0.248045 0.169625 0.292301
3 20 0.231687 0.402728 0.238604 0.390375 0.223606 0.372728 0.211427 0.347139 0.200062 0.326138 0.192156 0.334168 0.213404 0.374933
2 20 0.254911 0.462024 0.263311 0.456465 0.276652 0.438552 0.285546 0.426817 0.274676 0.417552 0.258369 0.405199 0.244534 0.392846 0.238604 0.390375 0.231687 0.402728 0.23811 0.415699 0.24404 0.429905 0.248981 0.445347
1 20 0.254911 0.462024 0.261828 0.474377 0.267758 0.483024 0.276652 0.490436 0.285546 0.491671 0.294441 0.489201 0.302841 0.481789 0.304817 0.474377 0.305312 0.463259 0.303335 0.450288 0.2979 0.43917 0.285546 0.426817 0.276652 0.438552 0.263311 0.456465
4 27 0.871174 0.180157 0.882492 0.17846 0.878103 0.13382 0.876686 0.08066 0.868653 0 0.857785 0 0.867708 0.088339
3 27 0.881134 0.237882 0.892453 0.238448 0.886567 0.219206 0.882492 0.17846 0.871174 0.180157 0.876154 0.219772
2 27 0.863477 0.288249 0.881134 0.284287 0.892453 0.284287 0.902413 0.286551 0.903771 0.277496 0.901055 0.26165 0.898338 0.2492 0.892453 0.238448 0.881134 0.237882 0.875701 0.240711 0.866646 0.257689 0.86393 0.272969
1 27 0.863477 0.288249 0.864383 0.299001 0.868005 0.311452 0.87389 0.324468 0.879776 0.330693 0.88702 0.331825 0.894264 0.329561 0.900149 0.323336 0.902866 0.314281 0.902866 0.301265 0.902413 0.286551 0.892453 0.284287 0.881134 0.284287
4 14 0.601187 0.450968 0.600698 0.463404 0.577701 0.46422 0.555519 0.466055 0.526789 0.469497 0.507211 0.477655 0.490895 0.483773 0.459368 0.505544 0.435999 0.529212 0.422694 0.543924 0.399666 0.579319 0.367085 0.634117 0.352245 0.665888 0.332092 0.689075 0.297923 0.726016 0.294278 0.715197 0.337327 0.669073 0.388919 0.578679 0.422883 0.529218 0.448451 0.501493 0.493484 0.469936 0.524017 0.457995 0.575907 0.452599
3 14 0.671996 0.464059 0.67254 0.447743 0.656145 0.451434 0.635906 0.451696 0.601024 0.451376 0.600671 0.463887 0.627097 0.463625
2 14 0.697557 0.421911 0.701908 0.436867 0.70789 0.456581 0.715313 0.479199 0.708203 0.479492 0.688359 0.477148 0.677578 0.470508 0.671996 0.464059 0.67254 0.447743 0.685048 0.431428
1 14 0.697557 0.421911 0.701908 0.436867 0.70789 0.456581 0.715313 0.478711 0.728203 0.475586 0.736563 0.469238 0.741953 0.457617 0.743125 0.441602 0.740625 0.432617 0.733359 0.423633 0.724453 0.419922 0.716406 0.419238 0.707891 0.41875
0 7 0.380156 0.710938 0.379766 0.706348 0.377578 0.70459 0.375625 0.703906 0.374063 0.703906 0.373125 0.70498 0.370703 0.709082 0.370781 0.712695 0.373516 0.715625 0.376563 0.716504 0.379531 0.71377 0.380156 0.710938 0.390781 0.710352 0.392109 0.714258 0.393203 0.714746 0.395156 0.715625 0.395703 0.715039 0.396953 0.712988 0.396953 0.711035 0.395859 0.707422 0.393672 0.706348 0.392109 0.706445 0.390781 0.710352
0 20 0.277629 0.461161 0.279417 0.470102 0.284782 0.475691 0.288023 0.47625 0.289364 0.473595 0.288135 0.467588 0.283776 0.461161 0.280646 0.459624 0.278411 0.459764
0 27 0.880937 0.290918 0.879687 0.295117 0.88125 0.3 0.883359 0.303906 0.886406 0.304297 0.888281 0.302734 0.889062 0.298828 0.887969 0.293555 0.886328 0.290527 0.882891 0.289258
