4 7 0.738925 0.450161 0.742773 0.447101 0.749769 0.392446 0.754666 0.32992 0.752567 0.316366 0.74767 0.311994 0.742773 0.312431 0.737176 0.315492 0.734728 0.324674 0.73053 0.357467 0.723184 0.440979 0.719687 0.508314 0.717938 0.580459 0.719337 0.626806 0.718578 0.645514 0.7291 0.644319 0.730392 0.632504 0.728421 0.600472 0.728092 0.545007 0.728431 0.493336 0.729481 0.455845 0.734728 0.386762 0.741723 0.325111 0.744872 0.322925 0.74767 0.324236 0.74767 0.333418 0.734728 0.445789 0.736477 0.450161 0.738925 0.450161 0.739227 0.45002 0.743281 0.446489 0.739227 0.466911 0.735419 0.481344 0.732717 0.507908 0.731488 0.566409 0.731611 0.582839 0.737016 0.590363 0.745615 0.60065 0.759495 0.614623 0.767971 0.626907 0.779027 0.644411 0.782589 0.659459 0.792047 0.67466 0.786643 0.672204 0.776938 0.655928 0.77313 0.642876 0.760232 0.623222 0.746966 0.610017 0.730751 0.590363 0.727803 0.582532 0.727557 0.570402 0.728663 0.486565 0.732225 0.454013 0.734314 0.445414 0.736279 0.449253 0.739227 0.45002
3 7 0.721767 0.727616 0.734839 0.72642 0.734202 0.705297 0.731013 0.67142 0.7291 0.644319 0.718578 0.645514 0.722086 0.677 0.723361 0.714862
2 7 0.717243 0.780125 0.721807 0.780922 0.728404 0.780175 0.737234 0.776737 0.746044 0.772078 0.753837 0.765725 0.749506 0.751529 0.746318 0.742761 0.741216 0.73479 0.737071 0.728015 0.734839 0.72642 0.721767 0.727616 0.717303 0.732797 0.714434 0.741964 0.713477 0.75392 0.714115 0.765478 0.716028 0.774645
1 7 0.721807 0.780922 0.728404 0.780175 0.737234 0.776737 0.746044 0.772078 0.753837 0.765725 0.75587 0.772078 0.758241 0.780548 0.759597 0.789866 0.759935 0.799607 0.757564 0.807655 0.751465 0.814431 0.745705 0.816549 0.739606 0.816549 0.735201 0.814855 0.730119 0.809349 0.724359 0.802996 0.721309 0.793254 0.71826 0.786901 0.717243 0.780125
4 15 0.4007 0.496991 0.401003 0.482606 0.407223 0.456223 0.415085 0.437131 0.41679 0.419261 0.418094 0.408933 0.419399 0.399148 0.424138 0.40423 0.42615 0.408421 0.427324 0.414918 0.426821 0.426653 0.413746 0.467095 0.408092 0.485033 0.4007 0.496991 0.403744 0.604074 0.398091 0.557327 0.391568 0.49536 0.389829 0.442634 0.392003 0.424153 0.419063 0.692383 0.419063 0.678809 0.420604 0.681225 0.425349 0.710882 0.429925 0.736938 0.432297 0.761511 0.429586 0.795193 0.427213 0.811504 0.42501 0.798159 0.426705 0.779729 0.427891 0.760028 0.42501 0.733337 0.420773 0.705587 0.419063 0.692383 0.392003 0.424153 0.395047 0.411107 0.399395 0.404041 0.405048 0.399692 0.412006 0.398605 0.419399 0.399148 0.418094 0.408933 0.412006 0.408389 0.405048 0.411107 0.401135 0.430675 0.398961 0.45731 0.4005 0.482187 0.4007 0.496991 0.405757 0.54256 0.414203 0.610083 0.418074 0.651213 0.418954 0.692123 0.418964 0.727375 0.408513 0.727897 0.410267 0.700286 0.410267 0.660062 0.403744 0.604074
3 15 0.393534 0.824191 0.399316 0.793216 0.405587 0.748799 0.408513 0.727897 0.418964 0.727375 0.413947 0.75716 0.409349 0.790081 0.404474 0.827108 0.403496 0.825614
2 15 0.370163 0.860369 0.375906 0.862715 0.384267 0.865851 0.40266 0.868986 0.411021 0.868986 0.412275 0.862193 0.412275 0.852264 0.410185 0.840768 0.407259 0.831362 0.403496 0.825614 0.388865 0.823524 0.381758 0.827704 0.376324 0.836588 0.372561 0.847039
1 15 0.370357 0.860369 0.367545 0.871076 0.366291 0.879959 0.367127 0.891978 0.370889 0.902429 0.375906 0.9087 0.381758 0.91288 0.388447 0.913925 0.393463 0.913403 0.39848 0.9087 0.405169 0.899294 0.408931 0.884662 0.411021 0.868986 0.40266 0.868986 0.384267 0.865851 0.375906 0.862715
4 21 0.30502 0.353304 0.317276 0.356367 0.325446 0.328792 0.340562 0.293557 0.360988 0.267004 0.392035 0.237386 0.445552 0.189385 0.529707 0.13066 0.576278 0.102574 0.587203 0.0960313 0.601198 0.092871 0.618764 0.09185 0.635922 0.09951 0.674323 0.132702 0.701007 0.158806 0.717989 0.171012 0.728179 0.174196 0.737095 0.174196 0.747709 0.16995 0.751105 0.164643 0.743463 0.161459 0.730643 0.167395 0.713721 0.15929 0.688575 0.134184 0.651333 0.097774 0.637336 0.0902984 0.612348 0.0829841 0.595715 0.082915 0.584514 0.0863447 0.550286 0.105735 0.487875 0.147661 0.413151 0.205508 0.35541 0.258578 0.335031 0.282991 0.320596 0.314833 0.312105 0.339246
3 21 0.285003 0.440114 0.295624 0.442668 0.297258 0.432965 0.30502 0.411007 0.312782 0.376283 0.317276 0.356367 0.30502 0.353304 0.297667 0.394666 0.291131 0.414582 0.287454 0.419178 0.285003 0.424284 0.285003 0.429901
2 21 0.262534 0.485562 0.277241 0.489647 0.291948 0.491179 0.303386 0.493222 0.303795 0.479434 0.302161 0.463604 0.298075 0.448285 0.295624 0.442668 0.285003 0.440114 0.279692 0.448795 0.269479 0.464626 0.26376 0.478413
1 21 0.262194 0.494639 0.262126 0.504967 0.264168 0.521308 0.26907 0.533053 0.273973 0.536117 0.282143 0.53867 0.288271 0.538159 0.292765 0.535606 0.297258 0.529478 0.300527 0.521818 0.302978 0.508542 0.303386 0.493222 0.291948 0.491179 0.277241 0.489647 0.262534 0.485562
0 21 0.283624 0.496413 0.281173 0.496413 0.279131 0.501009 0.279131 0.508669 0.281582 0.511733 0.285667 0.510711 0.288527 0.507137 0.289752 0.50203 0.288527 0.497945
4 27 0.844449 0.143476 0.84367 0.16099 0.853789 0.160017 0.889206 0.151746 0.926569 0.137151 0.962375 0.124503 0.999219 0.111981 0.999219 0.100976 0.958094 0.115746 0.928515 0.126935 0.903217 0.135692 0.881812 0.142989 0.862352 0.146395 0.852233 0.145908
3 27 0.786069 0.144935 0.789572 0.125962 0.803583 0.134232 0.828102 0.139584 0.844449 0.143476 0.84367 0.16099 0.827713 0.161963 0.818373 0.160503 0.804751 0.152719 0.797356 0.1498
1 27 0.748666 0.158317 0.737809 0.154665 0.731971 0.149314 0.725744 0.14153 0.723409 0.133259 0.724187 0.121584 0.728079 0.110881 0.736252 0.101637 0.743258 0.096772 0.749485 0.095313 0.757269 0.096772 0.769334 0.100178 0.75688 0.128394
2 27 0.772058 0.102124 0.780231 0.107962 0.785291 0.11234 0.788404 0.118665 0.789572 0.125962 0.786069 0.144935 0.781399 0.155638 0.773226 0.15953 0.762718 0.15953 0.753766 0.160017 0.748485 0.158543 0.75688 0.128394 0.769334 0.100178
4 33 0.187812 0.13706 0.197326 0.133004 0.192253 0.112331 0.184179 0.072463 0.178526 0.036127 0.168029 0 0.15957 0 0.17247 0.048743 0.176508 0.082556 0.182564 0.111322
3 33 0.204769 0.199133 0.216073 0.195601 0.210017 0.18147 0.201639 0.155771 0.197326 0.133154 0.187812 0.13706 0.193464 0.165321 0.200328 0.189545
2 33 0.201113 0.2448 0.203354 0.248593 0.209255 0.246061 0.216654 0.240666 0.229953 0.231858 0.240171 0.22239 0.236664 0.216292 0.232223 0.208217 0.225763 0.202161 0.216073 0.195601 0.204769 0.199133 0.197905 0.207713 0.195079 0.217301 0.195887 0.228404 0.19803 0.236281
1 33 0.203558 0.24859 0.210017 0.262721 0.217285 0.273319 0.22464 0.278062 0.232223 0.279375 0.23949 0.278366 0.245165 0.274614 0.247923 0.270659 0.250032 0.26427 0.251602 0.258179 0.251574 0.247639 0.247923 0.236586 0.240523 0.22228 0.23013 0.231638 0.216742 0.240886 0.209255 0.246281
4 39 0.032054 0.242795 0.032364 0.233081 0.018376 0.234246 0 0.236966 0 0.245515 0.021174 0.243183
3 39 0.032054 0.242795 0.032364 0.233081 0.054124 0.236189 0.078993 0.238132 0.089343 0.235052 0.093914 0.238521 0.101063 0.238909 0.087697 0.245515 0.070289 0.247458 0.050394 0.246292
2 39 0.0885937 0.178906 0.0922656 0.170996 0.105313 0.179395 0.115937 0.184375 0.126953 0.189551 0.125621 0.195001 0.123134 0.205492 0.120336 0.217926 0.115984 0.227252 0.108524 0.235412 0.101063 0.238909 0.093914 0.238521 0.08521 0.231915 0.078993 0.220646 0.077438 0.208989 0.078993 0.198498 0.082723 0.188784
1 39 0.112254 0.153424 0.105726 0.15459 0.09982 0.158475 0.096401 0.163138 0.0923438 0.170898 0.0969531 0.174121 0.105 0.179199 0.116172 0.184766 0.127344 0.189648 0.128419 0.185287 0.128419 0.175961 0.126553 0.166247 0.123445 0.158864 0.120025 0.155367
0 15 0.375859 0.877441 0.375234 0.882617 0.375391 0.885645 0.377188 0.888379 0.379375 0.887012 0.380391 0.883496 0.379688 0.878613 0.378672 0.876465 0.376641 0.876465
