4 13 0.529704 0.446816 0.538278 0.452174 0.50779 0.507771 0.467922 0.579105 0.418647 0.644777 0.389051 0.674373 0.349004 0.70551 0.309458 0.722276 0.257515 0.739319 0.23055 0.738497 0.207531 0.73192 0.183855 0.71219 0.131898 0.682594 0.115456 0.659575 0.127294 0.666152 0.152944 0.68506 0.190432 0.702324 0.216739 0.722877 0.237127 0.729454 0.270669 0.724521 0.319337 0.705613 0.357483 0.685882 0.396943 0.652176 0.418647 0.627513 0.450873 0.586408 0.473892 0.548591 0.495595 0.506664
1 13 0.597134 0.321084 0.601612 0.324194 0.614053 0.333151 0.626294 0.345342 0.634355 0.355668 0.639771 0.348533 0.645227 0.333432 0.645227 0.317844 0.639771 0.308101 0.633146 0.30323 0.623014 0.302743 0.612103 0.304691 0.603529 0.311511
2 13 0.624609 0.364551 0.613272 0.37435 0.600022 0.381657 0.592228 0.385067 0.585213 0.385067 0.580147 0.379222 0.581316 0.372402 0.585993 0.35243 0.597187 0.321289 0.601953 0.324219 0.613984 0.333105 0.626016 0.34541 0.634609 0.355566 0.628906 0.359863
3 13 0.580147 0.379222 0.585213 0.385067 0.570623 0.404436 0.538278 0.452174 0.529704 0.446816 0.544123 0.420024 0.562829 0.394693
4 41 0.706996 0.609198 0.713448 0.62264 0.790066 0.559414 0.828793 0.528963 0.873143 0.49695 0.93748 0.464937 0.978707 0.443074 1 0.41965 1 0.407157 0.986202 0.425116 0.966214 0.439951 0.909996 0.464937 0.866272 0.48758 0.827544 0.513347 0.776324 0.55551 0.73947 0.584399
2 41 0.570755 0.655325 0.604566 0.657028 0.615252 0.653466 0.618814 0.648123 0.618458 0.638327 0.613471 0.625415 0.603498 0.618291 0.584975 0.612948 0.570202 0.611637 0.570014 0.620517 0.571439 0.638327 0.571083 0.652576
3 41 0.618814 0.648123 0.618458 0.638327 0.632581 0.641459 0.649786 0.639308 0.672584 0.626941 0.706996 0.609198 0.713448 0.62264 0.683338 0.635544 0.655378 0.650062 0.637742 0.654901 0.628279 0.654363
1 41 0.570834 0.655226 0.571083 0.652576 0.571439 0.638327 0.570014 0.620517 0.569886 0.611439 0.560767 0.610946 0.547932 0.61553 0.541331 0.625157 0.540964 0.632949 0.543164 0.641659 0.549032 0.648076 0.559666 0.654035
4 26 0.286047 0.353412 0.291113 0.360719 0.362227 0.303858 0.398761 0.278742 0.510308 0.196955 0.589952 0.135875 0.594733 0.131056 0.616967 0.108584 0.627134 0.095298 0.629445 0.082012 0.629445 0.072192 0.624823 0.06526 0.61096 0.062949 0.599407 0.065838 0.58924 0.083167 0.587344 0.100977 0.590164 0.115516 0.59571 0.114938 0.595247 0.097609 0.59571 0.079701 0.602641 0.069881 0.609573 0.068148 0.620202 0.072769 0.620664 0.088944 0.61096 0.10454 0.595247 0.118982 0.571217 0.142088 0.495891 0.196965 0.351127 0.301751
2 26 0.185425 0.436679 0.21452 0.42251 0.223211 0.414008 0.225478 0.407395 0.222833 0.398421 0.215654 0.393225 0.202429 0.391336 0.182025 0.396059 0.170923 0.39925 0.164657 0.402225 0.172668 0.409958 0.175523 0.412238 0.179013 0.421459 0.179251 0.435537 0.179331 0.439701
1 26 0.179013 0.4398 0.17941 0.437322 0.178934 0.421756 0.17592 0.412337 0.172351 0.409859 0.164895 0.402026 0.159459 0.403959 0.149191 0.414122 0.146234 0.421907 0.149257 0.432298 0.152658 0.436549 0.163616 0.442217 0.173062 0.442689
3 26 0.222833 0.398421 0.225478 0.407395 0.240063 0.401637 0.291113 0.360719 0.286047 0.353412 0.260717 0.371923 0.235776 0.389946
4 20 0.453886 0.336951 0.459134 0.346381 0.444577 0.370385 0.426414 0.410827 0.409262 0.468504 0.397931 0.516587 0.382336 0.596259 0.370788 0.662703 0.36568 0.716626 0.357166 0.749973 0.351261 0.769133 0.341267 0.787873 0.34439 0.765229 0.35376 0.733217 0.358757 0.705889 0.364379 0.655917 0.372499 0.599699 0.38874 0.510759 0.405683 0.449681 0.427543 0.384977 0.440571 0.361902
1 20 0.560631 0.319093 0.559696 0.301567 0.559385 0.279756 0.560943 0.26963 0.573094 0.266514 0.584622 0.268851 0.593346 0.274304 0.596774 0.288325 0.594281 0.301567 0.590542 0.311693 0.583376 0.317145
2 20 0.555957 0.318703 0.543806 0.315588 0.530408 0.309746 0.523865 0.304682 0.521061 0.297672 0.521684 0.290662 0.526981 0.285209 0.538821 0.276251 0.560943 0.26963 0.559385 0.279756 0.559696 0.301567 0.560631 0.319093
3 20 0.521684 0.290662 0.521061 0.297672 0.523865 0.304682 0.513584 0.307429 0.490951 0.32055 0.459134 0.346381 0.453886 0.336951 0.47127 0.32137 0.491279 0.30784
4 33 0.721862 0.793762 0.724357 0.786486 0.779822 0.818508 0.833739 0.850334 0.872796 0.875835 0.921421 0.911493 0.962042 0.951429 0.961044 0.956422 0.922718 0.925068 0.882034 0.895082 0.834219 0.863071 0.797102 0.840176 0.749868 0.810395
1 33 0.626094 0.750098 0.629297 0.744336 0.640547 0.72998 0.648594 0.720215 0.657109 0.713184 0.650184 0.706371 0.636034 0.700054 0.628286 0.700054 0.622221 0.704265 0.614473 0.711845 0.612451 0.721531 0.614136 0.730796 0.617505 0.740061
2 33 0.632489 0.758403 0.646381 0.764191 0.657068 0.76241 0.661342 0.760629 0.667041 0.75306 0.668466 0.741038 0.666685 0.726344 0.6575 0.713086 0.648359 0.720801 0.640859 0.72998 0.629297 0.744238 0.62625 0.75
3 33 0.661342 0.760629 0.667041 0.75306 0.691512 0.768816 0.724357 0.786486 0.721862 0.793762 0.701074 0.783888 0.678207 0.770895
2 5 0.89375 0.0666016 0.897812 0.061386 0.907998 0.048882 0.922806 0.038165 0.932549 0.036217 0.937615 0.038652 0.939174 0.048395 0.935277 0.077135 0.929375 0.0925781 0.924297 0.0888672 0.915312 0.0823242 0.906719 0.0750977 0.896719 0.0689453
1 5 0.893437 0.0666016 0.896719 0.0686523 0.906563 0.0750977 0.914766 0.0819336 0.924141 0.0890625 0.929141 0.0927734 0.920763 0.103541 0.913062 0.108583 0.906461 0.109959 0.89986 0.1095 0.891059 0.104916 0.885925 0.09804 0.885559 0.088873 0.887026 0.077871
3 5 0.932549 0.036217 0.937615 0.038652 0.939174 0.048395 0.946636 0.032318 0.970696 0 0.957775 0
0 26 0.159502 0.419674 0.156647 0.42245 0.157598 0.427903 0.159581 0.430382 0.163468 0.430382 0.169258 0.429985 0.17481 0.427804 0.176951 0.426614 0.177348 0.424334 0.17703 0.422351 0.175127 0.420665 0.168068 0.417989 0.162992 0.417493
0 13 0.625938 0.327652 0.623449 0.331508 0.625042 0.337355 0.628426 0.339097 0.630814 0.339346 0.632108 0.336733 0.632705 0.333623 0.632605 0.329891 0.630814 0.326905 0.628326 0.326408 0.62743 0.326905
0 41 0.564219 0.645117 0.561406 0.647363 0.561719 0.650879 0.562812 0.653809 0.565156 0.653906 0.566719 0.653516 0.568047 0.651367 0.568672 0.647949 0.5675 0.646094 0.566094 0.645605
0 33 0.632891 0.716895 0.633047 0.720508 0.634531 0.723145 0.636016 0.722949 0.637578 0.721875 0.637188 0.718848 0.635234 0.716602 0.634375 0.715918
