4 7 0.817928 0.678435 0.820563 0.634891 0.821778 0.612308 0.821291 0.60257 0.823725 0.596484 0.829081 0.58553 0.834923 0.576401 0.840766 0.567272 0.852536 0.552519 0.872899 0.522845 0.876307 0.517368 0.878255 0.50763 0.890666 0.458619 0.915741 0.34555 0.918398 0.26186 0.94326 0.089963 0.945633 0.080324 0.949785 0.069944 0.951565 0.067719 0.957496 0.067719 0.964614 0.070685 0.9658 0.077358 0.965207 0.092187 0.959869 0.124069 0.95631 0.147054 0.955124 0.148537 0.953937 0.146312 0.953937 0.141864 0.960462 0.084773 0.958682 0.075134 0.955288 0.0742541 0.953344 0.076617 0.949785 0.090704 0.925111 0.263544 0.922062 0.345421 0.917606 0.368604 0.897194 0.463282 0.886183 0.507355 0.882066 0.523637 0.87412 0.534234 0.867826 0.542756 0.855023 0.562622 0.83531 0.59258 0.829541 0.601758 0.827967 0.631259 0.824821 0.681083 0.82454 0.681364 0.824806 0.679448 0.817928 0.679953
3 7 0.803418 0.742909 0.803749 0.741897 0.814484 0.710931 0.817787 0.679964 0.824806 0.679448 0.819852 0.715059 0.808829 0.747625 0.807259 0.745662 0.803625 0.742823
2 7 0.777729 0.768378 0.779546 0.763267 0.792721 0.747934 0.799536 0.744526 0.803625 0.742823 0.807259 0.745662 0.812711 0.752477 0.815891 0.76781 0.816345 0.783143 0.814982 0.800179 0.814561 0.800425 0.814074 0.796772 0.809985 0.792797 0.794084 0.782575 0.778183 0.769513 0.777805 0.769513
1 7 0.77682 0.769513 0.771369 0.784278 0.77046 0.793365 0.770914 0.805858 0.774095 0.813809 0.778183 0.820055 0.785907 0.825166 0.795447 0.826302 0.801807 0.825166 0.807713 0.820055 0.811348 0.814376 0.813165 0.810401 0.814982 0.803587 0.814074 0.796772 0.809985 0.792797 0.794084 0.782575 0.778183 0.769513
4 15 0.544716 0.232687 0.545003 0.232042 0.693845 0.127728 0.861849 0.00128319 0.87937 0 0.700674 0.134408 0.551396 0.236714 0.549642 0.237481 0.546637 0.231415
3 15 0.488024 0.270256 0.489981 0.26891 0.546637 0.231415 0.549998 0.238199 0.490628 0.281855 0.490171 0.282013 0.490628 0.281046 0.49257 0.276191 0.490628 0.271337 0.489334 0.270528
1 15 0.416199 0.300462 0.417493 0.289136 0.429143 0.272955 0.442087 0.265674 0.445971 0.265674 0.452443 0.296417 0.458268 0.308552 0.466681 0.315024 0.463445 0.322305 0.458268 0.32635 0.449854 0.327968 0.440146 0.327968 0.42979 0.324732 0.422671 0.319069 0.417493 0.312597
2 15 0.446161 0.266581 0.473153 0.269719 0.485451 0.269719 0.489334 0.270528 0.490628 0.271337 0.49257 0.276191 0.490628 0.281046 0.482214 0.298844 0.47639 0.308552 0.469917 0.314215 0.466498 0.315436 0.466681 0.315024 0.458268 0.308552 0.452443 0.296417
4 22 0.0348099 0.177273 0.0388508 0.168373 0.083538 0.185404 0.223194 0.236017 0.296658 0.266971 0.347543 0.291665 0.419453 0.328355 0.468579 0.347332 0.51807 0.370272 0.520017 0.372358 0.519348 0.37946 0.518851 0.37946 0.466532 0.357567 0.411947 0.335605 0.342692 0.30021 0.285979 0.273675 0.220818 0.245451 0.0729539 0.193915
3 22 0.520084 0.371642 0.542405 0.381921 0.556894 0.388774 0.557124 0.38897 0.556064 0.389924 0.555635 0.393139 0.55537 0.39646 0.519301 0.379963
1 22 0.579463 0.419072 0.584851 0.387896 0.586095 0.376346 0.593678 0.379641 0.601527 0.384546 0.604471 0.394971 0.605942 0.402943 0.60398 0.413981 0.600546 0.420726 0.593188 0.427471 0.58433 0.427654 0.577812 0.426785
2 22 0.555207 0.398498 0.555635 0.393139 0.556064 0.389924 0.566781 0.38028 0.578354 0.374921 0.582212 0.374921 0.58625 0.375977 0.584688 0.388086 0.579375 0.419238 0.577891 0.426563 0.571067 0.421538 0.563351 0.414036 0.557779 0.405463
1 30 0.193756 0.540756 0.194213 0.533321 0.197873 0.525886 0.202906 0.520167 0.210684 0.518451 0.21892 0.519023 0.224868 0.521882 0.234933 0.529317 0.236094 0.531152 0.233103 0.53618 0.227155 0.543615 0.221207 0.553338 0.209769 0.567063 0.198789 0.556769 0.195128 0.549334
2 30 0.209503 0.566814 0.209769 0.567063 0.221207 0.553338 0.227155 0.543615 0.233103 0.53618 0.23625 0.531055 0.251535 0.548462 0.255208 0.554722 0.257879 0.561816 0.25888 0.566824 0.258212 0.574336 0.256543 0.57684 0.250868 0.579761 0.240852 0.580178 0.230169 0.578509 0.219485 0.573919 0.209803 0.567659
3 30 0.250868 0.579761 0.256543 0.57684 0.258175 0.574391 0.313461 0.609055 0.31161 0.616923 0.292933 0.605635 0.251869 0.579761
4 30 0.79519 0.665558 0.795816 0.672603 0.791432 0.676517 0.752773 0.698853 0.730437 0.70881 0.709731 0.711986 0.637068 0.708333 0.624329 0.708445 0.618629 0.709702 0.606063 0.712526 0.583518 0.712526 0.547822 0.706264 0.507742 0.698436 0.45639 0.680431 0.377514 0.64608 0.325309 0.624328 0.311847 0.615914 0.313228 0.610043 0.377869 0.637881 0.459521 0.671038 0.507116 0.688259 0.545317 0.695305 0.584771 0.703133 0.598548 0.70235 0.612952 0.699219 0.632265 0.697967 0.708141 0.70235 0.729216 0.699972 0.752326 0.691585 0.790806 0.666341 0.792685 0.665558 0.79519 0.665558 0.79525 0.666065 0.796229 0.672428 0.800536 0.666309 0.800341 0.660191 0.798187 0.657743 0.793586 0.656274 0.786145 0.655785 0.776844 0.658355 0.743167 0.677568 0.712817 0.693844 0.700873 0.699963 0.705866 0.699963 0.726425 0.69262 0.746789 0.682463 0.763334 0.672551 0.78174 0.662883 0.795152 0.661292 0.795739 0.664351 0.79525 0.666065
4 37 0.315625 0.600446 0.464137 0.609375 0.556196 0.61618 0.557197 0.616649 0.556928 0.616637 0.556399 0.624256 0.465923 0.617188 0.316667 0.607143
3 37 0.556548 0.623884 0.556928 0.616637 0.596429 0.619792 0.612644 0.621399 0.61159 0.625352 0.611943 0.62734 0.597173 0.62779
1 37 0.640529 0.647331 0.641882 0.642821 0.651352 0.604489 0.652187 0.602051 0.658117 0.602798 0.662626 0.605053 0.669842 0.611254 0.674352 0.617454 0.676155 0.624783 0.676155 0.632111 0.674844 0.64082 0.670293 0.647331 0.659921 0.65184 0.648647 0.652404 0.642333 0.650713 0.640529 0.649586
2 37 0.61159 0.625352 0.61323 0.6192 0.616921 0.614073 0.627995 0.604333 0.639478 0.601257 0.650141 0.602282 0.651953 0.601953 0.641882 0.642821 0.640234 0.649805 0.635787 0.646883 0.623073 0.640219 0.61405 0.632529 0.61241 0.629966
0 37 0.649922 0.634961 0.648828 0.638477 0.648828 0.642676 0.650859 0.64375 0.653125 0.64248 0.653516 0.636914 0.652266 0.634863
0 30 0.199922 0.547656 0.198047 0.550488 0.198828 0.553418 0.201016 0.555176 0.203359 0.555469 0.205313 0.554004 0.205547 0.550684 0.204531 0.547461 0.202656 0.547168
1 1 0.967829 0.121736 0.9666 0.125728 0.964881 0.130795 0.964266 0.13709 0.964881 0.143079 0.965863 0.151063 0.970777 0.157512 0.975076 0.161504 0.982083 0.164677 0.988607 0.165409 0.993292 0.166141 0.991536 0.154134 0.992888 0.144768 0.991659 0.139547 0.990677 0.135401 0.98994 0.126803 0.990554 0.118972 0.990431 0.111294 0.989448 0.10853 0.986746 0.108684 0.983306 0.110373 0.976427 0.113751 0.972251 0.117129
0 1 0.985262 0.13927 0.983505 0.141466 0.983087 0.146589 0.983923 0.148576 0.986014 0.149307 0.989946 0.149307 0.991451 0.147007 0.991284 0.144289 0.989444 0.13927 0.98752 0.138747
2 1 0.989611 0.108217 0.990364 0.111458 0.990615 0.118881 0.989779 0.126723 0.990699 0.135297 0.991368 0.139793 0.993124 0.144707 0.991619 0.15349 0.993543 0.165932 0.99898 0.166559 0.998812 0.108739 0.991619 0.108426
