4 7 0.917518 0.760951 0.916643 0.769156 0.953836 0.777907 0.979652 0.782282 1 0.786111 1 0.776266 0.968713 0.771343 0.946835 0.766421 0.934583 0.763686
3 7 0.841393 0.766667 0.842282 0.761944 0.841964 0.757967 0.856697 0.756029 0.890389 0.756576 0.910079 0.759311 0.917518 0.760951 0.916643 0.769156 0.906141 0.767515 0.872011 0.765327 0.854071 0.76478
1 7 0.799944 0.740661 0.80193 0.749174 0.80193 0.75109 0.80193 0.756198 0.800908 0.763859 0.799376 0.770244 0.799376 0.77599 0.799376 0.781098 0.799887 0.78429 0.794093 0.784059 0.788193 0.782924 0.782293 0.77952 0.778662 0.771578 0.776847 0.764204 0.777755 0.756262 0.781839 0.748887 0.789554 0.743214 0.794216 0.741773
2 7 0.805505 0.738959 0.819807 0.738959 0.82798 0.741513 0.836152 0.747259 0.841771 0.755559 0.842282 0.761944 0.840239 0.772798 0.833598 0.780459 0.826958 0.783013 0.799887 0.78429 0.799376 0.781098 0.799376 0.77599 0.799376 0.770244 0.800908 0.763859 0.80193 0.756198 0.80193 0.75109 0.80193 0.749174 0.799944 0.740661
4 13 0.697648 0.602515 0.692966 0.610618 0.720997 0.626626 0.774892 0.658779 0.839812 0.692464 0.881867 0.710837 0.931271 0.730231 0.96271 0.740439 1 0.752688 1 0.74197 0.945561 0.725128 0.916572 0.715431 0.867576 0.695526 0.816539 0.671028 0.754477 0.635302
3 13 0.640967 0.576417 0.642531 0.57371 0.645309 0.565465 0.668117 0.584059 0.697648 0.602515 0.692966 0.610618 0.672078 0.598464 0.650831 0.583609
0 13 0.62198 0.542208 0.620157 0.540907 0.619376 0.537978 0.620418 0.534399 0.62224 0.532446 0.624779 0.531869 0.627548 0.533023 0.628471 0.534754 0.628933 0.537928 0.627779 0.540813 0.626163 0.542255 0.624086 0.542832
1 13 0.60718 0.576067 0.610008 0.573121 0.613308 0.564873 0.615193 0.556624 0.616607 0.550732 0.619435 0.544251 0.621792 0.540127 0.624149 0.535414 0.626505 0.532468 0.630276 0.528343 0.620378 0.524219 0.613308 0.52363 0.604824 0.526576 0.597753 0.532468 0.593511 0.540716 0.592097 0.554857 0.593511 0.560159 0.597753 0.568408 0.601524 0.573121
2 13 0.630276 0.528343 0.641117 0.535414 0.645831 0.541895 0.647716 0.550732 0.646302 0.562516 0.642531 0.57371 0.636404 0.584315 0.63169 0.585494 0.625563 0.584905 0.61048 0.579013 0.60718 0.576067 0.610008 0.573121 0.613308 0.564873 0.615193 0.556624 0.616607 0.550732 0.619435 0.544251 0.621792 0.540127 0.624149 0.535414 0.626505 0.532468
4 17 0.482072 0.602957 0.479349 0.613736 0.531264 0.625842 0.570016 0.631493 0.584225 0.631493 0.618457 0.626649 0.657209 0.609695 0.682398 0.595163 0.712109 0.587897 0.778634 0.564484 0.828366 0.54753 0.87939 0.527347 0.922018 0.507163 0.954312 0.48698 0.981438 0.469218 1 0.458723 1 0.451457 0.965292 0.470833 0.945269 0.482943 0.92008 0.498283 0.894245 0.512007 0.831595 0.537842 0.770237 0.557218 0.733422 0.568521 0.706942 0.576594 0.681107 0.585475 0.659147 0.598392 0.636541 0.609695 0.61329 0.616961 0.597143 0.620191 0.571954 0.620191 0.537722 0.615346 0.513825 0.610502
3 17 0.424589 0.595815 0.425533 0.591682 0.425533 0.584762 0.440774 0.590477 0.482072 0.602957 0.479349 0.613736 0.441681 0.600688
2 17 0.394466 0.563788 0.403218 0.563788 0.414157 0.566523 0.419845 0.570351 0.42247 0.574727 0.425533 0.584572 0.425533 0.591682 0.423783 0.59934 0.417657 0.607544 0.410219 0.612466 0.405843 0.612466 0.390543 0.606618 0.381807 0.600747 0.37645 0.593433 0.375132 0.582513 0.375544 0.57489 0.379005 0.569225 0.382054 0.566855 0.387905 0.563868
4 25 0.064383 0.76992 0.078884 0.76417 0.2105 0.715582 0.301199 0.678927 0.335726 0.663746 0.361211 0.648565 0.390326 0.627496 0.408584 0.612466 0.410219 0.612466 0.417657 0.607544 0.423783 0.59934 0.425431 0.592131 0.431699 0.582803 0.433526 0.580401 0.43808 0.583603 0.429059 0.599992 0.416973 0.616381 0.40313 0.630316 0.360396 0.660974 0.318867 0.683967 0.232322 0.718139 0.079887 0.772561 0.065662 0.778177 0.044774 0.787973 0.033579 0.790638 0.025583 0.790638 0.019719 0.789972 0.017053 0.782642 0.019719 0.776645 0.027182 0.770648 0.035978 0.767316 0.047598 0.765161 0.063431 0.763984 0.062099 0.766983 0.061394 0.76802 0.05277 0.769982 0.043707 0.771314 0.033046 0.774646 0.027715 0.777978 0.027182 0.781309 0.029847 0.783975 0.042108 0.779977 0.0597 0.771981
3 25 0.433526 0.580401 0.436372 0.575065 0.442633 0.555856 0.449179 0.520639 0.451308 0.498018 0.454498 0.499158 0.456805 0.499158 0.454586 0.525975 0.452594 0.540204 0.448609 0.557635 0.443487 0.570797 0.43808 0.583603
1 25 0.432604 0.46437 0.437799 0.460659 0.442252 0.459267 0.446334 0.457412 0.453756 0.455557 0.459693 0.454629 0.464517 0.454629 0.468227 0.455093 0.471938 0.456948 0.471938 0.445816 0.468598 0.429118 0.46229 0.417986 0.45524 0.413347 0.44856 0.41242 0.442623 0.413811 0.43817 0.417986 0.434089 0.423088 0.431862 0.430509 0.430378 0.441642 0.430378 0.448135
2 25 0.432604 0.46437 0.437428 0.48014 0.442252 0.489881 0.449303 0.497302 0.454498 0.499158 0.458208 0.499158 0.464517 0.496838 0.469341 0.487562 0.471938 0.476893 0.471938 0.456948 0.468227 0.455093 0.464517 0.454629 0.459693 0.454629 0.453756 0.455557 0.446334 0.457412 0.442252 0.459267 0.437799 0.460659
0 25 0.454623 0.422847 0.45339 0.423795 0.452158 0.424743 0.452537 0.427232 0.453201 0.428654 0.454718 0.428417 0.456709 0.428891 0.457657 0.427824 0.457847 0.426521 0.457657 0.424743 0.456804 0.423321 0.455571 0.422965
0 7 0.794198 0.763096 0.793329 0.76516 0.792982 0.769071 0.794807 0.770809 0.797066 0.77146 0.799499 0.770483 0.800195 0.767115 0.799152 0.764074 0.797848 0.762662 0.79585 0.762662
