4 7 0.472875 0.882066 0.468849 0.905622 0.467721 0.914931 0.467044 0.936368 0.469978 0.94342 0.47321 0.947738 0.473269 0.950328 0.474171 0.957098 0.475977 0.964149 0.476682 0.964468 0.472911 0.964293 0.469075 0.962319 0.465916 0.959498 0.460726 0.95301 0.456438 0.940317 0.456664 0.92847 0.460726 0.891801 0.466228 0.872771 0.47134 0.880367 0.472875 0.882066 0.503958 0.946661 0.504635 0.957944 0.510145 0.954421 0.522781 0.940881 0.529326 0.928188 0.532936 0.917187 0.533839 0.908161 0.531582 0.898006 0.527972 0.888134 0.514432 0.874313 0.504052 0.866415 0.488409 0.863854 0.504635 0.957944 0.491547 0.965842 0.4841 0.967816 0.475977 0.964149 0.474171 0.957098 0.473269 0.950328 0.473043 0.940456 0.475525 0.926352 0.48049 0.901248 0.480695 0.890732 0.489413 0.886214 0.48929 0.897581 0.486357 0.917044 0.483875 0.928609 0.482069 0.93566 0.48049 0.942712 0.483198 0.95202 0.488162 0.954841 0.495158 0.952585 0.503958 0.946661 0.504635 0.957944 0.488409 0.863854 0.489854 0.874416 0.503826 0.880518 0.512401 0.886724 0.516689 0.891801 0.519848 0.898571 0.521653 0.906469 0.521879 0.914649 0.520299 0.9217 0.517591 0.928752 0.508565 0.938625 0.503958 0.946661
2 7 0.437539 0.816855 0.442966 0.81384 0.450805 0.809569 0.458443 0.804795 0.464071 0.798012 0.474955 0.821632 0.487287 0.85565 0.490051 0.875849 0.489413 0.886214 0.480695 0.890732 0.47134 0.880367 0.460072 0.863623 0.449016 0.844488 0.440937 0.82801
1 7 0.437539 0.816855 0.43372 0.809318 0.431509 0.803539 0.431509 0.797509 0.43171 0.791228 0.433318 0.785952 0.441559 0.779419 0.447991 0.778666 0.453418 0.779922 0.456634 0.784444 0.464071 0.798012 0.458443 0.804795 0.450805 0.809569 0.442966 0.81384
4 14 0.141074 0.499451 0.153334 0.501933 0.150226 0.532459 0.158811 0.59649 0.169972 0.63405 0.175838 0.658196 0.180703 0.673041 0.185139 0.685561 0.212182 0.738682 0.243661 0.794128 0.27528 0.848772 0.31052 0.887282 0.336562 0.895468 0.374132 0.892742 0.414456 0.887203 0.460045 0.886161 0.459598 0.896763 0.433929 0.897042 0.42567 0.897042 0.414955 0.900112 0.403821 0.900497 0.391414 0.902712 0.37812 0.904928 0.361282 0.906036 0.345773 0.906036 0.329378 0.90382 0.317678 0.901179 0.306408 0.895277 0.288611 0.878895 0.281521 0.869478 0.273154 0.859844 0.249174 0.827936 0.207078 0.752607 0.173844 0.688355 0.152131 0.621333 0.142826 0.560959 0.138838 0.526063
3 14 0.167362 0.407917 0.178819 0.414701 0.173944 0.427032 0.165434 0.45008 0.15891 0.47029 0.153334 0.501933 0.141074 0.499451 0.147564 0.459299 0.154939 0.432705 0.161747 0.417459
2 14 0.173867 0.348153 0.181455 0.349779 0.187959 0.354928 0.191861 0.361161 0.196327 0.365605 0.204214 0.368305 0.216421 0.370183 0.211372 0.378233 0.202134 0.394601 0.191883 0.407666 0.187462 0.411686 0.18304 0.413696 0.178819 0.414701 0.167362 0.407917 0.164548 0.401385 0.16294 0.393094 0.16294 0.381536 0.167965 0.361437
1 14 0.173867 0.348153 0.179721 0.337314 0.187092 0.3281 0.19663 0.32268 0.204869 0.324848 0.214191 0.331081 0.220044 0.341921 0.221345 0.353302 0.218743 0.366039 0.216421 0.370183 0.20412 0.36807 0.196139 0.365253 0.191861 0.361161 0.187959 0.354928 0.181455 0.349779
0 14 0.205217 0.360914 0.205894 0.356965 0.208376 0.354991 0.212889 0.354991 0.218111 0.357272 0.217628 0.363453 0.215823 0.364863 0.211535 0.364581 0.205894 0.363453 0.205217 0.360914 0.204502 0.361454 0.203825 0.363429 0.201569 0.365968 0.198184 0.365121 0.197281 0.362019 0.196378 0.357787 0.197507 0.354121 0.201117 0.352146 0.204502 0.354403 0.204502 0.361454
4 20 0.788061 0.273564 0.796403 0.271784 0.792632 0.313747 0.777168 0.382028 0.749511 0.516071 0.728054 0.614846 0.700703 0.736948 0.69068 0.786531 0.692105 0.81205 0.695903 0.826887 0.704449 0.836383 0.724389 0.851813 0.746704 0.855967 0.771392 0.85478 0.794181 0.846472 0.814323 0.837085 0.812814 0.849349 0.803002 0.854538 0.782247 0.8635 0.772813 0.865387 0.759983 0.865859 0.744133 0.865859 0.735076 0.8635 0.726774 0.86067 0.709815 0.853914 0.693759 0.842511 0.685367 0.830196 0.681353 0.813776 0.680623 0.782305 0.689746 0.738974 0.711639 0.655962 0.729883 0.563371 0.752507 0.463939 0.771481 0.368156 0.780968 0.324826 0.785711 0.290161
3 20 0.743914 0.232112 0.745745 0.221177 0.760189 0.228806 0.778906 0.243302 0.796606 0.260595 0.796403 0.271784 0.788061 0.273564 0.785213 0.265426 0.781755 0.257797 0.774431 0.250422 0.751848 0.235672
2 20 0.710345 0.178962 0.708718 0.184811 0.708921 0.193966 0.708514 0.209987 0.707294 0.218888 0.704852 0.225246 0.702614 0.228043 0.708718 0.232875 0.723366 0.235672 0.735166 0.235164 0.743914 0.232112 0.745745 0.221177 0.738014 0.200832 0.727231 0.188626 0.715635 0.180996
1 20 0.710345 0.178962 0.700987 0.172859 0.692442 0.171333 0.687559 0.172096 0.681659 0.174639 0.67698 0.17769 0.674946 0.183031 0.674132 0.187863 0.673929 0.193966 0.675149 0.202358 0.676777 0.209225 0.68227 0.218888 0.689594 0.224229 0.702614 0.228043 0.704852 0.225246 0.707294 0.218888 0.708514 0.209987 0.708921 0.193966 0.708718 0.184811
4 27 0.822154 0.200891 0.830295 0.195077 0.852805 0.218878 0.89435 0.251588 0.940314 0.288439 0.976953 0.320386 1 0.359182 1 0.379378 0.973552 0.333141 0.945066 0.306568 0.882142 0.25608 0.84275 0.225567 0.830718 0.21095
3 27 0.780868 0.128931 0.791916 0.120572 0.801802 0.140925 0.817211 0.166729 0.830295 0.195077 0.822154 0.200891 0.805582 0.173997 0.793079 0.149647
2 27 0.748784 0.102928 0.753081 0.101393 0.76014 0.094871 0.763823 0.089883 0.768734 0.07799 0.771803 0.071852 0.774259 0.062644 0.784938 0.078051 0.791335 0.094769 0.792498 0.106035 0.791916 0.120572 0.780868 0.128931 0.768947 0.124934 0.757608 0.11294
1 27 0.748784 0.102928 0.739577 0.091034 0.733131 0.080676 0.732211 0.071085 0.733131 0.062644 0.733745 0.056122 0.736507 0.050368 0.744487 0.043078 0.754309 0.042695 0.767813 0.049984 0.774259 0.062644 0.771803 0.071852 0.768734 0.07799 0.763823 0.089883 0.76014 0.094871 0.753081 0.101393
4 40 0.263655 0.261481 0.263405 0.27275 0.276426 0.272124 0.298877 0.274854 0.334632 0.288504 0.420435 0.313724 0.478411 0.323146 0.555229 0.334741 0.58549 0.342619 0.659203 0.363407 0.749291 0.384358 0.776527 0.393524 0.79224 0.394179 0.805334 0.39025 0.825174 0.381807 0.833669 0.374681 0.831522 0.367336 0.820523 0.372573 0.798239 0.38013 0.784268 0.37999 0.763956 0.374537 0.675692 0.354843 0.619235 0.338194 0.565959 0.324278 0.513595 0.315614 0.426126 0.303829 0.372123 0.286333 0.333826 0.273127 0.295529 0.261572 0.278801 0.258821
3 40 0.205559 0.290279 0.206561 0.302487 0.219082 0.293409 0.23636 0.283393 0.263405 0.27275 0.263655 0.261481 0.255642 0.263046 0.235358 0.270246 0.214574 0.282454
2 40 0.169743 0.26198 0.171624 0.269705 0.172699 0.289522 0.17243 0.299934 0.172699 0.310683 0.17458 0.320087 0.176192 0.32882 0.184775 0.325337 0.196544 0.315633 0.203055 0.308434 0.206561 0.302487 0.205559 0.290279 0.194541 0.273376 0.188281 0.268055 0.178384 0.263082
1 40 0.169743 0.26198 0.159801 0.261644 0.150934 0.265674 0.146366 0.268026 0.135886 0.280453 0.133468 0.28482 0.131587 0.294896 0.131318 0.302286 0.132662 0.309339 0.136155 0.3174 0.142335 0.324118 0.152277 0.329492 0.164638 0.331507 0.176192 0.32882 0.17458 0.320087 0.172699 0.310683 0.17243 0.299934 0.172699 0.289522 0.171624 0.269705
4 33 0.492093 0.339005 0.502614 0.333415 0.518384 0.350524 0.545558 0.370307 0.573329 0.384118 0.613045 0.396809 0.657837 0.407634 0.739354 0.418121 0.789024 0.421066 0.852731 0.432756 0.92876 0.454175 0.946558 0.467804 0.948697 0.477162 0.947271 0.486966 0.94228 0.498552 0.924456 0.529745 0.910909 0.559601 0.900927 0.570296 0.891302 0.578317 0.879537 0.585447 0.873477 0.585893 0.873477 0.57698 0.885954 0.568959 0.898075 0.560492 0.905205 0.553363 0.915187 0.53019 0.926951 0.505236 0.933368 0.492313 0.936576 0.485183 0.934794 0.474488 0.931229 0.469141 0.925169 0.462902 0.87526 0.449534 0.836988 0.44069 0.813586 0.437057 0.796327 0.434028 0.74182 0.430038 0.679635 0.424564 0.636952 0.416647 0.589061 0.402372 0.548169 0.384412 0.527171 0.373821 0.502857 0.351718
3 33 0.444485 0.281467 0.453691 0.270289 0.467106 0.290016 0.490778 0.317962 0.502614 0.333415 0.492093 0.339005 0.477627 0.321579 0.456058 0.292975
2 33 0.415552 0.260754 0.404297 0.252637 0.417344 0.24248 0.422109 0.238574 0.433516 0.228613 0.443594 0.221484 0.44922 0.235108 0.452639 0.246287 0.453428 0.26174 0.453691 0.270289 0.444485 0.281467 0.433964 0.273248 0.420859 0.264453
1 33 0.404063 0.252734 0.401348 0.250561 0.393721 0.241027 0.390038 0.229848 0.389512 0.218998 0.388986 0.210778 0.389775 0.204531 0.394773 0.197627 0.400559 0.193024 0.409239 0.190722 0.41713 0.190722 0.426599 0.194339 0.439225 0.21045 0.443828 0.221484 0.433516 0.228711 0.423516 0.236719 0.417656 0.242383 0.412812 0.246484
0 7 0.448359 0.791504 0.446797 0.794434 0.448281 0.799707 0.450703 0.801758 0.453906 0.800684 0.45625 0.797852 0.455312 0.792578 0.452031 0.79043 0.449297 0.79082
1 1 0.127919 0 0.123712 0.00579499 0.122081 0.0129851 0.122339 0.0207117 0.124657 0.0282237 0.134444 0.0386332 0.141398 0.0424966 0.148867 0.0450721 0.152816 0.0130924 0.156422 0.000643887 0.156422 0.000429258
2 1 0.156679 0.000107315 0.167582 0.00118046 0.176082 0.00482916 0.184323 0.0114827 0.191277 0.0184581 0.193767 0.0279018 0.191621 0.037882 0.184667 0.0429258 0.171532 0.047433 0.148781 0.0451794 0.151957 0.020819 0.152558 0.013307
3 1 0.193109 0.0275441 0.219752 0.0370593 0.238181 0.0384365 0.251202 0.0376853 0.255409 0.0369341 0.255409 0.0485777 0.229567 0.0498297 0.192208 0.0410657 0.189203 0.0398137 0.191506 0.0385617
4 1 0.255045 0.0368992 0.287976 0.0345636 0.323127 0.0239075 0.359562 0.00872629 0.375093 0.000843727 0.389457 0.000259833 0.358628 0.0185065 0.325183 0.0331187 0.293355 0.0433666 0.254453 0.048591
