2 6 0.771926 0.201263 0.773975 0.215608 0.778483 0.228416 0.782441 0.236228 0.786626 0.241775 0.794101 0.243664 0.803895 0.238663 0.813732 0.230978 0.81906 0.224318 0.820699 0.220219 0.815371 0.214071 0.810453 0.206899 0.802255 0.200238 0.794058 0.199214 0.780533 0.19614 0.773155 0.19614
1 6 0.820699 0.220219 0.815371 0.214071 0.810453 0.206899 0.802255 0.200238 0.794058 0.199214 0.780533 0.19614 0.773155 0.19614 0.77791 0.186114 0.786622 0.176031 0.79598 0.169578 0.802433 0.168368 0.811468 0.171191 0.816953 0.175628 0.819857 0.181678 0.822116 0.190955 0.824052 0.199828 0.823729 0.211121
0 6 0.795133 0.195437 0.794252 0.193146 0.794082 0.191047 0.795482 0.188729 0.798144 0.187158 0.802158 0.187158 0.804566 0.189165 0.804967 0.192175 0.804767 0.194935 0.80276 0.196942 0.800753 0.197694 0.798545 0.197694 0.79694 0.197193
3 6 0.786626 0.241775 0.794101 0.243664 0.792867 0.25514 0.790586 0.270975 0.789066 0.289661 0.786026 0.311198 0.785266 0.318799 0.777918 0.316265 0.780958 0.296629 0.782985 0.279843 0.786026 0.25609 0.786279 0.246588
4 6 0.785266 0.318799 0.777918 0.316265 0.77597 0.330913 0.770943 0.362701 0.766507 0.388946 0.762663 0.422952 0.759846 0.441152 0.756067 0.485814 0.751944 0.5352 0.74878 0.599526 0.74919 0.647173 0.746321 0.711726 0.746321 0.775326 0.744188 0.824 0.743654 0.887343 0.74442 0.928641 0.744978 0.966076 0.746572 1 0.754288 1 0.754278 0.953055 0.751488 0.910505 0.750829 0.873052 0.752426 0.826823 0.754251 0.782595 0.754859 0.732024 0.75638 0.680313 0.757454 0.603853 0.759959 0.551008 0.764427 0.484557 0.768333 0.435296 0.775433 0.382927 0.781469 0.334997
1 13 0.545529 0.538566 0.53708 0.534434 0.528632 0.528465 0.52202 0.524792 0.509164 0.516068 0.502919 0.512853 0.500661 0.51964 0.498751 0.530215 0.499296 0.538061 0.500388 0.545225 0.503117 0.550001 0.507211 0.555118 0.512123 0.558529 0.518673 0.560917 0.525496 0.561599 0.53152 0.559722 0.538049 0.553412 0.542143 0.545907
3 13 0.541743 0.486991 0.536098 0.483219 0.544361 0.455609 0.554547 0.424201 0.56415 0.399266 0.570991 0.404217 0.56176 0.42907 0.553594 0.45126 0.547558 0.471231 0.543298 0.484101
4 13 0.570991 0.404217 0.56415 0.399266 0.576757 0.368739 0.594404 0.326723 0.611928 0.273447 0.623767 0.231024 0.640044 0.194843 0.651981 0.160737 0.657523 0.14475 0.665197 0.131427 0.676281 0.122368 0.689949 0.116641 0.70452 0.103271 0.723586 0.0765323 0.741934 0.045098 0.750887 0.022716 0.758077 0 0.764654 0 0.755885 0.029639 0.749309 0.046079 0.738975 0.062911 0.731337 0.0778886 0.722501 0.0912582 0.715371 0.0999775 0.705915 0.110828 0.693359 0.12381 0.687624 0.126329 0.681042 0.129457 0.672586 0.133371 0.667576 0.140417 0.662566 0.150203 0.657868 0.163512 0.647847 0.194045 0.641271 0.211268 0.63125 0.23358 0.62624 0.247672 0.618724 0.274682 0.606824 0.313826 0.600561 0.331832 0.592419 0.353753 0.58459 0.372542 0.576135 0.392114
2 13 0.504021 0.509639 0.511735 0.494946 0.522387 0.485304 0.531938 0.483468 0.536098 0.483219 0.541743 0.486991 0.545161 0.491732 0.549936 0.499538 0.551773 0.508721 0.551773 0.518363 0.549569 0.528006 0.547365 0.53627 0.545529 0.538566 0.53708 0.534434 0.528632 0.528465 0.52202 0.524792 0.509164 0.516068 0.502919 0.512853
2 19 0.527721 0.338101 0.521574 0.343225 0.515016 0.353471 0.512147 0.364743 0.511737 0.37294 0.513786 0.383699 0.518705 0.389847 0.525672 0.393945 0.535099 0.397019 0.541247 0.392921 0.546985 0.389847 0.553421 0.385398 0.558591 0.377452 0.553543 0.370378 0.544526 0.362693 0.533668 0.353013 0.530591 0.345274 0.530591 0.334515
1 19 0.530591 0.334515 0.530591 0.345274 0.533668 0.353013 0.544526 0.362693 0.553543 0.370378 0.558591 0.377452 0.563353 0.369548 0.56738 0.360557 0.568819 0.354084 0.569682 0.345093 0.567956 0.337541 0.563065 0.32927 0.557023 0.326753 0.548392 0.325674 0.538611 0.330349 0.532281 0.333226
0 19 0.535266 0.356142 0.535021 0.353822 0.535359 0.350868 0.537047 0.348969 0.539241 0.348547 0.541604 0.350024 0.542954 0.352767 0.542786 0.356353 0.541435 0.35783 0.539747 0.358674 0.538228 0.358885 0.536203 0.358041
3 19 0.513786 0.383699 0.518705 0.389847 0.499599 0.414133 0.486661 0.431414 0.474609 0.447808 0.466332 0.458123 0.460759 0.450389 0.481051 0.426571 0.498126 0.404299 0.508818 0.390221
4 19 0.460759 0.450389 0.466332 0.458123 0.453452 0.47147 0.442026 0.487195 0.432774 0.499916 0.423985 0.513505 0.417278 0.525069 0.412883 0.535477 0.406176 0.549355 0.402013 0.56063 0.400625 0.579423 0.398312 0.597637 0.396462 0.62279 0.39253 0.663266 0.391329 0.703599 0.391049 0.735461 0.39385 0.765223 0.397036 0.801345 0.400263 0.822722 0.405749 0.842889 0.416074 0.862652 0.421237 0.866686 0.432853 0.872333 0.445114 0.872736 0.474155 0.864266 0.524814 0.850552 0.563535 0.836032 0.580959 0.827965 0.589994 0.825545 0.593543 0.834822 0.583863 0.841679 0.559985 0.851762 0.532881 0.858619 0.513198 0.863862 0.483835 0.872333 0.467701 0.878786 0.443178 0.881609 0.430594 0.879996 0.423495 0.878383 0.415429 0.873543 0.40833 0.866686 0.399941 0.853376 0.393164 0.841275 0.388647 0.822722 0.384452 0.784808 0.381871 0.736811 0.383162 0.67752 0.387356 0.626296 0.390906 0.588382 0.394132 0.556922 0.39865 0.543612 0.407362 0.524252 0.418978 0.504488 0.439306 0.476254 0.451891 0.459314
2 26 0.25866 0.534685 0.265048 0.524419 0.271436 0.517955 0.277519 0.514913 0.286036 0.514913 0.289686 0.516054 0.29577 0.520617 0.299724 0.5267 0.302158 0.532784 0.302462 0.544571 0.30155 0.555978 0.298812 0.562442 0.293672 0.568457 0.290903 0.565484 0.282994 0.55864 0.27539 0.551415 0.267177 0.545332 0.263223 0.54267 0.257747 0.536967
1 26 0.290903 0.565484 0.282994 0.55864 0.27539 0.551415 0.267177 0.545332 0.263223 0.54267 0.257747 0.536967 0.254123 0.544066 0.252914 0.550716 0.251946 0.558878 0.252672 0.565226 0.253881 0.570365 0.256783 0.57641 0.259443 0.580038 0.263554 0.582456 0.270084 0.583363 0.279273 0.583061 0.28411 0.579433 0.288221 0.57641 0.293541 0.568853
3 26 0.289686 0.516054 0.29577 0.520617 0.302534 0.507629 0.311951 0.488834 0.320171 0.471242 0.326183 0.456693 0.319398 0.453485 0.315364 0.462423 0.30968 0.475946 0.303996 0.489011 0.298862 0.498637 0.292078 0.51216
4 26 0.319398 0.453485 0.326183 0.456693 0.32988 0.449872 0.333008 0.441268 0.336346 0.429536 0.340588 0.413219 0.342585 0.394084 0.344581 0.369125 0.345767 0.334365 0.34926 0.290123 0.349686 0.238965 0.348407 0.191004 0.347554 0.15903 0.343717 0.106806 0.341586 0.072167 0.33932 0.038128 0.335326 0 0.325632 0 0.331933 0.05829 0.335811 0.107366 0.33775 0.157655 0.339204 0.218243 0.340481 0.281255 0.336295 0.325485 0.335557 0.355394 0.332418 0.395161 0.329509 0.416367 0.325632 0.431514 0.322239 0.443026
0 26 0.275078 0.557422 0.276797 0.559375 0.278359 0.55957 0.280078 0.559766 0.281016 0.55918 0.281094 0.557324 0.280625 0.555957 0.279609 0.554199 0.277656 0.553418 0.276797 0.553418 0.275859 0.554199 0.275078 0.557422 0.275234 0.557422 0.276797 0.557617 0.278516 0.557813 0.279453 0.557227 0.279531 0.555371 0.279062 0.554004 0.278047 0.552246 0.276094 0.551465 0.275234 0.551465 0.274297 0.552246 0.273516 0.555469 0.275234 0.557422
0 13 0.510977 0.53132 0.509732 0.533784 0.510562 0.537415 0.511288 0.538194 0.513778 0.538064 0.513986 0.537415 0.514401 0.535989 0.514297 0.531709 0.513363 0.530801 0.512014 0.530801
