2 11 0.601195 0.851879 0.592032 0.839508 0.588 0.828512 0.587267 0.818431 0.588366 0.805144 0.591299 0.799646 0.598263 0.795522 0.609259 0.793689 0.615491 0.793231 0.622455 0.797355 0.631619 0.805602 0.636751 0.812475 0.634551 0.81614 0.629786 0.817057 0.623555 0.822097 0.61879 0.827595 0.615857 0.834926 0.613658 0.837675 0.611092 0.841799 0.60816 0.845923 0.606327 0.848672
4 11 0.537878 0.729653 0.535226 0.736282 0.500755 0.707777 0.457799 0.667339 0.422798 0.628227 0.392569 0.58779 0.367644 0.541386 0.355141 0.52114 0.338291 0.506395 0.320878 0.495863 0.306836 0.487438 0.296164 0.481821 0.283037 0.480195 0.263732 0.484408 0.23348 0.493314 0.181016 0.517629 0.131587 0.550629 0.129774 0.544913 0.177849 0.510336 0.231007 0.487438 0.2619 0.477608 0.282121 0.473395 0.294381 0.473395 0.305993 0.477257 0.314138 0.481119 0.327328 0.490368 0.343401 0.500414 0.35646 0.511087 0.368012 0.523016 0.376551 0.537457 0.401162 0.581406 0.428285 0.620333 0.46043 0.65612 0.501114 0.69693
3 11 0.535226 0.736282 0.537878 0.729653 0.565985 0.762136 0.593533 0.798323 0.591299 0.799646 0.588366 0.805144 0.588283 0.806151 0.556439 0.763462
0 11 0.629907 0.826436 0.629907 0.828818 0.63086 0.831199 0.633718 0.831596 0.63594 0.830009 0.636258 0.82723 0.634988 0.824452 0.632765 0.823261 0.630542 0.824452
1 11 0.636751 0.812475 0.634551 0.81614 0.629786 0.817057 0.623555 0.822097 0.61879 0.827595 0.615857 0.834926 0.613658 0.837675 0.611092 0.841799 0.60816 0.845923 0.606327 0.848672 0.601195 0.851879 0.61211 0.861569 0.616652 0.864976 0.622557 0.865544 0.626191 0.865544 0.633004 0.862705 0.638455 0.858162 0.642089 0.852485 0.64436 0.846807 0.645268 0.839426 0.64436 0.829206 0.641634 0.820689
4 19 0.130468 0.52039 0.172157 0.499044 0.226402 0.475813 0.250009 0.467651 0.266082 0.463256 0.287177 0.462 0.304756 0.46514 0.317816 0.470163 0.339413 0.480208 0.370554 0.500299 0.402699 0.525413 0.43384 0.551155 0.464981 0.570618 0.507674 0.592593 0.553883 0.615195 0.58201 0.627752 0.590423 0.634125 0.59914 0.644219 0.608128 0.656006 0.633124 0.685756 0.627787 0.691475 0.601861 0.660973 0.59859 0.657066 0.598293 0.655274 0.596322 0.648293 0.591395 0.642544 0.587453 0.638848 0.582525 0.636385 0.577269 0.635563 0.576115 0.635818 0.555728 0.624752 0.503113 0.59997 0.470357 0.583271 0.452116 0.572907 0.430974 0.559434 0.392654 0.531064 0.359504 0.503438 0.324 0.480232 0.307967 0.473855 0.294209 0.471418 0.275122 0.470163 0.25252 0.475185 0.226904 0.482719 0.173664 0.50595 0.131473 0.526041
3 19 0.627787 0.691475 0.633124 0.685756 0.659432 0.712445 0.680978 0.733675 0.677792 0.737215 0.676069 0.742813 0.656 0.721976
1 19 0.701143 0.786783 0.706387 0.780108 0.706797 0.77666 0.707891 0.772559 0.708828 0.769336 0.71125 0.766699 0.713984 0.763672 0.716172 0.760059 0.717062 0.757709 0.718672 0.754395 0.720547 0.750488 0.724909 0.758158 0.727771 0.76591 0.727771 0.774854 0.725386 0.781413 0.723001 0.786184 0.71823 0.789762 0.712029 0.790954 0.704873 0.788569
2 19 0.675504 0.751036 0.675885 0.755802 0.678173 0.763904 0.681986 0.771053 0.688467 0.777249 0.695614 0.782611 0.701143 0.786783 0.706387 0.780108 0.706797 0.776563 0.708047 0.772363 0.709375 0.769336 0.711562 0.766797 0.713984 0.763477 0.716094 0.760742 0.717062 0.757709 0.720625 0.750879 0.718968 0.748653 0.707912 0.737215 0.700668 0.733879 0.693042 0.73102 0.688086 0.73102 0.681223 0.733403 0.677792 0.737215 0.675885 0.743411
4 22 0.278391 0.282259 0.26935 0.285399 0.27577 0.317492 0.282272 0.342417 0.286174 0.350545 0.29311 0.363008 0.303947 0.379264 0.321286 0.399855 0.3629 0.444829 0.418386 0.499557 0.473732 0.545343 0.502831 0.563828 0.520005 0.572773 0.540994 0.580525 0.55626 0.587084 0.570094 0.596029 0.589652 0.610937 0.611596 0.630018 0.624476 0.641944 0.627815 0.646119 0.627815 0.647908 0.627338 0.650293 0.624953 0.650293 0.618274 0.646715 0.603486 0.634192 0.5949 0.626441 0.592991 0.626441 0.592514 0.630018 0.593468 0.634192 0.600624 0.640752 0.618751 0.655063 0.626861 0.658641 0.631154 0.659237 0.634017 0.657448 0.636402 0.652082 0.636402 0.645522 0.632586 0.638963 0.595377 0.60557 0.570571 0.586488 0.551966 0.575158 0.536224 0.568599 0.518096 0.561443 0.500923 0.551306 0.474686 0.534609 0.418873 0.488694 0.366398 0.437412 0.321557 0.387918 0.307723 0.370625 0.299613 0.35691 0.291027 0.341407 0.285302 0.324114 0.281963 0.307417
3 22 0.254602 0.210801 0.254782 0.210853 0.261814 0.210225 0.263546 0.208952 0.269852 0.243333 0.278391 0.282259 0.26935 0.285399 0.260811 0.244589
0 22 0.239706 0.166467 0.24214 0.165637 0.244353 0.16619 0.245903 0.167573 0.246345 0.16951 0.246124 0.17117 0.24546 0.172276 0.242804 0.173106 0.240812 0.173383 0.239263 0.172276 0.238378 0.170893 0.238378 0.168956 0.238378 0.16785
1 22 0.274962 0.16504 0.271781 0.16504 0.267008 0.16504 0.264886 0.165703 0.260644 0.167692 0.256401 0.170343 0.251628 0.171006 0.248977 0.170343 0.246325 0.170343 0.2389 0.170343 0.232537 0.169681 0.227734 0.169959 0.227416 0.161383 0.229874 0.154086 0.234175 0.146404 0.240547 0.141016 0.246953 0.138281 0.255938 0.137305 0.262442 0.139491 0.267972 0.142948 0.272273 0.149477 0.274424 0.157158
2 22 0.229166 0.175694 0.235695 0.192018 0.242225 0.203319 0.248252 0.20897 0.254782 0.210853 0.261814 0.210225 0.270352 0.203947 0.273366 0.197668 0.274962 0.190231 0.274962 0.16504 0.271781 0.16504 0.267008 0.16504 0.264886 0.165703 0.260644 0.167692 0.256401 0.170343 0.251628 0.171006 0.248977 0.170343 0.246325 0.170343 0.2389 0.170343 0.232537 0.169681 0.227734 0.169959
2 34 0.564781 0.298698 0.5641 0.30763 0.566142 0.317413 0.568524 0.324644 0.57601 0.336128 0.578594 0.334766 0.582031 0.33291 0.586172 0.329688 0.593906 0.323437 0.60051 0.317413 0.6125 0.304004 0.609141 0.299219 0.605 0.293457 0.597788 0.286788 0.589621 0.28296 0.583156 0.282534 0.577371 0.284661 0.571927 0.288914 0.566823 0.293593
4 34 0.559716 0.263281 0.552347 0.26599 0.546712 0.255694 0.54021 0.25136 0.532407 0.24865 0.525038 0.24865 0.517668 0.252985 0.513767 0.262197 0.5129 0.269783 0.513767 0.278453 0.517285 0.28699 0.522516 0.294666 0.539776 0.314757 0.539343 0.317467 0.536742 0.319092 0.533274 0.319634 0.510299 0.291457 0.505964 0.281704 0.504231 0.271408 0.505531 0.261113 0.510299 0.25136 0.517668 0.243774 0.527639 0.238897 0.536308 0.239439 0.544978 0.24269 0.552781 0.248108 0.557549 0.254611 0.559716 0.263281 0.515501 0.247567 0.508565 0.247567 0.500329 0.24865 0.493827 0.251901 0.488192 0.258946 0.485591 0.268157 0.486024 0.281704 0.489926 0.290915 0.498162 0.300669 0.508565 0.307171 0.520269 0.310964 0.531106 0.31259 0.540643 0.310964 0.548012 0.308255 0.556682 0.301753 0.560583 0.294708 0.562317 0.282246 0.561884 0.273576 0.559716 0.263281 0.522901 0.249357 0.533135 0.255737 0.542663 0.264669 0.558316 0.280407 0.569887 0.290784 0.566823 0.293593 0.56493 0.298326 0.549809 0.284236 0.531094 0.264244 0.519184 0.257864 0.522901 0.249357 0.559716 0.263281 0.552347 0.26599 0.554948 0.275201 0.554948 0.284413 0.553214 0.290915 0.545411 0.29796 0.535875 0.301211 0.523737 0.302836 0.508999 0.297418 0.502497 0.292541 0.496428 0.286581 0.49426 0.280078 0.493393 0.27466 0.493827 0.268699 0.497728 0.260571 0.50293 0.256778 0.5129 0.255153 0.519184 0.257864 0.522901 0.249357 0.515501 0.247567
1 34 0.584177 0.34421 0.575937 0.336328 0.586172 0.330078 0.593359 0.32373 0.60051 0.317413 0.6025 0.315234 0.604375 0.313184 0.608516 0.308398 0.6125 0.304004 0.616163 0.311033 0.618545 0.31954 0.619565 0.328897 0.617183 0.339531 0.61276 0.34421 0.607315 0.348464 0.60085 0.349314 0.596767 0.348464 0.589621 0.346337
4 5 0.533752 0.781726 0.527847 0.779455 0.515419 0.835884 0.494736 0.922063 0.477235 1 0.48519 1 0.500475 0.927327 0.507994 0.901512 0.511915 0.887369 0.523525 0.834658
2 5 0.588114 0.695251 0.583414 0.702209 0.578077 0.706499 0.569497 0.7092 0.563916 0.709862 0.556692 0.70806 0.551642 0.703163 0.548147 0.697522 0.54605 0.689818 0.545415 0.682272 0.545796 0.672344 0.546802 0.666465 0.549122 0.660586 0.549781 0.65914 0.551643 0.655055 0.556094 0.658984 0.56125 0.661914 0.565156 0.665039 0.572344 0.669922 0.576933 0.674091 0.582335 0.680922 0.586875 0.686719 0.590234 0.691992
3 5 0.527847 0.779455 0.539657 0.735736 0.550566 0.701426 0.551642 0.703163 0.556692 0.70806 0.558477 0.708506 0.546924 0.736871 0.533752 0.781726
1 5 0.551643 0.655055 0.556016 0.658594 0.561484 0.6625 0.565 0.664746 0.572344 0.669727 0.576933 0.674091 0.582335 0.680922 0.586719 0.686719 0.590391 0.691992 0.593396 0.686653 0.596979 0.679091 0.598622 0.670467 0.599279 0.661228 0.598293 0.655274 0.596322 0.648293 0.591395 0.642544 0.587453 0.638848 0.582525 0.636385 0.577269 0.635563 0.571685 0.636795 0.565772 0.63967 0.560844 0.643365 0.555259 0.649114
0 34 0.603203 0.30293 0.603437 0.307324 0.604453 0.310352 0.605469 0.310547 0.606641 0.309473 0.607109 0.307129 0.606406 0.303711 0.605078 0.301367 0.60375 0.302148
0 5 0.579375 0.673145 0.577891 0.675293 0.579609 0.679102 0.582031 0.680859 0.583906 0.680957 0.584219 0.679688 0.584297 0.678125 0.583828 0.67627 0.582344 0.673828 0.581094 0.673535
1 1 0.023309 0.753938 0.029827 0.756004 0.0360697 0.759447 0.038273 0.762086 0.03965 0.767479 0.0401091 0.772758 0.0395582 0.778266 0.0362533 0.785496 0.0304697 0.791922 0.0217483 0.795709 0.0207385 0.791004 0.0209221 0.776201 0.0206467 0.763693 0.0211975 0.753479
2 1 0.000817053 0.753135 0.00751873 0.751414 0.0183516 0.752217 0.0213811 0.753365 0.0205549 0.764955 0.0209221 0.77666 0.0210139 0.790545 0.0217483 0.795594 0.0111909 0.798348 0.000817053 0.798922
