2 7 0.63174 0.258221 0.62109 0.265709 0.617097 0.271948 0.613769 0.279852 0.610441 0.290668 0.608777 0.296491 0.609443 0.304811 0.614102 0.310219 0.622089 0.318122 0.628745 0.320618 0.641058 0.322282 0.654369 0.316458 0.652705 0.312714 0.647713 0.306059 0.645051 0.296907 0.640059 0.284012 0.638728 0.275692 0.636399 0.262381 0.635789 0.257074
1 7 0.635789 0.257074 0.636399 0.262381 0.638728 0.275692 0.640059 0.284012 0.645051 0.296907 0.647713 0.306059 0.652705 0.312714 0.654369 0.316458 0.65994 0.312887 0.664977 0.307756 0.669829 0.298427 0.671508 0.289797 0.671508 0.282101 0.669269 0.274404 0.665351 0.266474 0.660686 0.262976 0.652663 0.258078 0.647066 0.255979 0.638856 0.255979
3 7 0.608777 0.296491 0.609443 0.304811 0.602728 0.309248 0.581451 0.319499 0.559588 0.330805 0.542567 0.338197 0.539657 0.328586 0.557991 0.32075 0.575438 0.312322 0.59318 0.303081 0.605896 0.297537
4 7 0.539657 0.328586 0.542567 0.338197 0.52126 0.346807 0.482313 0.364408 0.45375 0.378263 0.41666 0.399046 0.385112 0.420362 0.330117 0.470455 0.278312 0.510092 0.238437 0.550108 0.206774 0.589368 0.184472 0.60673 0.179662 0.610595 0.173135 0.615319 0.156301 0.624337 0.14462 0.633356 0.134313 0.643662 0.126755 0.65311 0.125037 0.659981 0.127451 0.66208 0.131646 0.66208 0.140681 0.65603 0.148425 0.646753 0.166817 0.6282 0.171492 0.622114 0.17293 0.615641 0.179722 0.610713 0.179722 0.614674 0.178137 0.619484 0.175647 0.625709 0.17112 0.633915 0.161613 0.643535 0.155727 0.649194 0.150521 0.654287 0.145994 0.659097 0.137845 0.665888 0.133318 0.668152 0.128111 0.668435 0.122905 0.667869 0.120189 0.664757 0.118604 0.659946 0.118604 0.65457 0.121773 0.648345 0.128564 0.638725 0.13626 0.631085 0.144183 0.62288 0.152106 0.617504 0.162971 0.610713 0.174515 0.605903 0.186739 0.597697 0.201373 0.583163 0.221173 0.556187 0.240474 0.533308 0.271423 0.503773 0.321108 0.460161 0.381594 0.408274 0.419545 0.382331 0.463427 0.359353 0.506715 0.339339
2 13 0.458707 0.775745 0.453577 0.784624 0.450815 0.79745 0.450025 0.805342 0.45042 0.812742 0.451604 0.819648 0.45555 0.830007 0.46147 0.83494 0.468968 0.835926 0.478439 0.835926 0.485937 0.831487 0.492645 0.825074 0.497381 0.817675 0.495408 0.810769 0.487515 0.804849 0.47686 0.796957 0.472125 0.789064 0.466205 0.779692 0.461075 0.772292
1 13 0.461075 0.772292 0.466205 0.779692 0.472125 0.789064 0.47686 0.796957 0.487515 0.804849 0.495408 0.810769 0.497381 0.817675 0.50197 0.810896 0.503121 0.797949 0.503409 0.786801 0.501683 0.774574 0.497367 0.76846 0.487586 0.762706 0.481832 0.762706 0.469173 0.767022 0.463131 0.769539
0 13 0.476931 0.799071 0.475883 0.797245 0.476178 0.795362 0.476769 0.793479 0.478009 0.792371 0.479782 0.791928 0.482086 0.791928 0.484213 0.793922 0.484744 0.797245 0.483681 0.800125 0.482086 0.801011 0.479605 0.801233 0.478364 0.80079
3 13 0.45555 0.830007 0.46147 0.83494 0.456832 0.846676 0.450124 0.866901 0.445388 0.88318 0.438285 0.905871 0.436148 0.915198 0.428543 0.911776 0.434931 0.890864 0.443448 0.865389 0.449228 0.847138 0.454095 0.835731
4 13 0.428543 0.911776 0.436148 0.915198 0.430081 0.931594 0.425715 0.946263 0.422986 0.953768 0.4178 0.96946 0.414798 0.979353 0.413707 0.986176 0.413161 0.993681 0.412888 1 0.40552 1 0.406884 0.985835 0.410432 0.971507 0.414798 0.955474 0.418892 0.942169 0.424077 0.926818 0.426806 0.918631
2 19 0.441013 0.453863 0.444359 0.468692 0.447705 0.475917 0.454093 0.484282 0.458048 0.488464 0.462306 0.491126 0.466565 0.493407 0.473561 0.491506 0.476907 0.483901 0.479036 0.477437 0.480861 0.469453 0.480861 0.461848 0.479949 0.452342 0.478124 0.444738 0.476775 0.439453 0.471432 0.440555 0.457439 0.444738 0.452268 0.445498 0.447097 0.446639 0.440021 0.450188
1 19 0.440021 0.450304 0.447097 0.446639 0.452268 0.445498 0.457439 0.444738 0.471432 0.440555 0.476867 0.439222 0.474991 0.434225 0.468168 0.424673 0.462164 0.421262 0.458071 0.420921 0.451794 0.422285 0.446882 0.425697 0.443061 0.430473 0.440878 0.436272 0.440332 0.4448
3 19 0.473561 0.491506 0.466565 0.493407 0.467767 0.500143 0.469126 0.512027 0.469578 0.522213 0.470484 0.536078 0.471616 0.551923 0.472521 0.573144 0.480896 0.572578 0.479991 0.556733 0.479086 0.53919 0.477501 0.518535 0.47569 0.504953 0.474558 0.497879
4 19 0.449614 1 0.455064 0.990287 0.460256 0.977958 0.465187 0.963358 0.471677 0.945188 0.482838 0.915987 0.486212 0.903009 0.489067 0.888733 0.491923 0.873159 0.495037 0.853043 0.496076 0.838767 0.496076 0.827086 0.497199 0.817959 0.497381 0.817675 0.50197 0.810896 0.503121 0.797949 0.503409 0.786801 0.501683 0.774574 0.497386 0.768486 0.497373 0.768036 0.495037 0.756031 0.488289 0.716123 0.483097 0.674917 0.479463 0.642796 0.477647 0.620733 0.476089 0.603861 0.472521 0.573144 0.480896 0.572578 0.481909 0.581451 0.484037 0.601074 0.488028 0.637326 0.492818 0.680562 0.497607 0.717146 0.503194 0.750737 0.505589 0.771025 0.507185 0.786324 0.506121 0.800958 0.504791 0.813929 0.503993 0.829893 0.501786 0.860505 0.49374 0.900738 0.48725 0.922476 0.481021 0.940321 0.4696 0.972118 0.458179 1
1 25 0.759419 0.86063 0.755212 0.861867 0.748778 0.862177 0.740364 0.857846 0.733188 0.854753 0.725516 0.852897 0.720072 0.849185 0.718554 0.857127 0.718554 0.865546 0.719795 0.872414 0.722453 0.877952 0.72848 0.881276 0.735215 0.882826 0.743545 0.880611 0.750812 0.876623 0.754888 0.872192 0.758787 0.865103
2 25 0.720072 0.849185 0.721804 0.842998 0.724527 0.829697 0.729476 0.821964 0.735662 0.816705 0.743334 0.81454 0.749273 0.815777 0.754965 0.818252 0.760904 0.82382 0.763626 0.832172 0.763131 0.84671 0.761646 0.856609 0.759419 0.86063 0.755212 0.861867 0.748778 0.862177 0.740364 0.857846 0.733188 0.854753 0.725516 0.852897
0 25 0.72511 0.873085 0.72511 0.870222 0.726255 0.86695 0.727563 0.865928 0.72969 0.86695 0.730344 0.869404 0.730508 0.874312 0.72969 0.876357 0.728218 0.876561 0.726745 0.875948 0.7256 0.874925
3 25 0.754965 0.818252 0.749273 0.815777 0.75139 0.806336 0.755868 0.79071 0.761092 0.775084 0.766876 0.756426 0.769489 0.748263 0.776019 0.751061 0.772101 0.763189 0.765011 0.784646 0.759973 0.800972 0.756988 0.811934
4 25 0.769489 0.748263 0.776019 0.751061 0.780485 0.738513 0.785804 0.720783 0.794005 0.70139 0.800875 0.683105 0.80574 0.665304 0.819361 0.620816 0.826314 0.591265 0.833391 0.565906 0.839649 0.542252 0.84994 0.519191 0.861006 0.495624 0.873302 0.473594 0.883959 0.458224 0.895845 0.44644 0.913879 0.435681 0.935601 0.425435 0.976998 0.410577 1 0.400331 1 0.389059 0.96962 0.401355 0.949537 0.40904 0.923715 0.420311 0.908141 0.427484 0.895025 0.434657 0.886008 0.443366 0.878221 0.452076 0.869204 0.462835 0.856498 0.483328 0.845841 0.50792 0.834775 0.531487 0.825758 0.562739 0.816741 0.592454 0.804601 0.64056 0.794842 0.674936 0.782422 0.709682 0.773551 0.734817
0 7 0.643281 0.283008 0.641641 0.285059 0.642734 0.28877 0.643828 0.289941 0.645781 0.290137 0.647656 0.288281 0.647891 0.286328 0.647266 0.283984 0.645859 0.283008 0.644687 0.282715
0 19 0.455628 0.437606 0.455443 0.440954 0.456459 0.441993 0.458029 0.443147 0.459876 0.442685 0.461722 0.441646 0.462184 0.440723 0.462092 0.437837 0.460337 0.435875 0.45886 0.435182 0.456828 0.436106 0.456366 0.436798
