2 7 0.181105 0.746838 0.184776 0.748804 0.190171 0.748804 0.163444 0.828623 0.150224 0.825307 0.18058 0.742249 0.180669 0.741938 0.181105 0.746838 0.181105 0.746838 0.18058 0.740938 0.18058 0.723237 0.179531 0.710125 0.179531 0.698981 0.18002 0.69837 0.187079 0.706313 0.200734 0.714398 0.212232 0.726076 0.214404 0.727772 0.217656 0.730566 0.2075 0.736621 0.201034 0.74356 0.194216 0.748804 0.184776 0.748804 0.181105 0.746838
1 7 0.180612 0.693736 0.187079 0.677566 0.197141 0.666787 0.208639 0.661397 0.215826 0.663193 0.222333 0.666903 0.230212 0.67302 0.234511 0.680261 0.237385 0.690143 0.235685 0.705986 0.23129 0.716975 0.225168 0.726076 0.217982 0.730567 0.212232 0.726076 0.200734 0.714398 0.187079 0.706313 0.179893 0.698228
1 20 0.852838 0.556742 0.853751 0.541334 0.856034 0.535056 0.860143 0.531632 0.865165 0.530491 0.875209 0.530491 0.879318 0.532774 0.885253 0.544758 0.886623 0.549324 0.886623 0.551036 0.877035 0.556172 0.867904 0.560737 0.863795 0.563591 0.855577 0.567586 0.854063 0.568457
2 20 0.854453 0.568457 0.855577 0.567586 0.863795 0.563591 0.867904 0.560737 0.877035 0.556172 0.886953 0.550977 0.892101 0.569868 0.892558 0.580711 0.892101 0.591554 0.889362 0.600685 0.886623 0.605251 0.883427 0.608675 0.877948 0.609246 0.875209 0.609246 0.869274 0.606963 0.861056 0.594408 0.856034 0.580141 0.854664 0.572722
3 20 0.879106 0.609125 0.883427 0.608675 0.886233 0.605668 0.894624 0.658617 0.896667 0.680611 0.889818 0.678464 0.888905 0.657183 0.88434 0.62922
4 20 0.865446 1 0.874894 0.840733 0.885417 0.724912 0.889844 0.679133 0.890049 0.678536 0.896023 0.680409 0.892733 0.724144 0.883011 0.838514 0.87273 0.999023
1 28 0.319885 0.269736 0.321232 0.254583 0.323477 0.245604 0.33066 0.238308 0.340088 0.237186 0.347272 0.238308 0.35221 0.239431 0.358496 0.24392 0.36119 0.250093 0.363634 0.25873 0.367109 0.271094 0.363435 0.273103 0.350864 0.280399 0.337395 0.288817 0.328415 0.293306 0.325721 0.287694 0.322579 0.278715
2 28 0.328415 0.293306 0.337395 0.288817 0.350864 0.280399 0.363435 0.273103 0.367344 0.271484 0.368373 0.302286 0.367924 0.312949 0.36119 0.324734 0.357598 0.325856 0.354006 0.325856 0.345925 0.320244 0.336048 0.310143 0.329762 0.297235
3 28 0.356381 0.325856 0.357598 0.325856 0.36119 0.324734 0.362913 0.321719 0.37421 0.36963 0.385883 0.403303 0.380944 0.408915 0.36972 0.380855 0.36119 0.346621
4 28 0.381298 0.408513 0.385519 0.403716 0.41364 0.461717 0.437173 0.496254 0.455797 0.522122 0.469766 0.535702 0.481665 0.542816 0.497185 0.547989 0.548627 0.556373 0.60035 0.565213 0.627348 0.574832 0.647303 0.585592 0.662754 0.605587 0.675605 0.629448 0.687174 0.63985 0.698139 0.638604 0.705614 0.634243 0.73751 0.603095 0.759438 0.584406 0.810771 0.570701 0.814259 0.573193 0.813263 0.576931 0.807781 0.580045 0.76193 0.591882 0.754455 0.597488 0.729038 0.62303 0.707608 0.641719 0.698637 0.646703 0.690663 0.647949 0.683686 0.647326 0.674715 0.642342 0.664748 0.62926 0.645809 0.594374 0.629861 0.58316 0.602451 0.573193 0.563578 0.565717 0.497216 0.557192 0.472074 0.549335 0.455013 0.53306 0.433912 0.504439 0.409937 0.470175 0.393282 0.437956
4 36 0.408607 0 0.41643 0 0.441028 0.101184 0.453797 0.152008 0.467574 0.195481 0.489847 0.23416 0.51801 0.272116 0.541887 0.297204 0.550884 0.30672 0.56611 0.313209 0.579952 0.314939 0.596562 0.310613 0.607982 0.30326 0.62044 0.28812 0.635666 0.263897 0.646047 0.242702 0.657813 0.209395 0.659065 0.208482 0.663748 0.211213 0.641341 0.266764 0.622461 0.297106 0.607049 0.311555 0.59549 0.319743 0.582775 0.323114 0.566978 0.322151 0.555034 0.318298 0.542319 0.308665 0.515954 0.281269 0.487705 0.242698 0.464671 0.2063 0.447287 0.15632 0.432945 0.104711
3 36 0.665113 0.185011 0.668682 0.156262 0.668682 0.138213 0.670268 0.138913 0.675027 0.138417 0.67582 0.137951 0.67582 0.156262 0.671061 0.185507 0.664716 0.211778 0.658768 0.208309
1 36 0.65875 0.0794922 0.662386 0.064546 0.666866 0.057546 0.675826 0.055446 0.684786 0.058246 0.692626 0.064546 0.695426 0.073646 0.697106 0.084846 0.6975 0.0955078 0.690781 0.0945312 0.684786 0.092546 0.676386 0.091146 0.669106 0.092546 0.659586 0.093246 0.657906 0.093946
2 36 0.657975 0.093918 0.659586 0.093246 0.669106 0.092546 0.676386 0.091146 0.684786 0.092546 0.691172 0.0945312 0.697656 0.0956055 0.696328 0.107617 0.693268 0.122059 0.68732 0.130486 0.681768 0.134452 0.675027 0.138417 0.670268 0.138913 0.663527 0.135939 0.658768 0.123051 0.657975 0.111154
1 43 0.711333 0.224369 0.716243 0.213209 0.722493 0.207629 0.731867 0.207629 0.736331 0.208745 0.740349 0.212093 0.743027 0.217115 0.745259 0.224369 0.745705 0.234971 0.743359 0.243457 0.740625 0.241309 0.735438 0.237203 0.717582 0.226043 0.712672 0.224369
2 43 0.704526 0.254687 0.707288 0.238412 0.710839 0.22411 0.711333 0.224369 0.712672 0.224369 0.717582 0.226043 0.735438 0.237203 0.740469 0.241309 0.743437 0.243457 0.741406 0.251758 0.739143 0.261664 0.735253 0.269228 0.729634 0.27517 0.724448 0.278412 0.721855 0.280573 0.715804 0.280573 0.71105 0.276791 0.707288 0.265537
3 43 0.709932 0.337109 0.714112 0.279227 0.715804 0.280573 0.720079 0.280573 0.716478 0.33797
1 13 0.405121 0.71216 0.405834 0.698334 0.410116 0.684508 0.417609 0.673804 0.422961 0.670236 0.43081 0.669344 0.435092 0.670682 0.439373 0.67425 0.442941 0.677818 0.446509 0.684062 0.44865 0.693874 0.449363 0.717066 0.442031 0.71748 0.436328 0.716992 0.428125 0.71582 0.406191 0.712606
2 13 0.404063 0.723633 0.404844 0.716797 0.405215 0.712199 0.428359 0.716309 0.436328 0.71709 0.441875 0.717773 0.449453 0.717285 0.448516 0.724609 0.447366 0.730246 0.446569 0.735229 0.442582 0.743701 0.437001 0.75018 0.431419 0.754167 0.426236 0.75616 0.421452 0.75616 0.416269 0.751176 0.410688 0.742705 0.404708 0.730744
3 13 0.416223 0.826081 0.41872 0.774346 0.419077 0.756952 0.419077 0.753876 0.421452 0.75616 0.426236 0.75616 0.426762 0.755958 0.422509 0.826081
4 13 0.40718 1 0.416508 0.826103 0.416517 0.826081 0.422249 0.826081 0.423481 0.827911 0.413051 0.999023
0 36 0.6775 0.0674805 0.676484 0.0705078 0.677656 0.0725586 0.679766 0.0726563 0.680469 0.0716797 0.680625 0.0699219 0.680234 0.0677734 0.679063 0.0669922 0.678125 0.0667969
0 7 0.198613 0.685252 0.204751 0.676026 0.209727 0.673745 0.214454 0.676337 0.221421 0.683179 0.221421 0.687222 0.218352 0.686807 0.212215 0.682142 0.2084 0.680276 0.205082 0.685149 0.202097 0.687015 0.200521 0.686393 0.199277 0.686185
3 7 0.15031 0.824903 0.147429 0.840654 0.15445 0.882056 0.16381 0.922559 0.165431 0.935835 0.173531 0.934935 0.15967 0.851004 0.15751 0.839079 0.16345 0.828278
4 7 0.165611 0.935835 0.177311 0.998389 0.185052 0.997939 0.173891 0.934935
4 43 0.709831 0.337474 0.706783 0.367151 0.702612 0.402645 0.700847 0.423299 0.693307 0.474232 0.690099 0.504712 0.688174 0.522359 0.685607 0.547424 0.685286 0.566675 0.68673 0.597556 0.687372 0.611793 0.690901 0.632247 0.699884 0.665735 0.708708 0.677365 0.727477 0.686389 0.756192 0.697217 0.792797 0.712154 0.816382 0.721674 0.837264 0.735493 0.83923 0.744091 0.836036 0.759139 0.829403 0.763131 0.816382 0.759139 0.801641 0.742556 0.79771 0.728123 0.793042 0.698949 0.772897 0.631695 0.76135 0.594229 0.758893 0.594229 0.762579 0.62371 0.769732 0.640608 0.779247 0.67483 0.786759 0.699452 0.792435 0.722615 0.797276 0.744107 0.807959 0.759131 0.818643 0.767061 0.829661 0.771025 0.839844 0.768104 0.845186 0.758088 0.845519 0.747863 0.844351 0.738056 0.840511 0.727831 0.821648 0.715937 0.807626 0.709051 0.789597 0.700704 0.768062 0.69361 0.747529 0.685054 0.726663 0.67629 0.711472 0.669404 0.706464 0.666274 0.703125 0.65918 0.696948 0.623498 0.692441 0.597206 0.692274 0.56361 0.69194 0.547751 0.702457 0.455103 0.706798 0.426307 0.711138 0.390625 0.717147 0.337206
