4 10 0.421297 0.072658 0.4247 0.069469 0.432079 0.0725048 0.458724 0.097114 0.4953 0.144961 0.542083 0.215137 0.570674 0.25545 0.642839 0.340599 0.694342 0.410778 0.752615 0.489416 0.783556 0.526251 0.812288 0.558483 0.812901 0.559905 0.806751 0.565884 0.805353 0.564487 0.735366 0.484369 0.684533 0.412539 0.562585 0.261836 0.506358 0.177922 0.473184 0.131138 0.446815 0.09924 0.434907 0.087544 0.426401 0.080101 0.422998 0.076911
3 10 0.805614 0.566989 0.813269 0.559546 0.838788 0.588255 0.862605 0.621216 0.864086 0.623993 0.861663 0.625002 0.858981 0.631149 0.842246 0.614153 0.817557 0.580855
2 10 0.864063 0.660014 0.85992 0.645341 0.858177 0.632992 0.861663 0.625002 0.868636 0.622097 0.876772 0.622097 0.88665 0.622823 0.893042 0.627181 0.903203 0.634277 0.898516 0.640723 0.893359 0.646484 0.886641 0.654395 0.879677 0.660595 0.873285 0.664953 0.869217 0.666406 0.86625 0.668066
1 10 0.866328 0.668359 0.869217 0.666406 0.873285 0.664953 0.879677 0.660595 0.886719 0.65459 0.893125 0.64707 0.898203 0.641113 0.90125 0.637598 0.903203 0.63418 0.913754 0.64693 0.917959 0.657442 0.919536 0.669925 0.916382 0.683064 0.910075 0.690948 0.901666 0.696204 0.893257 0.695547 0.879066 0.689634 0.870859 0.680176
0 10 0.88368 0.663409 0.884599 0.659961 0.887357 0.658237 0.890116 0.658237 0.893334 0.660535 0.894219 0.6625 0.894453 0.665137 0.893203 0.667676 0.890116 0.669155 0.885978 0.668006
1 23 0.202732 0.0684883 0.206411 0.0592913 0.213244 0.0533783 0.222704 0.0494363 0.231639 0.0507503 0.238472 0.0553493 0.247969 0.0642578 0.243102 0.0683333 0.23375 0.0766602 0.228594 0.0821289 0.222656 0.0887695 0.218359 0.0953125 0.215165 0.0991953 0.215188 0.0992183 0.21482 0.0993673 0.207988 0.0921403 0.203783 0.0796573
2 23 0.215321 0.099293 0.218906 0.0948242 0.222344 0.0888672 0.228437 0.0822266 0.233984 0.0764648 0.243258 0.068431 0.247812 0.0645508 0.255603 0.074929 0.259501 0.088735 0.258851 0.100105 0.256902 0.111475 0.254303 0.117973 0.248456 0.118785 0.241309 0.11716 0.232213 0.114724 0.224417 0.108227
3 23 0.251576 0.118351 0.254303 0.117973 0.256554 0.112345 0.263971 0.122646 0.275018 0.146813 0.288828 0.181338 0.278471 0.183927 0.275018 0.171844 0.264661 0.142498
4 23 0.277866 0.182638 0.27802 0.182349 0.278471 0.183927 0.288526 0.181518 0.353812 0.336255 0.415257 0.47237 0.445116 0.557958 0.45238 0.582476 0.454559 0.609718 0.454559 0.672374 0.458918 0.681455 0.46255 0.687811 0.470541 0.692352 0.475626 0.692352 0.484343 0.68872 0.490155 0.674191 0.502505 0.644224 0.51021 0.629254 0.518486 0.617891 0.541006 0.597005 0.547544 0.594281 0.551903 0.603362 0.546091 0.610626 0.535921 0.618799 0.517033 0.636052 0.49524 0.685995 0.488702 0.6978 0.479985 0.705973 0.467667 0.706026 0.458694 0.701578 0.449876 0.691909 0.447865 0.675472 0.446568 0.6415 0.447295 0.602453 0.442936 0.579752 0.403893 0.468402 0.321453 0.295238
4 34 0.618296 0.860453 0.619023 0.861751 0.626526 0.854718 0.638208 0.871146 0.652616 0.900335 0.670006 0.934494 0.7023 1 0.69137 1 0.68193 0.977968 0.665037 0.94381 0.650629 0.915862 0.632742 0.880461 0.618334 0.861209
3 34 0.576421 0.805867 0.578529 0.80534 0.582172 0.800137 0.582172 0.798176 0.601434 0.820749 0.626629 0.85462 0.619023 0.861751 0.616077 0.856491 0.595877 0.830188
2 34 0.537422 0.78916 0.533516 0.784082 0.545391 0.772852 0.544375 0.766602 0.545312 0.761621 0.547344 0.757324 0.550938 0.755957 0.558516 0.75293 0.563594 0.752637 0.567812 0.750977 0.572031 0.750488 0.574922 0.761133 0.578529 0.77477 0.582172 0.793633 0.582172 0.800137 0.578529 0.80534 0.573326 0.806641 0.569667 0.805804 0.556327 0.802015 0.546019 0.795951 0.539956 0.791403
1 34 0.522253 0.749928 0.523679 0.739232 0.527957 0.732101 0.534613 0.727348 0.542219 0.725565 0.554103 0.729724 0.560703 0.736035 0.565234 0.741016 0.572168 0.750522 0.568047 0.751074 0.56375 0.752441 0.558281 0.753223 0.551016 0.755176 0.547344 0.757129 0.545 0.762012 0.544375 0.766602 0.545469 0.772656 0.541953 0.776855 0.537109 0.780664 0.533662 0.784394 0.527957 0.776669 0.522728 0.762407
0 34 0.548516 0.749316 0.54702 0.746286 0.548283 0.742077 0.550387 0.740499 0.553516 0.741113 0.556279 0.742077 0.556953 0.745996 0.556562 0.748633 0.555437 0.750494 0.553359 0.751074 0.550808 0.75102 0.548516 0.749316 0.540625 0.767676 0.543569 0.771293 0.542396 0.77618 0.539141 0.77832 0.536141 0.777157 0.534577 0.774225 0.535359 0.769827 0.537705 0.767873 0.540625 0.767676
4 45 0 0.615745 0.172773 0.611755 0.198096 0.613326 0.229167 0.620286 0.24982 0.63398 0.280172 0.656205 0.318637 0.687779 0.344301 0.707522 0.360095 0.714925 0.375638 0.721407 0.388821 0.72505 0.40945 0.7322 0.420876 0.750895 0.43614 0.791137 0.460425 0.865298 0.476518 0.90855 0.481298 0.91938 0.504959 0.943964 0.511723 0.951119 0.527333 0.962176 0.541903 0.970632 0.558033 0.977786 0.570521 0.979738 0.58353 0.979738 0.600701 0.977136 0.615791 0.969331 0.640767 0.959574 0.659499 0.950468 0.660835 0.950886 0.659712 0.951419 0.663966 0.959653 0.645749 0.968762 0.594095 0.988505 0.574576 0.991216 0.55072 0.985794 0.521779 0.974837 0.492352 0.949256 0.47156 0.922086 0.438973 0.836482 0.416297 0.767547 0.406497 0.741806 0.389099 0.737886 0.367451 0.731988 0.342519 0.721473 0.323 0.706563 0.272809 0.66496 0.227191 0.63151 0.201329 0.624102 0.16972 0.623429 0 0.630655
3 45 0.717014 0.928241 0.699391 0.937725 0.66301 0.949852 0.659712 0.951419 0.664219 0.960141 0.705455 0.943789 0.719919 0.937322
2 45 0.717014 0.928241 0.721372 0.919161 0.73009 0.909172 0.752578 0.900586 0.752656 0.904102 0.753336 0.908264 0.753828 0.916113 0.753336 0.924609 0.754789 0.934598 0.756242 0.945495 0.757695 0.950943 0.754141 0.951953 0.75043 0.952759 0.740938 0.954004 0.733722 0.950943 0.724278 0.943678 0.719919 0.937322
1 45 0.752559 0.90042 0.760902 0.898014 0.775019 0.898014 0.780795 0.901222 0.785929 0.910046 0.788495 0.921276 0.787212 0.932506 0.784003 0.94133 0.777586 0.946945 0.771169 0.948549 0.757695 0.950943 0.756242 0.945495 0.754789 0.934598 0.753336 0.924609 0.753984 0.91582 0.753672 0.908301 0.752656 0.903613
4 57 0.300038 0.525212 0.34178 0.613517 0.371043 0.668059 0.391874 0.722622 0.395973 0.741102 0.423409 0.855997 0.442118 0.939588 0.455509 1 0.467226 1 0.440444 0.886232 0.415336 0.777428 0.401107 0.72721 0.386879 0.685362 0.372585 0.65029 0.337617 0.580907 0.308744 0.524025
3 57 0.264406 0.44629 0.264836 0.446425 0.267134 0.440678 0.266923 0.436445 0.270729 0.443318 0.308744 0.524025 0.300038 0.525212
2 57 0.228203 0.408398 0.231641 0.403906 0.235469 0.400977 0.241848 0.396139 0.24702 0.391829 0.250703 0.389746 0.254531 0.38623 0.255641 0.390392 0.264261 0.41338 0.26656 0.429184 0.267134 0.440678 0.264836 0.446425 0.260238 0.444988 0.255316 0.441042 0.225182 0.411943
1 57 0.21038 0.380234 0.211421 0.367875 0.216624 0.358119 0.223389 0.353566 0.231714 0.354216 0.239141 0.358984 0.247734 0.369141 0.254531 0.386426 0.251172 0.389551 0.24702 0.391829 0.241848 0.396139 0.235703 0.401074 0.231562 0.403711 0.228203 0.408203 0.225182 0.411943 0.22495 0.412105 0.215584 0.401047 0.21038 0.38999
4 68 0.451348 0.647562 0.387033 0.539991 0.269273 0.345232 0.216652 0.263712 0.212055 0.269459 0.298071 0.413988 0.342491 0.492957 0.444101 0.655488 0.446819 0.65662 0.450442 0.65662 0.451348 0.647562 0.451641 0.647461 0.450781 0.656934 0.446406 0.656543 0.44375 0.655101 0.459007 0.677619 0.479596 0.701746 0.499632 0.723805 0.518015 0.738971 0.522794 0.738971 0.518199 0.730009 0.491728 0.702665 0.452206 0.648667 0.451641 0.647461
3 68 0.150236 0.224857 0.155735 0.221328 0.167229 0.219173 0.177573 0.223483 0.190791 0.234977 0.209181 0.255091 0.216652 0.263712 0.212055 0.269459 0.198837 0.255091 0.180447 0.236414 0.168953 0.228512 0.164356 0.228512 0.156885 0.229949 0.153938 0.23179 0.151599 0.225358
2 68 0.152691 0.248571 0.13576 0.271783 0.132385 0.276298 0.129206 0.273831 0.125383 0.268369 0.122106 0.262225 0.117737 0.256763 0.112821 0.251984 0.109545 0.248571 0.106343 0.245733 0.104057 0.24213 0.109545 0.234916 0.115552 0.230137 0.129206 0.222628 0.142314 0.221945 0.151599 0.225358 0.15433 0.232868 0.15433 0.243109
1 68 0.095293 0.268102 0.096244 0.257405 0.102899 0.243738 0.10366 0.24213 0.106343 0.245485 0.109545 0.248571 0.112821 0.251984 0.117737 0.256763 0.122106 0.262225 0.125383 0.268369 0.129206 0.273831 0.132286 0.276049 0.12831 0.280273 0.121915 0.286523 0.112882 0.288305 0.105276 0.286523 0.098146 0.278798
0 68 0.112891 0.274023 0.111875 0.276074 0.112813 0.279004 0.114766 0.280176 0.11625 0.27998 0.117109 0.278906 0.117578 0.276172 0.116562 0.273633 0.114609 0.273242 0.112891 0.274023 0.106443 0.262258 0.107735 0.259028 0.106642 0.255921 0.105548 0.255425 0.10366 0.256046 0.102169 0.256667 0.101175 0.2594 0.102467 0.262755 0.106443 0.262258
0 23 0.218672 0.0845703 0.217656 0.0876953 0.217891 0.0901367 0.218828 0.0912109 0.221016 0.0917969 0.222969 0.0911133 0.223828 0.090332 0.225 0.0883789 0.224844 0.0850586 0.222578 0.0832031 0.220938 0.0832031
0 45 0.762051 0.91408 0.763928 0.911201 0.763928 0.907896 0.761881 0.906617 0.760516 0.907043 0.759749 0.907896 0.758896 0.910348 0.759834 0.91312 0.760943 0.91408 0.762051 0.91408 0.764269 0.943824 0.762819 0.944144 0.762648 0.947556 0.763501 0.948409 0.765207 0.948942 0.766486 0.947875 0.766145 0.944677 0.765719 0.943718 0.764269 0.943824
