1 12 0.329692 0.753 0.330172 0.741606 0.332571 0.731411 0.338807 0.726014 0.344564 0.723015 0.3532 0.724215 0.362315 0.730212 0.371911 0.742206 0.375102 0.757595 0.375094 0.75756 0.372334 0.75618 0.364055 0.75894 0.356327 0.7617 0.348048 0.766529 0.343633 0.772049 0.341977 0.777568 0.340392 0.781531 0.339287 0.781186 0.33305 0.768593
2 12 0.363958 0.80811 0.345288 0.789987 0.340321 0.781708 0.341977 0.777568 0.343633 0.772049 0.348048 0.766529 0.356327 0.7617 0.364055 0.75894 0.372334 0.75618 0.375094 0.75756 0.378454 0.770965 0.380962 0.786641 0.38046 0.801062 0.378454 0.809214 0.374943 0.812976 0.37093 0.812976 0.367418 0.811722
3 12 0.371125 0.812976 0.374943 0.812976 0.378454 0.809214 0.379152 0.80638 0.395011 0.841962 0.405602 0.878368 0.398982 0.88278 0.390157 0.856304 0.378684 0.82762
4 12 0.399485 0.882445 0.405103 0.8787 0.425935 0.941339 0.442787 1 0.431746 1 0.422448 0.966036 0.408559 0.915138
4 23 0.153586 0.14366 0.156343 0.136766 0.165009 0.129381 0.168948 0.127412 0.172394 0.127232 0.170415 0.127974 0.172734 0.135221 0.171435 0.136845 0.162232 0.14068 0.160392 0.150649 0.162846 0.163686 0.169594 0.181324 0.195115 0.223833 0.220915 0.26643 0.245818 0.298736 0.270038 0.328874 0.306319 0.366587 0.374547 0.447809 0.439167 0.548077 0.500438 0.664675 0.503501 0.685191 0.49803 0.676711 0.492635 0.666768 0.470264 0.620915 0.432377 0.556653 0.388196 0.485996 0.360908 0.445388 0.325549 0.404147 0.259764 0.330997 0.216107 0.277024 0.181564 0.217654 0.158706 0.172709 0.153586 0.159415
3 23 0.170415 0.127974 0.173657 0.126758 0.186952 0.123111 0.207055 0.120273 0.225597 0.119537 0.224036 0.126955 0.224316 0.128203 0.214837 0.12919 0.196355 0.131217 0.173009 0.136081
2 23 0.224036 0.126955 0.226079 0.117252 0.230846 0.108566 0.235826 0.105898 0.243295 0.104119 0.248631 0.104119 0.251476 0.107232 0.251476 0.111678 0.250054 0.119236 0.248275 0.131686 0.246852 0.145914 0.244718 0.15036 0.240094 0.153028 0.23796 0.153028 0.235883 0.151976 0.230164 0.146359 0.226896 0.139721
1 23 0.241844 0.152018 0.244718 0.15036 0.246852 0.145914 0.248275 0.131686 0.250054 0.119236 0.251476 0.111678 0.251476 0.107232 0.248964 0.104484 0.263027 0.104484 0.267437 0.105665 0.272161 0.109602 0.276571 0.115114 0.278775 0.122595 0.27846 0.134012 0.277516 0.141493 0.273736 0.148186 0.267752 0.15173 0.260192 0.152911 0.254208 0.153698
4 33 0.702099 0.379668 0.702278 0.379707 0.703441 0.367342 0.703509 0.367305 0.800236 0.397709 0.835819 0.409212 0.861501 0.419875 0.886125 0.424549 0.912452 0.429467 0.949928 0.432218 1 0.432985 1 0.443721 0.95913 0.44142 0.917107 0.43906 0.895343 0.435915 0.877536 0.432985 0.854837 0.428384 0.783268 0.402548 0.702482 0.380107
3 33 0.633419 0.368447 0.651358 0.364369 0.680192 0.362836 0.703505 0.36667 0.702278 0.379707 0.677125 0.374339 0.663628 0.374339 0.636153 0.378962 0.636322 0.378413 0.635796 0.371844
2 33 0.595852 0.383669 0.599006 0.374472 0.599531 0.362646 0.600582 0.352791 0.602685 0.345564 0.604787 0.338994 0.604844 0.337988 0.614773 0.346221 0.62108 0.354105 0.626336 0.359361 0.632117 0.366588 0.635796 0.371844 0.636322 0.378413 0.6348 0.383361 0.618452 0.393524 0.60794 0.398123 0.605313 0.39878 0.600057 0.399437 0.592734 0.400293
1 33 0.565417 0.361661 0.568929 0.349121 0.577456 0.339715 0.588492 0.335326 0.597521 0.335326 0.605046 0.337834 0.602685 0.345564 0.600582 0.352791 0.599531 0.362646 0.599006 0.374472 0.595852 0.383669 0.592734 0.400195 0.589141 0.399805 0.579964 0.396775 0.569932 0.38737 0.565417 0.376083
4 53 0.836056 0.665469 0.836608 0.646151 0.838816 0.628902 0.84637 0.600179 0.847056 0.599652 0.846749 0.600686 0.85301 0.602922 0.848154 0.624992 0.844864 0.644784 0.842839 0.665665 0.848238 0.722825 0.852963 0.783992 0.857013 0.834191 0.862865 0.863469 0.877593 0.911299 0.898774 0.955978 0.920024 1 0.911496 1 0.876062 0.928753 0.862697 0.894614 0.853981 0.8612 0.84817 0.82125 0.841826 0.74455 0.837712 0.705486
3 53 0.846749 0.600686 0.862362 0.548024 0.870418 0.520465 0.87509 0.524553 0.87811 0.524553 0.853772 0.603194
2 53 0.867915 0.512824 0.868467 0.500405 0.871226 0.481087 0.878954 0.459009 0.880156 0.456543 0.885025 0.459698 0.889441 0.465218 0.898272 0.472807 0.904895 0.475567 0.908516 0.477344 0.911875 0.482227 0.908759 0.487986 0.903791 0.496955 0.89315 0.507464 0.883369 0.520413 0.878402 0.524553 0.87509 0.524553 0.86957 0.519723
1 53 0.886651 0.444801 0.892408 0.439403 0.896726 0.437604 0.903443 0.438204 0.912078 0.443601 0.916396 0.449598 0.917356 0.457994 0.915437 0.473586 0.911953 0.482422 0.908594 0.477441 0.904895 0.475567 0.898272 0.472807 0.889441 0.465218 0.885025 0.459698 0.88 0.456445
4 51 0.860552 0.792558 0.868199 0.79051 0.868273 0.790094 0.872003 0.836715 0.874401 0.860104 0.883037 0.884691 0.893112 0.903882 0.912302 0.934466 0.928955 0.960711 0.95876 1 0.944962 1 0.91311 0.954736 0.898394 0.926486 0.882626 0.900206 0.873166 0.877869 0.866333 0.850932 0.860552 0.813484
3 51 0.855929 0.771338 0.862535 0.71204 0.864111 0.713083 0.87013 0.713083 0.873183 0.710699 0.873721 0.742964 0.87188 0.769804 0.868199 0.79051 0.85961 0.79281 0.855929 0.782841
2 51 0.844375 0.674316 0.849531 0.671582 0.8575 0.671289 0.864531 0.669727 0.872031 0.668945 0.880163 0.669191 0.885 0.668945 0.885681 0.675461 0.884678 0.682359 0.884176 0.686121 0.87916 0.700543 0.874143 0.709948 0.87013 0.713083 0.864111 0.713083 0.855583 0.70744 0.849564 0.699916 0.846052 0.688002
1 51 0.844172 0.675119 0.846571 0.65293 0.849929 0.639737 0.856166 0.634939 0.862403 0.63194 0.871518 0.63374 0.878235 0.640336 0.883992 0.650531 0.884951 0.660126 0.885234 0.66875 0.879531 0.669238 0.8725 0.669043 0.864766 0.67002 0.857656 0.670996 0.849297 0.67168 0.84625 0.672949
4 63 0.88536 0.664822 0.916239 0.660603 0.935567 0.661266 0.949933 0.665442 0.965301 0.67463 0.977329 0.684653 0.985681 0.698017 0.990358 0.716392 0.991674 0.754435 0.990985 0.791475 0.985127 0.819901 0.980303 0.836698 0.973757 0.850481 0.96721 0.858233 0.953773 0.866847 0.931938 0.87701 0.910068 0.880961 0.890467 0.879281 0.865386 0.876146 0.850337 0.871129 0.841809 0.863605 0.834786 0.852945 0.834471 0.845722 0.838137 0.835767 0.843447 0.829762 0.850147 0.825654 0.85672 0.82518 0.861874 0.829745 0.861874 0.833507 0.858864 0.834134 0.855494 0.832504 0.848832 0.834761 0.844819 0.838523 0.841809 0.845421 0.842311 0.853572 0.848832 0.859843 0.862376 0.866113 0.875418 0.869248 0.894981 0.872383 0.917053 0.873011 0.935111 0.867994 0.949659 0.859843 0.963704 0.847929 0.96872 0.838523 0.974238 0.82661 0.977606 0.810371 0.98181 0.783434 0.98189 0.743784 0.980786 0.720326 0.978578 0.704458 0.970202 0.688589 0.955486 0.676106 0.942872 0.670851 0.926053 0.66888 0.900162 0.669442 0.887048 0.672415 0.88536 0.664822 0.84517 0.678954 0.831871 0.686125 0.819364 0.691402 0.815853 0.685132 0.83512 0.676766 0.844172 0.675119 0.84517 0.678954
3 63 0.762317 0.715243 0.807827 0.690775 0.815853 0.685132 0.819364 0.691402 0.794283 0.708332 0.765014 0.724655 0.765198 0.722893
2 63 0.716797 0.717187 0.714609 0.712695 0.726122 0.704504 0.735316 0.699907 0.743131 0.699907 0.755544 0.706228 0.76152 0.713124 0.765198 0.722893 0.763818 0.73611 0.76198 0.743005 0.760141 0.745879 0.755544 0.75105 0.748828 0.755664 0.741797 0.758887 0.73875 0.760645 0.734857 0.754498 0.731179 0.748752 0.72888 0.741281 0.727041 0.737834 0.722904 0.730938 0.719226 0.724042
1 63 0.703147 0.739406 0.704419 0.730391 0.708984 0.719238 0.714375 0.712891 0.716641 0.717773 0.719226 0.724042 0.722904 0.730938 0.727041 0.737834 0.72888 0.741281 0.731179 0.748752 0.734857 0.754498 0.738516 0.760547 0.734542 0.762741 0.725633 0.764862 0.716723 0.763802 0.709086 0.759029 0.704419 0.751604
4 73 0.571174 0.283143 0.586856 0.279044 0.603415 0.272835 0.612246 0.265936 0.615558 0.256966 0.615558 0.247997 0.615558 0.240408 0.612798 0.235578 0.611142 0.234198 0.604519 0.234198 0.599551 0.236268 0.587525 0.246787 0.567306 0.271532 0.523162 0.331475 0.507431 0.346479 0.494065 0.367544 0.490636 0.385604 0.492322 0.40023 0.498133 0.414032 0.512079 0.42638 0.527188 0.429285 0.544621 0.429285 0.559729 0.425653 0.588784 0.416937 0.620824 0.402411 0.628906 0.399717 0.633528 0.398778 0.629984 0.407462 0.620959 0.41083 0.585878 0.427106 0.558567 0.436549 0.536485 0.438002 0.524863 0.437275 0.511498 0.432917 0.499876 0.42638 0.489417 0.415484 0.483025 0.40241 0.4807 0.388608 0.481909 0.373656 0.491741 0.354469 0.503363 0.339215 0.564 0.263486 0.596104 0.227745 0.608645 0.223983 0.618176 0.225864 0.623694 0.231507 0.628208 0.244048 0.6257 0.256588 0.620182 0.267248 0.61316 0.276654 0.602625 0.283551 0.583564 0.289194 0.572336 0.294039
3 73 0.504798 0.261429 0.50666 0.257161 0.50559 0.247798 0.538633 0.2737 0.550836 0.28169 0.556647 0.283143 0.56362 0.28387 0.571174 0.283143 0.572336 0.294039 0.567107 0.296218 0.554323 0.296218 0.546768 0.293312 0.527592 0.28169
2 73 0.459463 0.246228 0.462396 0.245006 0.465328 0.241442 0.471528 0.237756 0.476839 0.230097 0.480924 0.223969 0.484192 0.216309 0.486346 0.211809 0.49032 0.216309 0.493179 0.219373 0.502984 0.235714 0.505435 0.246437 0.50666 0.257161 0.504209 0.262778 0.500941 0.266353 0.496447 0.266863 0.490728 0.266863 0.480924 0.265331 0.464992 0.254608 0.4571 0.24857
1 73 0.441106 0.213501 0.443112 0.204095 0.447627 0.199079 0.45465 0.195944 0.461171 0.194063 0.469197 0.197825 0.478728 0.204722 0.486835 0.211707 0.484192 0.216309 0.480924 0.223969 0.476839 0.230097 0.471528 0.237756 0.465313 0.241504 0.4625 0.244922 0.459687 0.246094 0.457422 0.248145 0.448128 0.238582 0.441106 0.225414
0 23 0.255786 0.130278 0.255609 0.135365 0.257202 0.137466 0.260387 0.136692 0.261183 0.134038 0.260918 0.13072 0.25906 0.129503 0.257556 0.129614 0.256671 0.129614
0 63 0.710938 0.73877 0.711328 0.743164 0.713047 0.745605 0.715156 0.745215 0.715391 0.74082 0.713516 0.736523 0.711797 0.736035 0.710625 0.737695
0 73 0.466388 0.227389 0.463944 0.230852 0.464106 0.233194 0.465491 0.235332 0.467528 0.235129 0.468913 0.234008 0.471357 0.231463 0.472823 0.227593 0.471112 0.225556 0.468913 0.225251 0.466632 0.226167
