4 6 0.928289 0.043243 0.93483 0.0433518 0.935593 0 0.929801 0
3 6 0.9309 0.128682 0.943024 0.12711 0.937848 0.0916721 0.935178 0.043642 0.928289 0.043243 0.928289 0.065164
1 6 0.929141 0.198145 0.927694 0.190128 0.934141 0.186719 0.9425 0.185352 0.953047 0.184863 0.961094 0.185742 0.959829 0.194876 0.954909 0.207587 0.9513 0.211687 0.944453 0.214551 0.938508 0.212917 0.933984 0.208984 0.931292 0.203897
2 6 0.925938 0.183203 0.92342 0.162076 0.925201 0.146492 0.9309 0.128682 0.943024 0.12711 0.945149 0.129127 0.954766 0.144266 0.959753 0.163857 0.961172 0.180371 0.961094 0.185645 0.953516 0.185156 0.942031 0.185352 0.934688 0.186426 0.927694 0.190128
4 13 0.382998 0.265625 0.391604 0.26612 0.390625 0.286516 0.388647 0.320634 0.389438 0.353021 0.393091 0.369777 0.39557 0.388375 0.41012 0.430086 0.443835 0.519869 0.449233 0.555051 0.447217 0.607738 0.443611 0.644843 0.44611 0.701842 0.45423 0.753375 0.464301 0.791928 0.477342 0.819743 0.492333 0.858002 0.486711 0.858002 0.457978 0.802565 0.442362 0.744005 0.435491 0.684664 0.435491 0.633912 0.440683 0.576988 0.441251 0.549317 0.437845 0.524485 0.42252 0.483333 0.399248 0.426572 0.383109 0.383925 0.379549 0.344863 0.380517 0.293893
3 13 0.382655 0.166989 0.392004 0.166989 0.395813 0.163093 0.395872 0.181643 0.391493 0.265981 0.382998 0.265625 0.384607 0.231932 0.384607 0.198238
1 13 0.354141 0.129883 0.355991 0.128465 0.368457 0.122837 0.379884 0.115479 0.389234 0.109419 0.396506 0.10812 0.393294 0.088585 0.385545 0.074267 0.374764 0.066686 0.367689 0.066265 0.360614 0.069634 0.350844 0.078899 0.347138 0.087322 0.345117 0.100377 0.347138 0.11259
2 13 0.354063 0.130078 0.364648 0.14751 0.375383 0.160063 0.382655 0.166989 0.392004 0.166989 0.395813 0.163093 0.399622 0.150973 0.399969 0.132793 0.396506 0.10812 0.389234 0.109419 0.379884 0.115479 0.368457 0.122837 0.355991 0.128465
4 20 0.553684 0.771016 0.563511 0.774201 0.558473 0.842649 0.555321 0.888536 0.554441 0.925267 0.55796 0.998509 0.550746 0.998729 0.546113 0.935923 0.54657 0.882705 0.551148 0.818615
3 20 0.599269 0.68736 0.591687 0.692846 0.592485 0.700827 0.596476 0.708807 0.586078 0.70459 0.574795 0.7055 0.567879 0.71096 0.566787 0.721424 0.563511 0.774201 0.553684 0.771016 0.554048 0.734163 0.557688 0.71096 0.563511 0.69731 0.578434 0.690031 0.593721 0.685936
1 20 0.64356 0.673893 0.641565 0.686362 0.643161 0.71978 0.645555 0.728758 0.661117 0.731252 0.670294 0.727761 0.678674 0.717785 0.681068 0.704318 0.679472 0.690851 0.675082 0.683868 0.660718 0.676387
2 20 0.64356 0.729257 0.624407 0.72377 0.609244 0.717785 0.596476 0.708807 0.592485 0.700827 0.591687 0.692846 0.599269 0.68736 0.625604 0.677384 0.64356 0.673893 0.641565 0.686362 0.643161 0.71978 0.645555 0.728758
3 26 0.449482 0.93441 0.457977 0.945974 0.436391 0.966935 0.420164 0.981552 0.405431 1 0.391809 1 0.411623 0.979706 0.434533 0.952616
1 26 0.471267 0.876305 0.465539 0.882291 0.471924 0.894029 0.485164 0.911635 0.495493 0.924194 0.499852 0.918808 0.506837 0.903726 0.507154 0.889835 0.503344 0.877929 0.496994 0.871182 0.487152 0.869198 0.478262 0.871579
2 26 0.462136 0.886402 0.452165 0.904454 0.450102 0.923365 0.449482 0.93441 0.457977 0.945974 0.465231 0.943996 0.487237 0.931961 0.491549 0.927598 0.495493 0.924312 0.485539 0.912457 0.472487 0.894733 0.465257 0.882409
4 33 0.317843 0.617813 0.322079 0.625144 0.307575 0.643266 0.280489 0.677964 0.255977 0.710283 0.238705 0.743081 0.228443 0.778978 0.220554 0.829381 0.21658 0.882916 0.220996 0.911064 0.237774 0.932589 0.260733 0.952457 0.294731 0.971223 0.321664 0.986124 0.338884 1 0.324313 1 0.286783 0.979501 0.249253 0.956873 0.218346 0.924862 0.210399 0.899474 0.208191 0.868567 0.212165 0.833796 0.222564 0.774341 0.233093 0.733713 0.245792 0.708324 0.267427 0.679923 0.28757 0.655317
3 33 0.376281 0.560554 0.381634 0.568919 0.386988 0.57101 0.370952 0.577899 0.350751 0.596227 0.322079 0.625144 0.317843 0.617813 0.337718 0.594191 0.357268 0.575863
1 33 0.408067 0.508739 0.40974 0.52296 0.41777 0.542617 0.423124 0.556419 0.434273 0.545492 0.436554 0.539382 0.437845 0.524114 0.431341 0.509244 0.426453 0.503542 0.421016 0.502832 0.414766 0.503809
2 33 0.419114 0.561058 0.401375 0.570174 0.386988 0.57101 0.381634 0.568919 0.376281 0.560554 0.375946 0.550935 0.379292 0.537133 0.394014 0.519148 0.408067 0.50911 0.40974 0.523331 0.41777 0.542988 0.423124 0.55679
0 26 0.484788 0.897433 0.4846 0.901658 0.486572 0.905884 0.489765 0.907175 0.4923 0.905414 0.492582 0.901541 0.491549 0.896963 0.489014 0.895555 0.487136 0.895555 0.485539 0.896259
0 33 0.41125 0.519629 0.410547 0.52207 0.410859 0.524512 0.411719 0.527441 0.413594 0.527441 0.415234 0.526563 0.415547 0.524121 0.414531 0.520508 0.412891 0.519141
0 13 0.360321 0.115328 0.35977 0.119804 0.360596 0.123935 0.362799 0.124279 0.364635 0.123476 0.365645 0.121869 0.36537 0.118427 0.364268 0.115558 0.363075 0.11464 0.361422 0.11464
0 6 0.936953 0.189844 0.936172 0.194238 0.937344 0.195703 0.938281 0.196582 0.938906 0.196484 0.940703 0.196289 0.941953 0.196094 0.943984 0.194043 0.943594 0.191602 0.941797 0.189551 0.939766 0.18916
