4 7 0.847536 0.038205 0.913752 0 0.924863 0 0.850669 0.045186 0.84885 0.045186
3 7 0.800989 0.086318 0.847314 0.037025 0.849018 0.046074 0.803958 0.094428 0.803879 0.093448 0.802176 0.08706
2 7 0.760826 0.097985 0.774071 0.089189 0.783014 0.085463 0.789827 0.082802 0.795363 0.082802 0.802176 0.08706 0.803879 0.093448 0.804305 0.09877 0.803879 0.105158 0.800899 0.114739 0.795789 0.128046 0.78855 0.138692 0.786484 0.140723 0.781953 0.133203 0.776328 0.124023
1 7 0.759125 0.0990996 0.749852 0.107283 0.744396 0.117511 0.744396 0.129104 0.747124 0.13865 0.753125 0.146151 0.765234 0.152637 0.770469 0.152637 0.778764 0.148197 0.786406 0.141016 0.782031 0.133203 0.77625 0.124219 0.761016 0.0980469
4 14 0.36355 0 0.373567 0 0.407227 0.026402 0.495266 0.087709 0.552872 0.124686 0.585138 0.143639 0.642254 0.168474 0.673727 0.184488 0.703894 0.202532 0.704446 0.203299 0.702764 0.210132 0.679226 0.196169 0.639518 0.175781 0.583415 0.152098 0.552142 0.133985 0.494245 0.0961517 0.403974 0.033783
3 14 0.702505 0.210203 0.704386 0.202565 0.727324 0.225285 0.73546 0.237671 0.739638 0.24663 0.742082 0.261906 0.739638 0.261906 0.734564 0.263636 0.734467 0.260143 0.733997 0.251918 0.732117 0.24428 0.727887 0.23723 0.723657 0.230767
1 14 0.729297 0.320703 0.729063 0.317676 0.756484 0.30293 0.763828 0.300488 0.769458 0.300813 0.771338 0.310801 0.771338 0.326077 0.769928 0.334303 0.768048 0.340766 0.760998 0.347228 0.753947 0.348404 0.745487 0.347816 0.737497 0.341353 0.732326 0.33019 0.729922 0.325391
2 14 0.726686 0.290238 0.727626 0.275549 0.731856 0.266736 0.734676 0.263799 0.739847 0.262036 0.744077 0.262036 0.749717 0.264386 0.757708 0.274374 0.761468 0.28025 0.764141 0.28623 0.769453 0.300879 0.763594 0.300293 0.756797 0.303125 0.732812 0.315723 0.728984 0.317578 0.727626 0.311976
4 22 0.000477291 0.152294 0.061098 0.163364 0.106872 0.168687 0.14413 0.170018 0.170033 0.166469 0.192775 0.165639 0.209065 0.166469 0.230356 0.173566 0.261606 0.190131 0.288392 0.208046 0.286244 0.214183 0.25834 0.197197 0.232466 0.183223 0.211113 0.176472 0.201191 0.174274 0.191896 0.174431 0.171548 0.176472 0.142911 0.177571 0.109752 0.177414 0.0549889 0.171134 0.000100482 0.1614
3 22 0.286024 0.214813 0.288644 0.207325 0.299127 0.213877 0.317098 0.226044 0.334321 0.240552 0.335238 0.24148 0.332823 0.243828 0.33217 0.248318 0.317847 0.236808 0.300625 0.223704
2 22 0.332074 0.248976 0.332823 0.243828 0.336193 0.240552 0.346301 0.23634 0.353415 0.234468 0.360903 0.234468 0.363898 0.235404 0.367109 0.236621 0.370859 0.23916 0.368828 0.245508 0.363516 0.263184 0.357812 0.276367 0.355625 0.282715 0.354063 0.28623 0.347424 0.280332 0.33769 0.265356 0.333197 0.255996
1 22 0.355547 0.282813 0.357812 0.276855 0.363281 0.26416 0.368828 0.245996 0.370938 0.23916 0.377907 0.243443 0.388848 0.252911 0.392635 0.261326 0.393897 0.27132 0.392635 0.282891 0.390531 0.289203 0.386323 0.293937 0.375383 0.296566 0.360655 0.290781 0.354344 0.286573
4 30 0.196523 1 0.301418 0.877769 0.385075 0.789453 0.432321 0.736355 0.464757 0.708784 0.467359 0.714747 0.435355 0.74394 0.389766 0.793991 0.306937 0.884745 0.206558 0.999023
3 30 0.464621 0.708473 0.480439 0.698287 0.490026 0.692895 0.513034 0.686903 0.514471 0.692895 0.515261 0.693772 0.500092 0.698287 0.486191 0.703081 0.467497 0.715064
2 30 0.513034 0.686903 0.513513 0.683907 0.519265 0.671325 0.529331 0.659941 0.539876 0.653949 0.540457 0.656221 0.546094 0.686816 0.549297 0.698145 0.552422 0.706738 0.542273 0.707275 0.534124 0.706676 0.526934 0.703081 0.518785 0.697688 0.514471 0.692895
1 30 0.540625 0.65752 0.539844 0.653809 0.543047 0.652051 0.549034 0.65019 0.557075 0.65019 0.56458 0.654211 0.570401 0.661708 0.573157 0.669623 0.573157 0.684365 0.569941 0.693746 0.563984 0.700586 0.5525 0.706445 0.549531 0.697852 0.546172 0.686719
4 37 0 0.550013 0.029694 0.563403 0.058082 0.580141 0.07415 0.596878 0.090754 0.618972 0.111038 0.649441 0.129723 0.685099 0.163751 0.747576 0.163878 0.748113 0.15986 0.752222 0.160087 0.752631 0.157769 0.750561 0.124239 0.690416 0.105995 0.655159 0.0884223 0.629136 0.0701782 0.60717 0.0539488 0.588142 0.029159 0.572776 0 0.560725
3 37 0.15986 0.752222 0.164208 0.747775 0.193658 0.801844 0.195425 0.80781 0.193317 0.810006 0.193317 0.812477
2 37 0.193317 0.810006 0.195689 0.807535 0.200433 0.806547 0.207944 0.809018 0.213874 0.811983 0.222177 0.816925 0.239967 0.825326 0.246688 0.828785 0.252734 0.835938 0.249531 0.837793 0.243438 0.842871 0.233594 0.85459 0.229063 0.861133 0.224219 0.866602 0.217037 0.853988 0.214665 0.850528 0.211107 0.842622 0.208735 0.835703 0.205968 0.830267 0.199642 0.822855 0.196875 0.817419 0.195293 0.814454 0.193317 0.812477
1 37 0.224375 0.86709 0.233281 0.855371 0.242422 0.843945 0.249375 0.837891 0.252882 0.83599 0.258513 0.842487 0.264577 0.85494 0.267176 0.869018 0.265444 0.879846 0.258513 0.886885 0.251583 0.888509 0.245952 0.887426 0.238588 0.882012 0.230792 0.874973 0.226484 0.87002
0 37 0.237812 0.865234 0.236406 0.866504 0.236563 0.869727 0.237188 0.870703 0.238359 0.871777 0.240547 0.871777 0.241719 0.871191 0.242188 0.86875 0.241094 0.866211 0.239609 0.865332
0 7 0.762177 0.11382 0.758728 0.113955 0.755065 0.117457 0.755927 0.121363 0.759806 0.121902 0.763254 0.125943 0.766272 0.12702 0.768858 0.125808 0.769289 0.122575 0.769289 0.117457 0.766487 0.114628 0.765302 0.11382
0 30 0.554948 0.661096 0.554275 0.664144 0.555957 0.665932 0.557471 0.666037 0.55848 0.66425 0.558817 0.662673 0.557976 0.660781 0.55663 0.659835 0.555621 0.660255
