2 6 0.540234 0.350586 0.542291 0.348502 0.548712 0.344853 0.553966 0.344123 0.560156 0.34541 0.56856 0.347889 0.576699 0.351882 0.581892 0.355546 0.584965 0.361753 0.584596 0.369512 0.583466 0.376441 0.581065 0.383713 0.577187 0.390985 0.564609 0.403027 0.56 0.405273 0.556562 0.399805 0.554844 0.393555 0.551719 0.383984 0.549375 0.374512 0.546094 0.367871 0.544063 0.361816 0.541641 0.356543 0.539062 0.351758
4 6 0.664145 0.318619 0.67651 0.314354 0.690763 0.305776 0.705017 0.295218 0.724021 0.280701 0.745665 0.266183 0.758863 0.254305 0.782618 0.233849 0.806902 0.216032 0.833297 0.195576 0.868536 0.16726 0.885666 0.153405 0.900276 0.138921 0.916398 0.123806 0.92597 0.112471 0.937054 0.097357 0.943603 0.0898 0.950656 0.079094 0.954183 0.071537 0.954183 0.06272 0.954687 0.041938 0.954183 0.016748 0.952672 0 0.959221 0 0.960229 0.021786 0.960229 0.03816 0.961236 0.046976 0.961236 0.053904 0.961236 0.06272 0.959725 0.070277 0.958717 0.075315 0.954687 0.084762 0.950153 0.092949 0.942595 0.103654 0.926474 0.124436 0.90078 0.148997 0.884658 0.163481 0.857956 0.185522 0.816645 0.21638 0.784905 0.239052 0.7577 0.263612 0.737044 0.281245 0.717899 0.29321 0.699762 0.305806 0.686159 0.315882 0.677595 0.321549 0.666227 0.326425
3 6 0.580659 0.354676 0.586726 0.352654 0.610397 0.340722 0.639166 0.326425 0.653043 0.322956 0.664145 0.318619 0.666227 0.326425 0.653043 0.329027 0.638472 0.333364 0.6128 0.346373 0.584695 0.361207 0.581892 0.355546
1 6 0.53875 0.351367 0.533117 0.359063 0.528918 0.364312 0.525863 0.370516 0.524336 0.376243 0.523954 0.386743 0.527009 0.398197 0.53159 0.404401 0.537699 0.408696 0.544953 0.409173 0.551444 0.408696 0.557934 0.405833 0.559844 0.405176 0.556875 0.400391 0.554766 0.393848 0.551641 0.384277 0.549375 0.374805 0.546406 0.368359 0.543906 0.361523 0.541719 0.356543
2 16 0.257141 0.474244 0.257567 0.484306 0.257567 0.491284 0.258845 0.497674 0.261401 0.504065 0.264383 0.508857 0.270127 0.512841 0.275 0.515332 0.278672 0.503418 0.282031 0.493652 0.284062 0.48623 0.288359 0.475586 0.291875 0.465918 0.288047 0.463574 0.284766 0.462012 0.280909 0.46082 0.272904 0.461463 0.265352 0.46488 0.258845 0.470516
4 16 0.187446 0.464394 0.169816 0.467051 0.140425 0.472471 0.105735 0.4803 0.0590946 0.494541 0 0.511443 0 0.520833 0.0610978 0.502888 0.106504 0.490577 0.141894 0.481395 0.169939 0.477013 0.187446 0.47311
3 16 0.187446 0.464394 0.206315 0.463368 0.228054 0.464394 0.246102 0.466957 0.259094 0.470301 0.258845 0.470516 0.257141 0.474244 0.257334 0.47879 0.244051 0.47311 0.227234 0.471059 0.205904 0.471059 0.187446 0.47311
1 16 0.291875 0.465625 0.296575 0.468122 0.301538 0.472417 0.304592 0.476235 0.307265 0.48053 0.308792 0.486257 0.309937 0.496757 0.309174 0.50487 0.306883 0.510597 0.303447 0.514415 0.298102 0.516801 0.293138 0.51871 0.284357 0.519187 0.275234 0.515625 0.275625 0.513379 0.276719 0.510254 0.278906 0.503027 0.282109 0.493652 0.284297 0.486035 0.288359 0.475
2 19 0.271627 0.592581 0.271145 0.605831 0.271627 0.613058 0.274999 0.619683 0.278854 0.624501 0.283672 0.628114 0.288008 0.629319 0.295717 0.628717 0.303426 0.627512 0.306719 0.624219 0.308726 0.620887 0.314141 0.599512 0.311135 0.598001 0.305835 0.595592 0.295717 0.594388 0.288008 0.593183 0.280781 0.591979 0.271627 0.587763
4 19 0.253529 0.694762 0.241465 0.719126 0.217808 0.768008 0.193723 0.814402 0.163972 0.871463 0.144895 0.910639 0.128316 0.952938 0.10731 1 0.117234 1 0.136492 0.95606 0.150118 0.920859 0.17192 0.877992 0.199173 0.824906 0.224644 0.773267 0.249162 0.722189 0.260912 0.698351
3 19 0.253529 0.694762 0.261732 0.67938 0.270346 0.657333 0.275678 0.64349 0.280837 0.625988 0.283672 0.628114 0.287146 0.629079 0.283062 0.644002 0.278139 0.658871 0.268295 0.682456 0.260912 0.698351
1 19 0.271627 0.587763 0.276927 0.573911 0.283672 0.565479 0.290417 0.559457 0.298608 0.55765 0.305353 0.558252 0.311617 0.564275 0.31499 0.572707 0.316435 0.582945 0.314219 0.599414 0.311135 0.598001 0.305835 0.595592 0.295717 0.594388 0.288008 0.593183 0.280781 0.591979
2 25 0.779267 0.592052 0.766168 0.589533 0.759115 0.590162 0.751558 0.593941 0.744505 0.602128 0.741482 0.607795 0.740978 0.612834 0.74249 0.62102 0.747024 0.630467 0.751558 0.636134 0.758107 0.641172 0.766168 0.645581 0.768184 0.636764 0.772718 0.627948 0.776244 0.624169 0.77826 0.619761 0.781282 0.611574 0.78229 0.604017 0.782794 0.592681
4 25 0.666211 0.606618 0.64652 0.61508 0.616832 0.629482 0.580496 0.64776 0.545047 0.6677 0.504723 0.690964 0.455517 0.719551 0.419479 0.739649 0.38455 0.761133 0.360156 0.774994 0.33687 0.785389 0.320237 0.789547 0.313584 0.79024 0.309149 0.79024 0.308594 0.79024 0.30804 0.786082 0.30804 0.781924 0.311921 0.778459 0.347958 0.763905 0.347958 0.762519 0.347958 0.76044 0.344632 0.758361 0.312915 0.770008 0.303761 0.774826 0.300388 0.781451 0.299424 0.789883 0.301833 0.794701 0.305688 0.79711 0.312433 0.798917 0.320142 0.798917 0.326405 0.796508 0.342305 0.790485 0.366877 0.779042 0.395786 0.763383 0.423249 0.745315 0.46083 0.724236 0.507565 0.69593 0.547555 0.674851 0.584655 0.65317 0.617418 0.636306 0.648735 0.620648 0.668539 0.613492
3 25 0.666211 0.606618 0.672873 0.602629 0.687646 0.598589 0.701496 0.598012 0.713037 0.599167 0.723655 0.600321 0.74248 0.605923 0.741482 0.607795 0.740988 0.612733 0.712114 0.605514 0.701034 0.60436 0.688108 0.605514 0.674258 0.608977 0.668539 0.613492
1 25 0.782794 0.592681 0.790855 0.59709 0.797404 0.605276 0.800427 0.615982 0.800931 0.627948 0.799923 0.633615 0.795893 0.641172 0.789343 0.64684 0.781797 0.64834 0.773828 0.647559 0.766168 0.645581 0.768184 0.636764 0.772718 0.627948 0.776244 0.624169 0.77826 0.619761 0.781282 0.611574 0.78229 0.604017
2 33 0.874776 0.433989 0.864493 0.440416 0.858166 0.447831 0.852629 0.458707 0.851838 0.467111 0.854606 0.476997 0.858561 0.481447 0.864889 0.48639 0.870425 0.488367 0.879521 0.488862 0.890595 0.488367 0.888222 0.479964 0.887431 0.471065 0.886641 0.461914 0.886328 0.456641 0.884141 0.450488 0.879917 0.445854 0.879126 0.44091 0.878335 0.432506
4 33 0.537434 0.40851 0.532846 0.409227 0.508918 0.404796 0.485876 0.399257 0.471253 0.397595 0.455481 0.397558 0.443304 0.398534 0.434502 0.400597 0.420059 0.406443 0.402866 0.414523 0.394064 0.420369 0.379209 0.428278 0.372194 0.433264 0.364492 0.439625 0.357752 0.443923 0.3506 0.448909 0.34221 0.456302 0.335057 0.463179 0.326942 0.470057 0.321865 0.473791 0.319647 0.480029 0.317429 0.482801 0.315212 0.482801 0.312994 0.47795 0.313548 0.473791 0.319652 0.467306 0.326805 0.458881 0.332719 0.453208 0.34276 0.445643 0.348399 0.441688 0.357064 0.435843 0.364079 0.429653 0.370406 0.424323 0.378521 0.418822 0.39874 0.408162 0.416213 0.398244 0.427715 0.393984 0.434958 0.391321 0.443478 0.389191 0.454128 0.389191 0.471594 0.389723 0.489487 0.392386 0.515474 0.398244 0.530405 0.402796 0.53159 0.404401 0.537434 0.40851 0.544953 0.409173 0.551444 0.408696 0.556497 0.406467 0.60476 0.42101 0.639689 0.432099 0.676281 0.447345 0.721744 0.457741 0.755564 0.464671 0.779602 0.469784 0.778594 0.478034 0.743366 0.470216 0.708437 0.463285 0.673509 0.45289 0.635808 0.439029 0.605869 0.429327 0.568722 0.418238 0.544953 0.409173
3 33 0.778594 0.478034 0.779602 0.469784 0.78479 0.470351 0.804438 0.47161 0.82459 0.470351 0.836178 0.469091 0.84575 0.467202 0.852152 0.463772 0.851838 0.467111 0.854287 0.475857 0.852803 0.476019 0.840208 0.477908 0.826101 0.479797 0.804942 0.479797 0.78479 0.478538
1 33 0.878335 0.432506 0.887035 0.430035 0.895736 0.431023 0.902855 0.435472 0.906809 0.439427 0.91116 0.445854 0.914323 0.456235 0.914719 0.462167 0.912741 0.470077 0.909973 0.477986 0.906018 0.48293 0.899295 0.485401 0.890595 0.488367 0.888222 0.479964 0.887431 0.471065 0.886797 0.462305 0.88625 0.456641 0.884453 0.450586 0.879917 0.445854 0.879126 0.44091
0 6 0.535184 0.369633 0.53418 0.372371 0.534545 0.374425 0.536279 0.377049 0.538652 0.37876 0.540751 0.378304 0.543124 0.376707 0.543672 0.373741 0.54285 0.369748 0.541025 0.367466 0.538195 0.367124 0.53637 0.36758
0 33 0.888123 0.443194 0.8875 0.446875 0.889658 0.451403 0.890596 0.453748 0.894093 0.454921 0.895202 0.454601 0.896396 0.453109 0.897163 0.447991 0.895543 0.444686 0.893155 0.443301 0.890681 0.442874 0.889743 0.442767
0 19 0.292812 0.580762 0.297187 0.580176 0.298672 0.579004 0.299141 0.576172 0.298594 0.573535 0.295469 0.57207 0.293828 0.57207 0.292266 0.572949 0.289844 0.575977 0.290234 0.579102 0.292812 0.580762 0.288984 0.586426 0.286641 0.585449 0.285391 0.585645 0.283906 0.586719 0.2825 0.589258 0.282734 0.59209 0.284453 0.592578 0.286328 0.593066 0.288047 0.59248 0.289297 0.588965 0.288984 0.586426
0 16 0.286353 0.498057 0.285326 0.500822 0.285326 0.504376 0.287696 0.505561 0.289987 0.506055 0.291962 0.505364 0.29291 0.504574 0.293067 0.502796 0.29291 0.499242 0.290856 0.497662 0.288881 0.497464
