4 6 0.792968 0.880735 0.793458 0.888702 0.815525 0.891569 0.842446 0.896946 0.882271 0.91221 0.909473 0.928419 0.925839 0.935239 0.938114 0.936091 0.975799 0.94031 1 0.934386 1 0.924157 0.974412 0.929729 0.942888 0.928419 0.924475 0.926714 0.906745 0.916485 0.89106 0.907108 0.872003 0.89764 0.852159 0.890875 0.813318 0.882388
3 6 0.729266 0.888089 0.72935 0.887913 0.72935 0.879455 0.76061 0.878897 0.792968 0.880735 0.793458 0.888702 0.76159 0.886863 0.740018 0.886863 0.729722 0.888089
1 6 0.687378 0.865798 0.689048 0.873311 0.691385 0.882802 0.693137 0.891564 0.696642 0.905435 0.698045 0.911642 0.689633 0.909816 0.681455 0.905435 0.676199 0.897404 0.67503 0.885723 0.677951 0.874771 0.68496 0.86674
2 6 0.6875 0.865527 0.702482 0.860169 0.714164 0.858709 0.723509 0.86382 0.727598 0.871851 0.72935 0.879152 0.72935 0.887913 0.724093 0.898865 0.710075 0.908356 0.698203 0.911523 0.696642 0.905435 0.693137 0.891564 0.691385 0.882802 0.689048 0.873311
4 12 0.283192 0.277393 0.281307 0.285052 0.327018 0.294301 0.400629 0.320372 0.42762 0.329573 0.449089 0.335707 0.475467 0.341075 0.500617 0.344909 0.531902 0.347209 0.581515 0.341211 0.651376 0.326817 0.679013 0.31722 0.688994 0.310503 0.702045 0.298988 0.729682 0.286513 0.752713 0.277876 0.777279 0.262522 0.804149 0.239491 0.799543 0.235653 0.76039 0.266361 0.736591 0.275957 0.716631 0.283634 0.7061 0.288202 0.696671 0.29419 0.688226 0.302826 0.685155 0.305705 0.68362 0.307624 0.67364 0.312422 0.669801 0.312422 0.637558 0.322019 0.582283 0.333534 0.53315 0.341211 0.496301 0.336413 0.449471 0.328736 0.391893 0.306665 0.316658 0.282674
3 12 0.214031 0.275625 0.215521 0.272522 0.214279 0.26683 0.263867 0.273269 0.283192 0.277393 0.281307 0.285052 0.246899 0.27975 0.21579 0.275625
1 12 0.173628 0.246339 0.172656 0.253125 0.172812 0.256641 0.173047 0.262305 0.173047 0.271289 0.173516 0.287012 0.175072 0.295996 0.17 0.295215 0.165683 0.293288 0.159688 0.288672 0.156293 0.284259 0.151959 0.277036 0.151959 0.266202 0.159182 0.253562 0.166405 0.248145
2 12 0.173628 0.246339 0.189518 0.245436 0.202519 0.251756 0.213354 0.262591 0.215521 0.272522 0.211187 0.28155 0.197463 0.293288 0.180128 0.296899 0.175072 0.295996 0.173672 0.287012 0.173047 0.271387 0.173281 0.262305 0.172812 0.256738 0.173047 0.25332
4 18 0.227034 0.307042 0.230413 0.316018 0.263927 0.29909 0.284552 0.285155 0.304061 0.264252 0.321899 0.237078 0.337506 0.203633 0.350885 0.168795 0.360361 0.115841 0.363478 0.097065 0.368132 0.0462654 0.371068 0.000469133 0.363664 0 0.359603 0.052662 0.35424 0.105335 0.346867 0.146295 0.342392 0.168167 0.333527 0.192035 0.324662 0.213345 0.314433 0.234656 0.301476 0.25341 0.287837 0.272163 0.277607 0.28154 0.257149 0.293474 0.247602 0.298588
3 18 0.166393 0.343748 0.188171 0.331331 0.227034 0.307042 0.230413 0.316018 0.207602 0.329747 0.183102 0.346116 0.172963 0.354036 0.168416 0.356878 0.168881 0.35204
1 18 0.127781 0.344372 0.131462 0.352806 0.132689 0.357407 0.134529 0.363541 0.138823 0.374276 0.140663 0.383478 0.140663 0.391145 0.132689 0.391912 0.125327 0.390379 0.12042 0.385778 0.117353 0.378877 0.116739 0.366608 0.119193 0.355874 0.123487 0.348206
2 18 0.127781 0.344372 0.148024 0.332103 0.155999 0.332103 0.1652 0.339771 0.168881 0.35204 0.16704 0.371209 0.16152 0.379644 0.146184 0.388845 0.140663 0.391145 0.140663 0.383478 0.138823 0.374276 0.134529 0.363541 0.132689 0.357407 0.131462 0.352806
4 25 0.018262 0.309603 0.018943 0.301079 0.020989 0.291702 0.026445 0.288292 0.031901 0.288292 0.038038 0.289145 0.042812 0.295112 0.046221 0.306193 0.040766 0.307046 0.037356 0.303636 0.035855 0.300226 0.031219 0.296817 0.027809 0.301079 0.027809 0.306193 0.030537 0.307898 0.042812 0.310455 0.057815 0.317275 0.06668 0.324094 0.078955 0.335176 0.108279 0.365011 0.117151 0.374833 0.117353 0.378877 0.12042 0.385778 0.125327 0.390379 0.132567 0.391887 0.151241 0.411894 0.182611 0.451106 0.220893 0.50708 0.245056 0.553914 0.237082 0.560815 0.22421 0.531234 0.214662 0.515038 0.181929 0.46645 0.143058 0.416157 0.101459 0.368421 0.060542 0.330061 0.040766 0.317275 0.027127 0.313865 0.020989 0.313013
3 25 0.237082 0.560815 0.245056 0.553914 0.273274 0.605288 0.286556 0.630524 0.28519 0.630524 0.276855 0.633588 0.276367 0.634588 0.265299 0.612189
1 25 0.271237 0.680428 0.280511 0.67807 0.284127 0.676891 0.289864 0.675516 0.297724 0.671193 0.305269 0.664512 0.310684 0.658715 0.314116 0.656876 0.318528 0.655651 0.32147 0.664843 0.322451 0.68139 0.319019 0.689969 0.312155 0.700387 0.305291 0.70529 0.300388 0.705903 0.295486 0.70529 0.290093 0.703452 0.2847 0.701 0.278326 0.694872 0.273914 0.687518
2 25 0.270972 0.675874 0.269991 0.661166 0.271462 0.644619 0.276855 0.633588 0.28519 0.630524 0.292054 0.630524 0.30382 0.636653 0.312645 0.645845 0.318528 0.655651 0.314116 0.656876 0.310684 0.658715 0.305469 0.664258 0.297969 0.671387 0.289844 0.675684 0.284297 0.676758 0.271328 0.680566
0 6 0.686484 0.887891 0.684922 0.889941 0.684609 0.893848 0.68625 0.895996 0.688438 0.896777 0.689844 0.896973 0.691328 0.895605 0.691563 0.894238 0.691484 0.892285 0.690859 0.88877 0.688984 0.887695 0.687812 0.887695
1 1 0.824132 0.413902 0.829358 0.416917 0.834718 0.418592 0.842758 0.419429 0.851201 0.416247 0.854417 0.412729 0.856025 0.409882 0.858035 0.402009 0.858035 0.392796 0.855221 0.382745 0.849325 0.37504 0.845572 0.37035 0.839408 0.377553 0.829224 0.391623 0.826008 0.399664 0.823998 0.405526 0.823194 0.410217
2 1 0.845757 0.370306 0.832842 0.355944 0.826276 0.352427 0.821988 0.352594 0.814349 0.353767 0.809525 0.356112 0.805505 0.359462 0.802289 0.367335 0.801351 0.375375 0.801217 0.380233 0.801485 0.384588 0.803093 0.387603 0.805505 0.392293 0.807515 0.396146 0.814081 0.404186 0.824028 0.414054 0.823365 0.410426 0.824111 0.405761 0.826184 0.399333 0.829833 0.390832 0.839205 0.377666
4 1 0.775417 0.305341 0.775813 0.311609 0.775813 0.319692 0.7803 0.329425 0.791649 0.342952 0.805506 0.359613 0.801943 0.367696 0.782543 0.344931 0.771986 0.327775 0.768687 0.322332 0.768819 0.305341 0.775417 0.305341 0.775681 0.305506 0.768555 0.304681 0.771326 0.289999 0.775813 0.276638 0.785315 0.2674 0.798907 0.260142 0.816855 0.260967 0.821738 0.265255 0.829128 0.273998 0.835726 0.281257 0.842061 0.295443 0.842853 0.306331 0.839685 0.320682 0.83599 0.334704 0.830712 0.350045 0.826753 0.354169 0.823717 0.351035 0.829128 0.342127 0.831899 0.323486 0.834803 0.316888 0.834407 0.303856 0.834803 0.296103 0.830712 0.286205 0.82253 0.277957 0.817911 0.273998 0.812368 0.270369 0.799831 0.273009 0.790593 0.274493 0.783203 0.280927 0.780036 0.288515 0.775681 0.305506
0 12 0.169219 0.257812 0.167813 0.260156 0.168281 0.262305 0.169453 0.264258 0.170938 0.264648 0.172812 0.264551 0.173828 0.26377 0.174687 0.261621 0.174687 0.260645 0.173984 0.258789 0.173359 0.257227 0.171719 0.257227 0.170547 0.257227
0 18 0.128828 0.357812 0.128828 0.360059 0.129844 0.362402 0.130078 0.362695 0.131719 0.363379 0.133672 0.362793 0.133672 0.359961 0.133672 0.358398 0.132891 0.355371 0.131328 0.35459 0.129766 0.355371
0 25 0.306797 0.666992 0.307656 0.667871 0.309141 0.668164 0.310156 0.668066 0.31125 0.667676 0.311797 0.665723 0.311719 0.664258 0.310937 0.662598 0.310156 0.662109 0.308516 0.662012 0.307266 0.663086 0.306797 0.665332 0.306797 0.666992 0.287578 0.688574 0.286641 0.687793 0.285312 0.687598 0.284062 0.687598 0.282812 0.688281 0.281953 0.689648 0.281719 0.69209 0.282969 0.693848 0.283828 0.694336 0.285781 0.694336 0.287734 0.693457 0.288203 0.692188 0.287969 0.689941 0.287578 0.688574
