4 5 0.211527 0.785136 0.22241 0.783899 0.224389 0.775861 0.227851 0.770914 0.232798 0.772769 0.234282 0.774624 0.231808 0.764113 0.227356 0.758548 0.22241 0.758548 0.217958 0.762876 0.213011 0.771533 0.212517 0.774624
3 5 0.255552 0.844495 0.262972 0.834602 0.256047 0.824708 0.244175 0.811105 0.23626 0.803685 0.230324 0.79812 0.226367 0.793174 0.22241 0.783899 0.211527 0.785136 0.216474 0.796884 0.224389 0.80554 0.235271 0.816052 0.244175 0.824708
1 5 0.298093 0.861808 0.282758 0.878503 0.27336 0.890251 0.267424 0.899526 0.26594 0.901999 0.269897 0.910037 0.277812 0.913129 0.286716 0.911274 0.295125 0.90509 0.300566 0.894579 0.301555 0.880976 0.301061 0.871701
2 5 0.260993 0.893342 0.255552 0.880976 0.253573 0.864899 0.255552 0.844495 0.261488 0.836457 0.27237 0.835838 0.282264 0.84264 0.290673 0.85006 0.298093 0.861808 0.282758 0.878503 0.27336 0.890251 0.267424 0.899526 0.26594 0.901999
4 10 0.400023 0.400121 0.408048 0.402481 0.41967 0.387724 0.431798 0.372564 0.440461 0.356681 0.447969 0.344409 0.456632 0.335745 0.474536 0.32636 0.483777 0.319863 0.495328 0.309756 0.505723 0.301815 0.534023 0.293152 0.55563 0.28888 0.590044 0.287376 0.603328 0.290264 0.624119 0.294596 0.651264 0.296761 0.665702 0.298927 0.685916 0.306868 0.732119 0.322029 0.786408 0.342243 0.803734 0.350906 0.832611 0.370398 0.843007 0.379783 0.857569 0.383133 0.888886 0.385299 0.890775 0.383603 0.890742 0.376741 0.858484 0.373545 0.841275 0.368232 0.822378 0.35235 0.790451 0.33358 0.758686 0.322029 0.716526 0.306146 0.673788 0.290986 0.657617 0.287376 0.638558 0.286654 0.61328 0.281482 0.585424 0.277269 0.559949 0.278674 0.533445 0.283045 0.499948 0.293874 0.48551 0.303981 0.473959 0.313366 0.458365 0.322029 0.445082 0.329248 0.436419 0.340799 0.425445 0.361735 0.411007 0.382671
3 10 0.359424 0.467392 0.367449 0.472703 0.36981 0.482734 0.37453 0.467392 0.383972 0.449099 0.396246 0.425495 0.408048 0.402481 0.400023 0.400121 0.38586 0.425495 0.37453 0.446148 0.368394 0.45618
1 10 0.326851 0.494536 0.335348 0.500437 0.341797 0.50459 0.348359 0.513477 0.363201 0.525811 0.359896 0.534073 0.351871 0.541744 0.348566 0.544694 0.338181 0.545874 0.333932 0.544104 0.326851 0.537023 0.323546 0.525221 0.322602 0.509289
2 10 0.326851 0.494536 0.332044 0.481554 0.338181 0.472703 0.345262 0.469162 0.352343 0.467982 0.359424 0.467392 0.367449 0.472703 0.370282 0.485095 0.36981 0.501617 0.365561 0.5205 0.363201 0.525811 0.348438 0.513574 0.342109 0.50459 0.335348 0.500437
4 15 0.306892 0.369174 0.317285 0.36302 0.335864 0.400312 0.353903 0.425461 0.363616 0.440204 0.374022 0.457549 0.389979 0.493106 0.408398 0.532294 0.426816 0.564531 0.499022 0.683832 0.57973 0.805869 0.604345 0.84237 0.608779 0.849059 0.611246 0.855835 0.610394 0.860461 0.60716 0.863483 0.605025 0.865131 0.600518 0.865307 0.595645 0.861797 0.590772 0.856016 0.581439 0.840167 0.557103 0.798415 0.55695 0.792682 0.5834 0.833197 0.596492 0.852791 0.60144 0.856883 0.604373 0.856738 0.605109 0.85441 0.600676 0.85097 0.574379 0.812366 0.536616 0.753505 0.497255 0.695712 0.420506 0.567688 0.403855 0.539069 0.371247 0.473159 0.347658 0.435868 0.32407 0.402046 0.312275 0.381233
3 15 0.269697 0.296697 0.28009 0.296697 0.286106 0.316526 0.297593 0.335671 0.30908 0.350713 0.317285 0.36302 0.306892 0.369174 0.290482 0.343192 0.276261 0.319945 0.271885 0.308321
1 15 0.251646 0.250887 0.265321 0.248836 0.278672 0.251953 0.294687 0.256738 0.294311 0.24405 0.291029 0.232426 0.282825 0.223537 0.27462 0.220803 0.266415 0.221486 0.260398 0.22764 0.253834 0.23858
2 15 0.251646 0.250985 0.253834 0.274232 0.25821 0.283804 0.26368 0.292009 0.269697 0.296795 0.28009 0.296795 0.287747 0.291326 0.293217 0.281753 0.295405 0.268078 0.295234 0.262109 0.294844 0.256641 0.278672 0.251953 0.265321 0.248934
4 21 0.806358 0.762522 0.812711 0.753859 0.835834 0.783779 0.855954 0.812397 0.866361 0.830609 0.87538 0.853157 0.887868 0.89305 0.893418 0.926005 0.897581 0.958093 0.900356 1 0.891337 1 0.889256 0.965898 0.882318 0.906059 0.864973 0.851423 0.846935 0.816734 0.819877 0.781177
3 21 0.753225 0.720651 0.760733 0.70549 0.774594 0.718485 0.797695 0.740143 0.812711 0.753859 0.806358 0.762522 0.783834 0.740865 0.764198 0.72426
0 21 0.725863 0.67193 0.720665 0.670486 0.720087 0.665432 0.723553 0.662545 0.728751 0.661823 0.734526 0.662545 0.736259 0.666876 0.734526 0.671208 0.731638 0.67193
1 21 0.741674 0.657843 0.731856 0.678779 0.72377 0.696827 0.719727 0.713432 0.709909 0.704768 0.705289 0.693218 0.702979 0.678057 0.706444 0.663619 0.713952 0.654234 0.722037 0.652068 0.732433 0.652068
2 21 0.719727 0.713432 0.731278 0.722817 0.742251 0.72426 0.753225 0.720651 0.760733 0.70549 0.760733 0.692496 0.756112 0.678779 0.749759 0.668672 0.741674 0.657843 0.731856 0.678779 0.72377 0.696827
0 10 0.345703 0.530566 0.343203 0.531055 0.341406 0.533105 0.341406 0.535352 0.343594 0.536133 0.346094 0.536035 0.348438 0.535547 0.349688 0.534473 0.350391 0.533105 0.350391 0.53125 0.348906 0.529687 0.347031 0.529883
0 15 0.283281 0.249707 0.281562 0.252051 0.281953 0.254297 0.283203 0.256348 0.284922 0.256445 0.286172 0.255762 0.286953 0.253809 0.286641 0.251465 0.285391 0.250098
