2 6 0.84122 0.844582 0.836182 0.846471 0.833159 0.85025 0.833159 0.854658 0.833663 0.860326 0.83064 0.867253 0.830136 0.8767 0.832151 0.884257 0.83593 0.895592 0.839708 0.903149 0.848273 0.892443 0.853311 0.887405 0.860364 0.883627 0.870944 0.879848 0.878501 0.8767 0.869937 0.857177 0.865402 0.85088 0.856838 0.848361 0.85054 0.847416 0.846258 0.845212
4 6 0.798852 0.785937 0.786126 0.763222 0.771035 0.738699 0.761122 0.723137 0.753041 0.706195 0.741694 0.678904 0.727877 0.643549 0.717237 0.620711 0.716543 0.605099 0.711686 0.59816 0.708216 0.592089 0.708499 0.582388 0.710645 0.57561 0.713767 0.571273 0.715155 0.564335 0.716543 0.557396 0.720706 0.552192 0.728338 0.550457 0.737359 0.550457 0.747767 0.558263 0.754011 0.566069 0.756093 0.573008 0.757481 0.587752 0.758868 0.605099 0.758174 0.615507 0.756093 0.628517 0.756511 0.636535 0.759685 0.644472 0.769209 0.654392 0.772201 0.659581 0.773178 0.665305 0.773641 0.672573 0.773641 0.683002 0.776422 0.699224 0.785692 0.717764 0.797743 0.728193 0.803305 0.735146 0.806086 0.751368 0.813502 0.766432 0.827407 0.769908 0.856144 0.781496 0.857071 0.786131 0.855644 0.786648 0.851341 0.786648 0.827059 0.775506 0.816302 0.772048 0.812921 0.771664 0.810769 0.770127 0.808003 0.767438 0.805237 0.761291 0.803085 0.755528 0.801548 0.748612 0.799397 0.738239 0.796938 0.734397 0.790176 0.727865 0.786795 0.724407 0.782799 0.720949 0.780033 0.717492 0.77696 0.711729 0.774501 0.705966 0.772964 0.698666 0.770505 0.686371 0.768046 0.671003 0.768046 0.667161 0.767431 0.662167 0.765587 0.657556 0.762514 0.654099 0.75483 0.646799 0.753293 0.641804 0.751756 0.637962 0.751449 0.628357 0.752371 0.611837 0.7536 0.601463 0.752371 0.587632 0.750219 0.576106 0.748068 0.570343 0.744379 0.565733 0.740998 0.561506 0.735773 0.558049 0.729626 0.556512 0.726552 0.556896 0.722557 0.558049 0.720713 0.564964 0.719483 0.570727 0.718254 0.574185 0.71641 0.57649 0.714565 0.579948 0.713336 0.583022 0.713336 0.586864 0.71518 0.590321 0.717024 0.592627 0.718561 0.596084 0.720098 0.599542 0.720713 0.604921 0.720713 0.608379 0.720713 0.612605 0.723344 0.618804 0.726064 0.623904 0.734979 0.644871 0.744915 0.67166 0.757917 0.701407 0.763025 0.713015 0.772544 0.728397 0.779393 0.74044 0.78125 0.742907 0.790653 0.757998 0.799089 0.774353 0.80367 0.780691
3 6 0.798852 0.785937 0.80367 0.780691 0.816913 0.799051 0.825103 0.813505 0.835703 0.835186 0.841147 0.844609 0.836182 0.846471 0.835433 0.847408 0.835221 0.847232 0.828958 0.834584 0.819803 0.818323 0.809685 0.800255
1 6 0.839708 0.903149 0.842731 0.910077 0.849784 0.914485 0.854319 0.916374 0.85986 0.917634 0.867418 0.917634 0.872456 0.915744 0.878501 0.910706 0.882532 0.90189 0.883539 0.892443 0.878501 0.8767 0.870944 0.879848 0.860364 0.883627 0.853311 0.887405 0.848273 0.892443
2 12 0.593381 0.802626 0.595228 0.811859 0.594305 0.81936 0.594305 0.825131 0.596613 0.830325 0.600306 0.835518 0.605384 0.840135 0.610924 0.842443 0.616464 0.843597 0.622927 0.841866 0.629852 0.837249 0.633545 0.832056 0.635853 0.823977 0.635392 0.814744 0.629852 0.80378 0.62385 0.795701 0.619695 0.787045 0.611386 0.789353 0.603999 0.795124 0.597074 0.799163
4 12 0.647751 0.904451 0.669083 0.924814 0.698919 0.9491 0.725979 0.968181 0.784957 1 0.796753 1 0.730836 0.963844 0.698225 0.941294 0.672552 0.920478 0.650809 0.897981
3 12 0.613211 0.84292 0.616464 0.843597 0.620074 0.84263 0.620074 0.853624 0.623218 0.861603 0.632216 0.87276 0.650809 0.897981 0.647751 0.904451 0.627465 0.87672 0.620074 0.867481 0.615323 0.860883 0.613211 0.850324
1 12 0.593381 0.802626 0.59165 0.7969 0.59165 0.791773 0.592881 0.786646 0.594931 0.781519 0.598213 0.776904 0.602315 0.775366 0.609698 0.775366 0.61421 0.778442 0.619695 0.787045 0.611386 0.789353 0.603999 0.795124 0.597074 0.799163
2 18 0.341347 0.438521 0.339216 0.423611 0.339216 0.412961 0.339642 0.407636 0.340068 0.402843 0.343051 0.396985 0.348163 0.39166 0.350719 0.38953 0.357535 0.388465 0.363073 0.39166 0.369889 0.399648 0.372445 0.406038 0.372445 0.415623 0.372853 0.435686 0.361755 0.441399 0.350658 0.442215 0.342921 0.444637
4 18 0.336686 0.32235 0.322333 0.272619 0.301558 0.198958 0.290447 0.154314 0.283153 0.102485 0.280129 0.058083 0.28251 0 0.288859 0 0.285685 0.059075 0.289653 0.100742 0.298034 0.152923 0.309624 0.198174 0.32937 0.271148 0.342237 0.320615
3 18 0.336686 0.32235 0.342237 0.320615 0.3464 0.335359 0.350564 0.349237 0.352645 0.356175 0.354727 0.365716 0.354727 0.388904 0.350719 0.38953 0.348669 0.391239 0.349176 0.38046 0.349176 0.364849 0.345707 0.350104 0.339462 0.33189
0 18 0.363992 0.441559 0.360303 0.442397 0.35762 0.44659 0.357285 0.450782 0.359632 0.454136 0.361309 0.454555 0.364998 0.454136 0.366675 0.451201 0.367346 0.447847 0.366675 0.443655
1 18 0.342506 0.444637 0.345906 0.451168 0.354221 0.457639 0.359762 0.458899 0.365304 0.457639 0.369839 0.452601 0.372861 0.447563 0.372853 0.435686 0.361755 0.441399 0.350658 0.442215
2 23 0.129649 0.2309 0.134183 0.247273 0.139725 0.258609 0.146778 0.268685 0.154335 0.275612 0.162396 0.278761 0.168946 0.279391 0.174991 0.275612 0.179525 0.268685 0.179525 0.251052 0.173984 0.235938 0.161892 0.216415 0.152824 0.210118 0.144763 0.209488 0.137206 0.209488 0.130153 0.215156 0.128137 0.223343
4 23 0.215972 0.326485 0.230341 0.336038 0.262088 0.350919 0.301771 0.368777 0.334311 0.378698 0.368439 0.390603 0.401832 0.404389 0.430669 0.411036 0.457052 0.420495 0.484313 0.428302 0.511298 0.434254 0.542509 0.432934 0.55464 0.430828 0.568883 0.428063 0.586366 0.43086 0.620572 0.439412 0.647938 0.44155 0.660765 0.447964 0.671027 0.460791 0.690696 0.478963 0.715496 0.500343 0.742006 0.521722 0.76253 0.532411 0.770226 0.53348 0.770226 0.528135 0.756544 0.52386 0.741151 0.51317 0.715496 0.491791 0.691551 0.471481 0.675303 0.457584 0.663331 0.442619 0.652213 0.436205 0.641951 0.434067 0.615441 0.429791 0.594917 0.425516 0.578669 0.420171 0.567552 0.420171 0.547028 0.423378 0.53078 0.425516 0.512822 0.426585 0.482891 0.420171 0.450394 0.41055 0.429169 0.403173 0.401225 0.398355 0.367498 0.385707 0.335699 0.374867 0.30149 0.363424 0.2615 0.345356 0.232592 0.330299 0.221225 0.320647
3 23 0.168712 0.279369 0.168946 0.279391 0.174991 0.275612 0.17521 0.275279 0.177444 0.278325 0.188535 0.29146 0.20488 0.308243 0.221225 0.320647 0.215972 0.326485 0.203713 0.316269 0.193789 0.307513 0.185033 0.298027 0.178028 0.29
0 23 0.13956 0.216747 0.134638 0.218797 0.133407 0.222387 0.134638 0.227514 0.138329 0.232128 0.1412 0.234179 0.144892 0.234692 0.150224 0.234692 0.154326 0.233154 0.155557 0.231616 0.155557 0.228539 0.154736 0.224437 0.151865 0.220336 0.148173 0.218285 0.144892 0.216234
2 32 0.478977 0.20399 0.483663 0.21038 0.489201 0.216238 0.494739 0.219965 0.500703 0.222628 0.506242 0.224225 0.510076 0.224225 0.515614 0.222628 0.519448 0.217303 0.521578 0.21038 0.52243 0.203457 0.52243 0.192807 0.52243 0.180027 0.519874 0.170974 0.51604 0.176832 0.510859 0.182031 0.503359 0.188379 0.497109 0.190625 0.490479 0.194405 0.484515 0.196535 0.477273 0.200262
4 32 0.5285 0.290095 0.532408 0.297705 0.536097 0.304832 0.542134 0.312378 0.547836 0.318247 0.552531 0.32244 0.55555 0.325374 0.562564 0.333632 0.565778 0.338542 0.566849 0.340773 0.567563 0.344791 0.567563 0.347469 0.565778 0.347915 0.562564 0.347915 0.557565 0.345237 0.553994 0.342113 0.548995 0.337203 0.544353 0.330507 0.538639 0.323365 0.53364 0.316224 0.529355 0.307743 0.527926 0.299708 0.526141 0.287657 0.525536 0.279164 0.530069 0.260429 0.530069 0.251948 0.529355 0.243913 0.527926 0.234986 0.525784 0.228737 0.524713 0.226505 0.52257 0.226505 0.521142 0.226505 0.520785 0.230523 0.52257 0.235433 0.524713 0.239004 0.525784 0.243021 0.526498 0.247931 0.526855 0.253733 0.525933 0.2573 0.524713 0.264 0.523798 0.269894 0.521856 0.275605 0.521499 0.280515 0.521499 0.288103 0.521499 0.295691 0.52257 0.303726 0.525784 0.31176 0.528998 0.319795 0.533283 0.328722 0.536497 0.334078 0.543638 0.343898 0.546495 0.347469 0.550066 0.350593 0.554708 0.353718 0.55935 0.354611 0.563635 0.354611 0.566849 0.354611 0.570063 0.353271 0.573634 0.35104 0.575419 0.345237 0.574705 0.339881 0.571848 0.334524 0.566135 0.326936 0.560779 0.322919 0.553994 0.316224 0.54828 0.309975 0.541496 0.303279 0.537568 0.296584 0.533479 0.288558 0.5285 0.290095 0.5285 0.290095 0.525536 0.279164 0.523798 0.269894 0.521535 0.256042 0.519126 0.245384 0.516193 0.237555 0.51393 0.231349 0.511479 0.228993 0.508379 0.224225 0.510076 0.224225 0.515614 0.222628 0.517312 0.220269 0.518999 0.227423 0.521597 0.23622 0.524969 0.250072 0.525933 0.2573 0.528342 0.267538 0.533479 0.288558 0.5285 0.290095
1 32 0.473439 0.178429 0.473865 0.169376 0.477699 0.160324 0.483663 0.153934 0.490053 0.151271 0.497721 0.150206 0.504112 0.152869 0.511354 0.156596 0.516466 0.162454 0.519874 0.170974 0.51604 0.176832 0.511094 0.181445 0.503125 0.188184 0.497188 0.19043 0.490479 0.194405 0.484515 0.196535 0.477273 0.200262 0.475143 0.194937 0.473439 0.186417
0 12 0.598672 0.793652 0.598984 0.795508 0.600859 0.797656 0.601719 0.797852 0.603047 0.797461 0.604297 0.796191 0.604141 0.794531 0.603594 0.792871 0.602656 0.791406 0.601484 0.791211 0.600547 0.791211 0.599766 0.791992
0 32 0.487258 0.17739 0.486546 0.18106 0.487347 0.183062 0.48966 0.184286 0.491262 0.183841 0.492152 0.181394 0.492241 0.179058 0.491173 0.175388 0.48886 0.175388 0.48797 0.17561
0 6 0.851875 0.889941 0.850156 0.892676 0.850391 0.896484 0.851641 0.899219 0.852891 0.900586 0.853438 0.900977 0.854375 0.901465 0.855937 0.90166 0.857422 0.90166 0.857891 0.900586 0.858516 0.899512 0.858672 0.89834 0.858672 0.896387 0.858594 0.894531 0.857344 0.892188 0.855859 0.889844 0.853828 0.889844 0.852656 0.889844
