4 5 0.546233 0.704335 0.546233 0.694109 0.584905 0.698757 0.612421 0.707124 0.654811 0.734082 0.708356 0.773126 0.813959 0.851212 0.897251 0.912566 0.917331 0.931158 0.954515 0.946032 0.967157 0.952539 0.974594 0.960905 0.979056 0.970201 0.979056 0.974849 0.962695 0.960905 0.945591 0.953469 0.921793 0.943243 0.909894 0.936736 0.895764 0.924651 0.843706 0.882819 0.755952 0.821465 0.668197 0.755463 0.61837 0.721068 0.599035 0.711772 0.564825 0.705265
3 5 0.470092 0.691317 0.468451 0.701574 0.510536 0.701546 0.546233 0.704335 0.546233 0.694109 0.506818 0.690391
1 5 0.423051 0.70636 0.430709 0.692001 0.438367 0.681745 0.438914 0.667387 0.429615 0.666703 0.420316 0.67354 0.414846 0.681745 0.413752 0.689266 0.41594 0.698839
2 5 0.438914 0.667387 0.452042 0.670122 0.460793 0.67354 0.467904 0.683796 0.470092 0.691317 0.468451 0.701574 0.46134 0.71183 0.450948 0.714565 0.434538 0.712513 0.423051 0.70636 0.430709 0.692001 0.438367 0.681745
4 10 0.480229 0.572404 0.489248 0.575873 0.516147 0.548087 0.538072 0.510241 0.570436 0.45021 0.593405 0.399314 0.613698 0.359105 0.637788 0.326178 0.665931 0.287059 0.692586 0.247932 0.699894 0.223137 0.697806 0.163106 0.686322 0.08089 0.683055 0.06443 0.676926 0.058704 0.668574 0.057399 0.661266 0.065229 0.658133 0.082195 0.660983 0.105274 0.665442 0.09916 0.664398 0.07567 0.66753 0.067839 0.674838 0.067839 0.680058 0.092635 0.690459 0.16075 0.691542 0.203561 0.689454 0.227052 0.68319 0.244017 0.667732 0.269891 0.626756 0.323926 0.607619 0.352069 0.596812 0.370081 0.573568 0.422805 0.5506 0.473701 0.525544 0.519376 0.500487 0.552002
3 10 0.415013 0.627907 0.421257 0.640915 0.449008 0.615766 0.469822 0.594952 0.489248 0.575873 0.480229 0.572404 0.455253 0.596687 0.431664 0.616633
1 10 0.381017 0.628774 0.389343 0.646119 0.396281 0.656526 0.409463 0.679074 0.398362 0.687746 0.385874 0.692082 0.375467 0.692082 0.367835 0.685144 0.362979 0.675605 0.360898 0.654791 0.371304 0.639181
2 10 0.381017 0.628774 0.39073 0.620969 0.401831 0.620969 0.415013 0.627907 0.421257 0.640915 0.422645 0.65826 0.417788 0.669534 0.409463 0.679074 0.396281 0.656526 0.389343 0.646119
4 15 0.846952 0.376443 0.847646 0.38685 0.890661 0.393788 0.938532 0.40246 0.973915 0.416336 1 0.430212 1 0.419805 0.960733 0.400726 0.933675 0.391186 0.877479 0.380779
3 15 0.789368 0.366036 0.788674 0.379912 0.8081 0.382514 0.830995 0.385983 0.847646 0.38685 0.846952 0.376443 0.816425 0.37124 0.799081 0.367771
1 15 0.760922 0.335683 0.75625 0.342578 0.753984 0.353613 0.755372 0.369505 0.756953 0.385742 0.758047 0.396973 0.747047 0.394655 0.735946 0.385115 0.73109 0.37124 0.730396 0.356497 0.735252 0.344355 0.748434 0.33655
2 15 0.760922 0.335683 0.772023 0.338285 0.781042 0.346957 0.789368 0.366036 0.788674 0.379912 0.783516 0.387402 0.775492 0.392053 0.768516 0.395508 0.758125 0.396582 0.755372 0.369505 0.754141 0.353516 0.755938 0.342969
4 20 0.21511 0.050929 0.215912 0.044919 0.22072 0.047924 0.24556 0.085986 0.252772 0.11303 0.258381 0.155099 0.265593 0.22321 0.289632 0.279302 0.315274 0.325378 0.335307 0.349417 0.352135 0.365443 0.391399 0.407512 0.435185 0.447989 0.455246 0.470972 0.472106 0.493647 0.471028 0.492379 0.465176 0.498068 0.448292 0.477627 0.431464 0.458596 0.401015 0.43055 0.364956 0.391486 0.324089 0.348415 0.30646 0.328383 0.27601 0.269286 0.260785 0.233227 0.255176 0.207184 0.250368 0.159106 0.24556 0.120042 0.242355 0.101011 0.235945 0.087989
3 20 0.51654 0.554145 0.523041 0.544392 0.512639 0.537078 0.497685 0.524887 0.482081 0.505382 0.471028 0.492379 0.465176 0.498068 0.48013 0.515948 0.492483 0.533014 0.508087 0.545205
1 20 0.526942 0.589904 0.539482 0.579959 0.554922 0.565693 0.565302 0.558208 0.573754 0.569586 0.577005 0.581777 0.576355 0.593967 0.571873 0.600937 0.565302 0.606158 0.559034 0.60849 0.550998 0.609409 0.544685 0.607546 0.539818 0.604714 0.531493 0.596406
2 20 0.523041 0.544392 0.51654 0.554145 0.51654 0.571212 0.520441 0.580964 0.526942 0.589904 0.53965 0.579749 0.554922 0.566322 0.565302 0.558208 0.551649 0.545205 0.540596 0.538703 0.530518 0.538297
4 26 0.575121 0.595328 0.576355 0.593967 0.576744 0.586679 0.588349 0.599373 0.598786 0.616495 0.604004 0.643402 0.596829 0.628726 0.583783 0.60345 0.575121 0.595328 0.522103 0.58325 0.598704 0.616294 0.604167 0.644023 0.607342 0.676258 0.610645 0.701664 0.612297 0.737233 0.614075 0.762957 0.615346 0.778201 0.614202 0.813612 0.612932 0.837271 0.603023 0.880939 0.593877 0.930164 0.585747 0.981771 0.583333 0.998603 0.589685 0.99892 0.597307 0.945408 0.606707 0.890943 0.61687 0.841241 0.620554 0.814564 0.620173 0.776137 0.618775 0.745649 0.615981 0.709762 0.612297 0.664666 0.610328 0.649283 0.606326 0.630109 0.598704 0.616294 0.522103 0.58325 0.518587 0.583588 0.483689 0.580333 0.467543 0.579031 0.434728 0.573822 0.405039 0.566009 0.39443 0.562368 0.396747 0.55368 0.430341 0.562368 0.456985 0.568884 0.501005 0.574676 0.518438 0.575958 0.520441 0.580964 0.522103 0.58325
3 26 0.320871 0.530511 0.32145 0.541372 0.333034 0.54644 0.351569 0.55006 0.378792 0.5573 0.39443 0.562368 0.396747 0.55368 0.367787 0.545716 0.347514 0.538476 0.329559 0.533407
1 26 0.280326 0.500103 0.282643 0.517479 0.283222 0.540648 0.286118 0.568884 0.275692 0.569608 0.26295 0.56454 0.251945 0.552956 0.248469 0.536303 0.251365 0.521823 0.258316 0.509515 0.265846 0.504447
2 26 0.280326 0.500103 0.295385 0.502999 0.310445 0.514583 0.320871 0.530511 0.32145 0.541372 0.310445 0.556576 0.295965 0.565988 0.286118 0.568884 0.283222 0.540648 0.282643 0.517479
4 30 0.123714 0.910638 0.132765 0.91586 0.145297 0.897585 0.146689 0.885401 0.139031 0.869737 0.12998 0.866256 0.118145 0.866256 0.108398 0.877569 0.091689 0.897585 0.085424 0.909768 0.084031 0.920211 0.08612 0.928914 0.088208 0.936746 0.088905 0.920211 0.095867 0.906287 0.117449 0.88279 0.125803 0.878439 0.132765 0.88018 0.136246 0.888882 0.132069 0.899325 0.123714 0.910638 0.123714 0.910638 0.10979 0.926303 0.095867 0.938486 0.086816 0.945448 0.079158 0.953281 0.086816 0.958502 0.100044 0.9498 0.119537 0.933265 0.132765 0.91586 0.123714 0.910638
2 30 0.05131 1 0.053398 0.978518 0.06036 0.962853 0.070803 0.955891 0.079158 0.953281 0.086816 0.958502 0.092386 0.968945 0.09517 0.984609 0.093778 0.995052 0.090993 1
1 1 0.558122 0.118475 0.558624 0.123622 0.560431 0.129145 0.563444 0.134291 0.568766 0.139312 0.576799 0.142074 0.581117 0.140065 0.585034 0.134166 0.587343 0.127262 0.585536 0.125379 0.577302 0.121613 0.566758 0.118224 0.560733 0.117973
2 1 0.55772 0.118099 0.561134 0.117597 0.566557 0.117848 0.577101 0.121488 0.585435 0.125756 0.587243 0.127011 0.590155 0.119354 0.592665 0.109061 0.593469 0.100651 0.592967 0.0914881 0.589553 0.0835802 0.58413 0.0771786 0.580716 0.0740405 0.574791 0.0755468 0.569971 0.0784338 0.566758 0.0820739 0.561737 0.0849609 0.558222 0.0906094 0.557419 0.0977642 0.556816 0.107053 0.55762 0.115463
0 1 0.56875 0.128516 0.56875 0.131348 0.569687 0.134082 0.572109 0.134863 0.57375 0.134668 0.575625 0.133691 0.576719 0.131348 0.576719 0.129102 0.574453 0.126465 0.571484 0.125488 0.569531 0.12627
3 1 0.578757 0.0734396 0.582337 0.0454062 0.585706 0.0172412 0.586232 0.0110554 0.592655 0.0127664 0.584232 0.0762035 0.580968 0.0735712
4 1 0.586016 0.0107422 0.588047 0.000878906 0.594922 0.000292969 0.592812 0.0128906
0 15 0.749609 0.372656 0.748594 0.377051 0.750703 0.379687 0.751953 0.380371 0.753594 0.380078 0.755 0.377832 0.755313 0.375977 0.755078 0.373535 0.753672 0.371777 0.751563 0.371582 0.750156 0.371777
0 26 0.272187 0.531348 0.271719 0.535449 0.273516 0.538184 0.275078 0.538184 0.276562 0.537695 0.277031 0.535937 0.276641 0.533594 0.276406 0.53125 0.274297 0.52998 0.273281 0.530469
