4 18 0.48227 0.038493 0.508202 0.004506 0.511756 0.008727 0.486139 0.0453686
3 18 0.438192 0.102812 0.44551 0.093891 0.458222 0.073707 0.47162 0.053953 0.48227 0.038493 0.486368 0.0452254 0.470102 0.0720022 0.442495 0.110234 0.441239 0.106621
0 18 0.399531 0.129941 0.399227 0.132223 0.399531 0.137926 0.401965 0.14515 0.404094 0.148953 0.407136 0.150474 0.411394 0.150854 0.415653 0.150474 0.419303 0.148192 0.419303 0.14477 0.417478 0.140968 0.415044 0.137926 0.412307 0.135264 0.409265 0.132603 0.405615 0.131082 0.403485 0.130322 0.40166 0.129941 0.400748 0.129561
1 18 0.395721 0.107891 0.391018 0.1152 0.385693 0.1256 0.383363 0.132255 0.383696 0.140991 0.38536 0.148063 0.388022 0.154302 0.39135 0.158462 0.394678 0.160958 0.398006 0.163038 0.401334 0.16387 0.404329 0.16387 0.409653 0.162622 0.416309 0.158878 0.421301 0.15555 0.424962 0.152222 0.428289 0.148063 0.429453 0.14707 0.426002 0.144078 0.419907 0.138365 0.416352 0.13519 0.411781 0.132016 0.407718 0.128207 0.404163 0.123128 0.401115 0.119319 0.398068 0.115509 0.396544 0.113605 0.395704 0.111919
2 18 0.395721 0.107891 0.408226 0.098368 0.422447 0.097733 0.430573 0.097733 0.435652 0.100273 0.438192 0.102812 0.441239 0.106621 0.441747 0.112335 0.441747 0.119319 0.439715 0.126302 0.437684 0.133286 0.435144 0.139 0.429453 0.14707 0.426002 0.144078 0.419907 0.138365 0.416352 0.13519 0.411781 0.132016 0.407718 0.128207 0.404163 0.123128 0.401115 0.119319 0.398068 0.115509 0.396544 0.113605 0.395704 0.111919
4 19 0.507555 0.39285 0.51278 0.435979 0.519392 0.470875 0.527105 0.502098 0.537758 0.544799 0.54841 0.596684 0.557523 0.622648 0.571985 0.653962 0.589462 0.682758 0.607988 0.704164 0.624641 0.71464 0.641919 0.720811 0.64521 0.716697 0.626287 0.707441 0.608856 0.692907 0.588053 0.669571 0.56885 0.628231 0.557648 0.59756 0.544313 0.537552 0.533111 0.493545 0.525644 0.458207 0.520843 0.436204 0.517643 0.415534 0.515509 0.398198 0.514165 0.390143
3 19 0.498009 0.324112 0.504567 0.325137 0.506701 0.338182 0.507779 0.345832 0.509109 0.358802 0.515058 0.393559 0.514771 0.393775 0.514165 0.390143 0.507842 0.392732 0.503795 0.366452 0.501925 0.347162 0.500329 0.333193
0 19 0.49801 0.268804 0.497762 0.272206 0.498505 0.274372 0.499742 0.276846 0.501227 0.278702 0.502712 0.27994 0.504444 0.280249 0.50764 0.27788 0.507661 0.274681 0.507661 0.270969 0.506919 0.269422 0.504691 0.268185 0.501969 0.267566 0.499495 0.267566
1 19 0.480795 0.272367 0.482509 0.263756 0.4874 0.258721 0.495391 0.255078 0.50236 0.255844 0.506388 0.257642 0.510415 0.260519 0.513203 0.262891 0.516016 0.26709 0.517422 0.270801 0.51875 0.276953 0.515223 0.276978 0.511944 0.278002 0.508828 0.27959 0.505078 0.281641 0.500391 0.280176 0.496172 0.274512 0.493091 0.272879 0.490222 0.272879 0.488992 0.272879 0.48625 0.272656 0.483281 0.272852
2 19 0.480795 0.272367 0.479975 0.287224 0.482434 0.302594 0.484074 0.309254 0.486533 0.315402 0.489812 0.318989 0.492681 0.32155 0.498009 0.324112 0.504567 0.325137 0.508281 0.323828 0.513994 0.318989 0.517683 0.312328 0.519732 0.305668 0.520234 0.296289 0.519688 0.287305 0.518828 0.277051 0.515223 0.276978 0.511944 0.278002 0.508828 0.279687 0.505078 0.281641 0.500469 0.27998 0.496094 0.274414 0.493091 0.272879 0.490222 0.272879 0.488992 0.272879 0.486172 0.272656 0.483125 0.272852
4 20 0.281221 0.36281 0.289545 0.34189 0.301939 0.311355 0.314417 0.284705 0.325521 0.262498 0.330407 0.252504 0.335737 0.239735 0.339734 0.225855 0.347439 0.197025 0.347972 0.180356 0.35177 0.16477 0.353972 0.156683 0.359174 0.143684 0.368242 0.129015 0.373576 0.121681 0.377843 0.11368 0.383711 0.095677 0.394878 0.066297 0.40238 0.047004 0.410914 0.023 0.419982 0 0.425316 0 0.414648 0.029001 0.404514 0.055005 0.401313 0.06634 0.397046 0.078341 0.394379 0.086343 0.388511 0.098344 0.384557 0.107012 0.381484 0.115332 0.377124 0.125841 0.373077 0.133291 0.366641 0.143684 0.361307 0.151019 0.359174 0.155686 0.358107 0.16102 0.356507 0.169688 0.353897 0.181686 0.352675 0.197503 0.345901 0.224569 0.33835 0.248442 0.322805 0.280643 0.311701 0.306182 0.306815 0.317286 0.302818 0.32839 0.298821 0.337828 0.296156 0.346156 0.292846 0.353677 0.290302 0.359784 0.286384 0.367808
3 20 0.257685 0.423919 0.263302 0.407043 0.2696 0.391386 0.276211 0.375337 0.281221 0.36281 0.285941 0.367379 0.278403 0.387863 0.274645 0.396866 0.271827 0.403912 0.269322 0.409001 0.266503 0.415264 0.264624 0.420744 0.26299 0.428131 0.260744 0.425323
0 20 0.238828 0.474121 0.238062 0.476902 0.238062 0.480532 0.239352 0.482549 0.241288 0.483355 0.242902 0.484162 0.244838 0.484162 0.247096 0.483759 0.249678 0.481742 0.250646 0.479725 0.249032 0.477305 0.247742 0.476095 0.247096 0.475289 0.24516 0.474482 0.24387 0.474079 0.241611 0.472869 0.24032 0.472465
1 20 0.226406 0.461523 0.225362 0.467445 0.225923 0.477273 0.22817 0.484294 0.232663 0.48991 0.237717 0.492016 0.24221 0.492718 0.246703 0.492016 0.252881 0.487102 0.255689 0.484294 0.259059 0.477975 0.256251 0.477975 0.247827 0.473061 0.240156 0.470313 0.234219 0.465918
2 20 0.254004 0.424621 0.248388 0.426727 0.240525 0.432343 0.236032 0.43796 0.232101 0.444278 0.229141 0.451953 0.226484 0.461426 0.233906 0.465723 0.240156 0.470215 0.247827 0.473061 0.256251 0.477975 0.259059 0.477975 0.261867 0.469551 0.264675 0.462531 0.265799 0.456212 0.26636 0.44849 0.266922 0.439364 0.26636 0.433747 0.26299 0.428131 0.260744 0.425323 0.257685 0.423919
4 26 0.075369 0.684374 0.061948 0.691705 0.048631 0.696461 0.036836 0.700266 0.027324 0.703595 0.018953 0.706924 0.004114 0.71168 0 0.712631 0 0.721192 0.023041 0.714402 0.0442601 0.706364 0.0586205 0.700604 0.0772677 0.6927
3 26 0.130457 0.665156 0.117054 0.669226 0.102513 0.673468 0.094273 0.676497 0.079731 0.682556 0.077793 0.683162 0.075369 0.684374 0.0771605 0.692566 0.091849 0.686191 0.102028 0.683162 0.112207 0.679527 0.120932 0.677103 0.129 0.673122 0.132342 0.670651
2 26 0.141135 0.636107 0.13925 0.643958 0.134854 0.649454 0.130457 0.658875 0.130457 0.665156 0.132342 0.670651 0.136738 0.676932 0.141763 0.680072 0.148043 0.683213 0.153696 0.683998 0.161233 0.683998 0.166885 0.680857 0.170026 0.673792 0.166257 0.65966 0.164373 0.653379 0.161861 0.648669 0.159349 0.643958 0.156208 0.640818 0.151812 0.636892 0.148043 0.635322 0.143647 0.634537
4 37 0.440457 0.631841 0.422681 0.629936 0.404905 0.628032 0.385605 0.628032 0.373415 0.628032 0.359702 0.628032 0.343958 0.629936 0.317547 0.633111 0.302818 0.63692 0.291644 0.640094 0.279455 0.643903 0.267266 0.648982 0.258631 0.654696 0.250505 0.66041 0.243395 0.666759 0.239839 0.676282 0.239839 0.687074 0.240347 0.692788 0.245934 0.704216 0.251013 0.712469 0.258631 0.725801 0.271329 0.738499 0.277931 0.743645 0.287581 0.749926 0.294692 0.757545 0.301802 0.764528 0.309421 0.772147 0.319071 0.778495 0.328721 0.786114 0.336339 0.791828 0.344973 0.799446 0.353608 0.806429 0.357671 0.808969 0.356655 0.810239 0.355131 0.811508 0.3531 0.813413 0.341418 0.817857 0.332276 0.819762 0.319579 0.822301 0.312976 0.823571 0.261171 0.837538 0.24441 0.841982 0.22765 0.847061 0.219016 0.85087 0.221555 0.855949 0.222063 0.855949 0.229174 0.855314 0.242887 0.852775 0.251521 0.8496 0.258631 0.848331 0.264218 0.846426 0.271329 0.845156 0.280471 0.841982 0.288597 0.838808 0.293676 0.838173 0.30231 0.836268 0.312976 0.834999 0.323134 0.832459 0.335831 0.829285 0.344465 0.82611 0.355131 0.822301 0.366305 0.815952 0.368336 0.810874 0.366813 0.803255 0.360718 0.798176 0.3531 0.791828 0.345989 0.788018 0.3338 0.78167 0.325673 0.775321 0.317039 0.767703 0.308405 0.760084 0.303326 0.755005 0.298755 0.750561 0.277931 0.73215 0.271329 0.722627 0.261757 0.710998 0.253552 0.693423 0.252029 0.684535 0.254568 0.674377 0.259139 0.667394 0.266758 0.66168 0.269297 0.659775 0.284026 0.652792 0.291644 0.649617 0.300787 0.647078 0.3145 0.643903 0.324658 0.641999 0.335323 0.641364 0.368336 0.63819 0.390684 0.63819 0.404397 0.63819 0.414047 0.63819 0.43995 0.638824
3 37 0.510386 0.643038 0.488199 0.638824 0.464836 0.635015 0.449092 0.633111 0.440457 0.631841 0.43995 0.638824 0.47601 0.646443 0.493786 0.650252 0.509758 0.655599 0.50913 0.649318
1 37 0.550312 0.635156 0.554688 0.637988 0.558213 0.640665 0.56248 0.645999 0.56408 0.652667 0.56408 0.658001 0.563013 0.665336 0.560346 0.670003 0.556079 0.675337 0.552879 0.677337 0.551278 0.678004 0.542031 0.67959 0.536094 0.678613 0.539277 0.664235 0.540533 0.659525 0.542418 0.656384 0.544302 0.650889 0.547442 0.643823
2 37 0.545558 0.633617 0.54179 0.632047 0.532997 0.628906 0.524832 0.628121 0.519688 0.630176 0.516039 0.633617 0.512898 0.639112 0.510386 0.643038 0.50913 0.649318 0.509758 0.655599 0.51227 0.66188 0.516667 0.668161 0.519179 0.672086 0.52546 0.675226 0.53 0.677539 0.536328 0.678809 0.536765 0.676012 0.539277 0.664235 0.540533 0.659525 0.542418 0.656384 0.544302 0.650889 0.547442 0.643823 0.550234 0.635449
4 43 0.855207 0.377422 0.841508 0.367112 0.83426 0.362849 0.821044 0.35752 0.811665 0.352723 0.803992 0.347927 0.795039 0.343664 0.787365 0.341 0.775854 0.338868 0.76477 0.338868 0.755391 0.338868 0.744307 0.341533 0.729812 0.34473 0.710627 0.347394 0.701248 0.350059 0.681638 0.353256 0.662453 0.35752 0.644121 0.362849 0.627858 0.369141 0.610442 0.376704 0.598932 0.380967 0.5887 0.386296 0.578468 0.392158 0.570368 0.396954 0.556726 0.406546 0.545215 0.415073 0.53541 0.419869 0.527736 0.424132 0.523473 0.426797 0.513241 0.430527 0.505994 0.430527 0.496188 0.430527 0.48212 0.432126 0.46592 0.43479 0.45313 0.437455 0.441193 0.441185 0.43224 0.445448 0.424993 0.44758 0.426698 0.441718 0.433093 0.435856 0.439061 0.432658 0.44503 0.43106 0.451851 0.429994 0.464214 0.429461 0.476151 0.427862 0.494057 0.425731 0.504715 0.424665 0.516652 0.420935 0.52731 0.417204 0.534984 0.413474 0.544363 0.407612 0.553315 0.400684 0.555873 0.39802 0.559284 0.395355 0.566531 0.391092 0.584437 0.379901 0.5968 0.373507 0.606605 0.368178 0.619395 0.363381 0.627069 0.36125 0.647958 0.354855 0.662453 0.350592 0.671832 0.34846 0.684196 0.345796 0.722138 0.337802 0.744307 0.333006 0.76136 0.331407 0.777133 0.329276 0.790983 0.33118 0.812944 0.342598 0.833408 0.352723 0.845345 0.359118 0.860769 0.370469
3 43 0.855207 0.377422 0.860769 0.370469 0.86865 0.376263 0.871894 0.380898 0.875603 0.385534 0.87792 0.388431 0.887191 0.401179 0.893681 0.413926 0.905269 0.434044 0.901236 0.436335 0.898095 0.441046 0.892754 0.429571 0.882092 0.408132 0.878848 0.402882 0.870504 0.390725 0.863087 0.382637
1 43 0.905004 0.481871 0.908665 0.490495 0.911448 0.496211 0.917565 0.500713 0.923873 0.503417 0.931383 0.503068 0.936894 0.500932 0.940804 0.496002 0.944573 0.488151 0.944573 0.481871 0.944573 0.47402 0.941244 0.462263 0.936723 0.452261 0.932421 0.456204 0.927451 0.45931 0.925066 0.462664 0.920096 0.465895 0.916915 0.470243 0.915524 0.47484 0.911846 0.479065
2 43 0.901236 0.436335 0.898095 0.441046 0.896839 0.445757 0.896211 0.452037 0.896839 0.461458 0.899351 0.468524 0.902492 0.474805 0.905004 0.481871 0.911647 0.479065 0.915722 0.474965 0.916716 0.470368 0.920493 0.465895 0.925165 0.46254 0.927451 0.459186 0.93252 0.45608 0.936993 0.451979 0.928243 0.438691 0.923218 0.43398 0.913797 0.43241 0.908144 0.43241
4 50 0.866207 0.440304 0.882904 0.42615 0.904768 0.401709 0.937557 0.36105 0.96672 0.324038 0.975385 0.306345 0.979057 0.267545 0.980938 0.242015 0.986065 0.162785 0.992316 0.165638 0.988074 0.238481 0.982466 0.309618 0.976858 0.323562 0.97055 0.334485 0.940134 0.37083 0.914077 0.403412 0.889305 0.434818 0.873272 0.449088
3 50 0.814152 0.440695 0.814753 0.453631 0.818462 0.46464 0.822634 0.472173 0.828196 0.474676 0.836577 0.474769 0.843067 0.472638 0.854655 0.465685 0.86554 0.456854 0.873272 0.449088 0.866207 0.440304 0.861108 0.44378 0.856009 0.448416 0.849519 0.453051 0.84442 0.457687 0.837467 0.461163 0.831541 0.46067 0.825672 0.457452 0.824125 0.440695 0.819851 0.440695
0 50 0.801118 0.372854 0.800265 0.376585 0.800265 0.380315 0.800265 0.382447 0.802823 0.383512 0.804529 0.383512 0.807087 0.382447 0.809218 0.380848 0.810071 0.376052 0.809645 0.37392 0.808366 0.372854 0.807087 0.372321 0.804955 0.371789 0.804529 0.371789 0.802823 0.371789
1 50 0.791357 0.391721 0.794207 0.376583 0.802755 0.365898 0.810591 0.362336 0.818426 0.362336 0.824125 0.366788 0.827687 0.372131 0.829112 0.380145 0.830536 0.387269 0.828399 0.385488 0.820469 0.384961 0.81875 0.384863 0.816289 0.384597 0.815577 0.384597 0.807741 0.387269 0.797056 0.39083
2 50 0.791357 0.391721 0.791357 0.404187 0.794207 0.420215 0.797768 0.428229 0.803467 0.435352 0.808454 0.438914 0.814152 0.440695 0.819851 0.440695 0.824125 0.440695 0.828399 0.436243 0.831249 0.4309 0.833386 0.422886 0.833386 0.415763 0.833386 0.406858 0.833386 0.395282 0.830536 0.387269 0.828399 0.385488 0.822656 0.385059 0.820234 0.384766 0.816289 0.384597 0.815577 0.384597 0.807741 0.387269 0.797056 0.39083
2 32 0.52066 0.864462 0.51532 0.871972 0.509979 0.881151 0.507309 0.888661 0.505974 0.896171 0.503971 0.906184 0.502636 0.914529 0.502636 0.922039 0.505307 0.926211 0.509979 0.927046 0.526001 0.92037 0.532009 0.916198 0.540687 0.908688 0.546172 0.901367 0.548281 0.897949 0.542022 0.891999 0.538685 0.889495 0.535347 0.884489 0.532009 0.877813 0.528004 0.871138 0.524844 0.867969
4 32 0.470523 0.980334 0.465885 0.976234 0.443555 1 0.453959 1
1 32 0.52066 0.864462 0.526484 0.85791 0.532152 0.851853 0.538281 0.850781 0.544954 0.851187 0.550288 0.853854 0.553489 0.858521 0.556156 0.864522 0.556797 0.868652 0.556156 0.87519 0.554022 0.884525 0.551016 0.892871 0.548359 0.897656 0.546875 0.896387 0.542022 0.891999 0.538685 0.889495 0.535347 0.884489 0.532009 0.877813 0.528004 0.871138 0.524844 0.868066
3 32 0.502636 0.922039 0.496317 0.929473 0.492608 0.936426 0.490291 0.941061 0.487973 0.945697 0.484252 0.950911 0.478702 0.958444 0.473001 0.966572 0.465885 0.976234 0.470523 0.980334 0.476795 0.971831 0.482533 0.964118 0.489211 0.954412 0.49208 0.949289 0.498228 0.939042 0.500687 0.934431 0.505307 0.926211
0 32 0.540224 0.875485 0.538814 0.876729 0.538565 0.879632 0.539726 0.882016 0.541716 0.882327 0.543209 0.881394 0.543624 0.879321 0.543292 0.876729 0.541965 0.875174
