2 6 0.349569 0.610197 0.340545 0.611229 0.333711 0.607752 0.326295 0.597902 0.322586 0.58921 0.325368 0.582837 0.332321 0.575883 0.340665 0.56951 0.350399 0.564295 0.35967 0.561398 0.361988 0.56951 0.364305 0.577042 0.364305 0.583416 0.362915 0.592108 0.359206 0.60022 0.354571 0.606014
4 6 0.385412 0.677618 0.393722 0.669459 0.410316 0.696744 0.430399 0.723386 0.461139 0.759761 0.483681 0.782303 0.502535 0.793062 0.508137 0.79699 0.51292 0.800917 0.516129 0.805699 0.51852 0.810481 0.519339 0.820216 0.5177 0.826876 0.511552 0.833024 0.505814 0.834049 0.499256 0.831999 0.494748 0.829438 0.485731 0.818166 0.477533 0.79921 0.467697 0.785377 0.439006 0.747465 0.416691 0.723164 0.387821 0.688187 0.384268 0.682079 0.386044 0.679303 0.391374 0.680414 0.40692 0.703177 0.481093 0.795339 0.487395 0.804901 0.493315 0.815753 0.497971 0.820514 0.503851 0.822758 0.508409 0.821623 0.510284 0.817726 0.508577 0.813176 0.506219 0.808625 0.501345 0.804506 0.495683 0.802434 0.48779 0.798981 0.481081 0.795726 0.406863 0.703223 0.391307 0.680708 0.385849 0.679344 0.385576 0.677979
3 6 0.346882 0.610504 0.349569 0.610197 0.354571 0.606014 0.355279 0.605129 0.365175 0.622676 0.393722 0.669459 0.385412 0.677618 0.377199 0.661756 0.356242 0.625683
0 6 0.340071 0.568962 0.338044 0.568962 0.336017 0.569913 0.335004 0.57213 0.335004 0.573713 0.335764 0.575613 0.337031 0.57688 0.339311 0.577197 0.341085 0.576247 0.342098 0.574663 0.342352 0.572763 0.341845 0.570229
1 6 0.322586 0.58921 0.325368 0.582837 0.332321 0.575883 0.340665 0.56951 0.350399 0.564295 0.35967 0.561398 0.356206 0.552799 0.348977 0.544238 0.337182 0.539482 0.325767 0.543287 0.319299 0.549946 0.316636 0.558507 0.317016 0.571348 0.31968 0.583238
2 15 0.235206 0.818213 0.230152 0.825935 0.227905 0.836466 0.229028 0.845592 0.23296 0.855421 0.235994 0.864031 0.245316 0.861037 0.254863 0.857527 0.262726 0.854017 0.270589 0.845592 0.267175 0.83356 0.262014 0.823679 0.255866 0.818555 0.248899 0.815481 0.243161 0.814457 0.239062 0.815994
4 15 0.204306 0.742255 0.210696 0.739148 0.203198 0.715957 0.190964 0.680934 0.171461 0.610837 0.165511 0.579147 0.1637 0.547457 0.162666 0.490221 0.163959 0.450124 0.166805 0.402913 0.17172 0.295232 0.180774 0.228296 0.190087 0.133873 0.190087 0.0860151 0.174565 0.040744 0.157233 0.00937759 0.14912 0 0.138418 0 0.15358 0.021125 0.166957 0.046766 0.175876 0.069062 0.180335 0.094703 0.17766 0.140411 0.168741 0.219564 0.160714 0.289798 0.154905 0.424902 0.15387 0.463706 0.152577 0.526438 0.154646 0.567506 0.158009 0.596609 0.16577 0.631532 0.178446 0.67745 0.197072 0.727895
3 15 0.204306 0.742255 0.210696 0.739148 0.223123 0.770214 0.232709 0.796842 0.238634 0.81624 0.235206 0.818213 0.233244 0.82121 0.212472 0.763557
0 15 0.242923 0.833734 0.242461 0.832578 0.24169 0.831615 0.240766 0.831615 0.239533 0.832578 0.238917 0.833734 0.238762 0.83489 0.239071 0.83643 0.239995 0.837008 0.241074 0.837008 0.242152 0.83643 0.242949 0.835082 0.242923 0.833734 0.243377 0.832911 0.244136 0.83481 0.245466 0.835522 0.247555 0.835285 0.257344 0.854395 0.256641 0.855273 0.256094 0.856348 0.255703 0.858301 0.256875 0.860645 0.258437 0.860938 0.259766 0.860645 0.260313 0.859668 0.261016 0.858301 0.26125 0.856152 0.260469 0.854297 0.258281 0.854297 0.257344 0.854395 0.247555 0.835285 0.248694 0.834335 0.249264 0.832436 0.249264 0.829825 0.248504 0.828638 0.246985 0.828163 0.245276 0.828638 0.243823 0.830222 0.243377 0.832911
1 15 0.235908 0.863923 0.245316 0.861037 0.254863 0.857527 0.262726 0.854017 0.270589 0.845592 0.273466 0.856392 0.27391 0.86583 0.27391 0.875269 0.271245 0.880821 0.265471 0.884707 0.258217 0.886211 0.252147 0.885262 0.246373 0.881376 0.241043 0.874158 0.237934 0.868606
2 21 0.461685 0.216477 0.455195 0.222271 0.448242 0.229804 0.443607 0.240813 0.443143 0.25414 0.44407 0.259355 0.453341 0.259934 0.463075 0.257037 0.475156 0.252539 0.488281 0.245996 0.481876 0.230912 0.475128 0.220533 0.470029 0.215897 0.465393 0.214738
4 21 0.453209 0.132133 0.463883 0.132874 0.470406 0.105448 0.472185 0.075057 0.473114 0.0399423 0.474557 0 0.459732 0 0.462104 0.049855 0.461511 0.074316 0.459139 0.100259 0.454988 0.122496
3 21 0.453209 0.132133 0.463883 0.132874 0.46329 0.147699 0.46329 0.169936 0.465662 0.192914 0.466819 0.215095 0.465393 0.214738 0.461685 0.216477 0.458993 0.21888 0.454395 0.172901
1 21 0.44407 0.259355 0.453341 0.259934 0.463075 0.257037 0.474844 0.252637 0.488594 0.246094 0.489979 0.250635 0.491258 0.263002 0.490425 0.270943 0.488529 0.278674 0.484008 0.286457 0.480251 0.289725 0.475128 0.291223 0.468638 0.290644 0.462148 0.287747 0.454268 0.281373 0.448706 0.273841 0.444534 0.266308
2 27 0.490634 0.424014 0.488271 0.427926 0.485363 0.434767 0.484817 0.442038 0.487928 0.454761 0.492572 0.463244 0.49645 0.468697 0.503721 0.466273 0.510991 0.462032 0.518516 0.456934 0.527813 0.449707 0.52222 0.432343 0.518262 0.425073 0.514384 0.422043 0.506629 0.41962 0.499358 0.41962 0.495057 0.421338
4 27 0.470776 0.342071 0.475855 0.341436 0.461945 0.303353 0.448706 0.273841 0.444534 0.266308 0.44407 0.259355 0.437632 0.239606 0.421989 0.209305 0.411312 0.177902 0.401263 0.144928 0.39247 0.122945 0.378652 0.097037 0.363037 0.07584 0.334687 0.042866 0.314589 0.025594 0.294491 0.016958 0.281301 0.016958 0.274393 0.020098 0.271252 0.030305 0.272508 0.042866 0.280673 0.057783 0.316473 0.102533 0.366719 0.16534 0.398123 0.203024 0.406288 0.206165 0.408172 0.203024 0.385561 0.149638 0.376768 0.130011 0.371744 0.12216 0.369231 0.122945 0.368603 0.130011 0.379909 0.156704 0.391842 0.179472 0.375512 0.157489 0.336572 0.112739 0.30454 0.07584 0.289466 0.054642 0.286954 0.043651 0.286954 0.035015 0.287582 0.030305 0.294491 0.030305 0.30454 0.03423 0.329035 0.054642 0.347877 0.07741 0.371116 0.107243 0.383049 0.127656 0.397495 0.162985 0.413824 0.212445 0.430782 0.249345 0.449338 0.292636 0.460192 0.319235
3 27 0.470776 0.342071 0.475855 0.341436 0.48195 0.366831 0.490584 0.403018 0.495792 0.421044 0.495057 0.421338 0.490634 0.424014 0.490155 0.424807 0.478902 0.380163
1 27 0.49645 0.468697 0.503721 0.466273 0.510991 0.462032 0.51875 0.456934 0.527813 0.45 0.52941 0.454761 0.529895 0.467485 0.527956 0.476573 0.521655 0.482026 0.5139 0.482632 0.506629 0.480208 0.500812 0.475361
2 33 0.836798 0.487872 0.833115 0.491524 0.827021 0.500413 0.824597 0.507396 0.822957 0.517554 0.823973 0.529616 0.825497 0.53533 0.835655 0.5366 0.848352 0.535965 0.858002 0.534061 0.871207 0.528982 0.868668 0.519459 0.864097 0.508666 0.861685 0.502952 0.85851 0.499143 0.853939 0.494064 0.849368 0.48962 0.843781 0.485811 0.841242 0.485176
4 33 0.810567 0.405025 0.816586 0.402469 0.802373 0.367492 0.776612 0.297538 0.763727 0.256487 0.744257 0.20153 0.727927 0.148929 0.711598 0.082982 0.699965 0.0359682 0.692755 0 0.685219 0 0.698408 0.064925 0.705317 0.096328 0.717878 0.146574 0.732952 0.196035 0.754306 0.257272 0.775033 0.316153 0.799233 0.380094
3 33 0.810567 0.405025 0.816586 0.402469 0.823693 0.41968 0.83302 0.440777 0.83835 0.459654 0.841015 0.472423 0.84236 0.485455 0.841242 0.485176 0.837237 0.487606 0.835298 0.475891 0.825025 0.440695
1 33 0.825497 0.53533 0.835655 0.5366 0.848352 0.535965 0.858002 0.534061 0.871207 0.528982 0.870227 0.542301 0.866719 0.553027 0.865 0.556543 0.86121 0.560745 0.855062 0.563306 0.848914 0.563819 0.841537 0.562282 0.834159 0.556134 0.829651 0.547936 0.826372 0.541276
2 40 0.563669 0.837736 0.556311 0.831047 0.552297 0.819341 0.551628 0.807635 0.552297 0.79342 0.554375 0.786719 0.567682 0.786731 0.579723 0.790912 0.589087 0.795929 0.597656 0.801953 0.596445 0.807635 0.591763 0.817669 0.583736 0.827702 0.575709 0.834391 0.567013 0.837736
4 40 0.568944 0.920078 0.577764 0.916016 0.583512 0.942191 0.593221 0.985878 0.600017 1 0.590308 1 0.582056 0.975563 0.574289 0.948865 0.570406 0.931269
3 40 0.559196 0.863794 0.55966 0.85509 0.560588 0.846967 0.561265 0.835551 0.563669 0.837736 0.567013 0.837736 0.575608 0.83443 0.574514 0.842905 0.574514 0.85393 0.576835 0.860893 0.576835 0.873658 0.577764 0.896868 0.577764 0.916016 0.568944 0.920078 0.562445 0.891065
1 40 0.554531 0.786523 0.567682 0.786731 0.579723 0.790912 0.589087 0.795929 0.597578 0.802148 0.59875 0.79502 0.598452 0.785059 0.594439 0.776698 0.588418 0.770009 0.582398 0.766664 0.575709 0.766664 0.566344 0.770845 0.558317 0.77837
0 21 0.475078 0.282422 0.474297 0.284863 0.474688 0.287109 0.476562 0.289062 0.480078 0.288379 0.482031 0.286719 0.484063 0.283594 0.483672 0.281348 0.483203 0.279492 0.48125 0.278711 0.479063 0.278809 0.475938 0.281348
0 33 0.833828 0.534082 0.832734 0.535547 0.832734 0.537695 0.834375 0.539355 0.836406 0.539746 0.837734 0.53877 0.838516 0.537988 0.838672 0.53623 0.8375 0.534473 0.836016 0.533301 0.835 0.533301
0 40 0.578509 0.783907 0.576547 0.784546 0.576121 0.787105 0.576718 0.79009 0.577912 0.792116 0.580129 0.793289 0.582688 0.793502 0.585844 0.794355 0.586867 0.793715 0.587635 0.792009 0.587635 0.789984 0.5861 0.787638 0.584479 0.785186 0.582517 0.7838 0.580385 0.783587
