3 6 0.867342 0.665226 0.867457 0.664077 0.867457 0.656507 0.920881 0.681837 0.919349 0.69078 0.870867 0.667629
1 6 0.838822 0.629633 0.826451 0.625926 0.819344 0.626342 0.811974 0.629501 0.80713 0.636608 0.804287 0.644373 0.804854 0.653633 0.80871 0.663062 0.81629 0.669774 0.819239 0.672802 0.825872 0.66372 0.831347 0.651349 0.83725 0.635872 0.837818 0.633741
2 6 0.819133 0.672802 0.825767 0.664115 0.831031 0.651744 0.83725 0.635872 0.839138 0.630159 0.841349 0.631607 0.850321 0.635872 0.86453 0.647949 0.867372 0.654343 0.867372 0.662158 0.866803 0.667841 0.861688 0.677787 0.853731 0.684181 0.845775 0.686312 0.829346 0.680435
4 6 0.91941 0.690622 0.921201 0.682306 0.999219 0.712137 0.999219 0.722763
4 13 0.4369 1 0.575721 0.946282 0.577266 0.954297 0.454582 0.999023
3 13 0.575721 0.946282 0.628193 0.930666 0.627672 0.934572 0.628098 0.939363 0.628369 0.939596 0.577344 0.95459
2 13 0.627672 0.934572 0.628524 0.928185 0.631931 0.919136 0.640873 0.909554 0.650667 0.903699 0.658984 0.902832 0.660827 0.921536 0.663177 0.936812 0.665057 0.947975 0.665781 0.95498 0.660887 0.955331 0.64939 0.953734 0.640447 0.950008 0.628098 0.939363
1 13 0.659062 0.903125 0.661297 0.902148 0.672108 0.900973 0.684328 0.904498 0.691849 0.915073 0.693259 0.926824 0.693259 0.936225 0.689499 0.943275 0.683858 0.948563 0.665997 0.955026 0.665057 0.947975 0.663177 0.936812 0.660827 0.921536
4 20 0.510357 0.828744 0.507376 0.836729 0.536225 0.88962 0.577061 0.946924 0.615507 1 0.620461 1 0.577934 0.938718 0.537404 0.88054
3 20 0.483512 0.769315 0.486085 0.771789 0.489917 0.773386 0.491375 0.773221 0.493324 0.785097 0.503118 0.812243 0.510357 0.828744 0.507376 0.836729 0.500137 0.820228 0.488214 0.789887
1 20 0.464503 0.715394 0.466383 0.701293 0.470143 0.693655 0.475313 0.688367 0.480954 0.685429 0.487064 0.684254 0.494114 0.684842 0.501165 0.690717 0.504925 0.698943 0.505156 0.723047 0.502105 0.723619 0.493644 0.723032 0.484244 0.722444 0.477193 0.722444 0.467323 0.727732
2 20 0.467187 0.727734 0.477193 0.722444 0.484244 0.722444 0.493644 0.723032 0.502105 0.723619 0.504922 0.723242 0.50397 0.742513 0.50397 0.759014 0.502267 0.765934 0.498008 0.770725 0.494602 0.772854 0.489917 0.773386 0.486085 0.771789 0.480549 0.766466 0.475013 0.757418 0.469478 0.735061
4 27 0.26796 0.751074 0.26305 0.745618 0.340113 0.663705 0.397649 0.615511 0.464082 0.559903 0.497892 0.533211 0.51628 0.509485 0.538226 0.487242 0.547717 0.476862 0.557207 0.464257 0.587091 0.376739 0.640271 0.288704 0.645302 0.285111 0.646021 0.285111 0.646021 0.289602 0.590684 0.383027 0.561938 0.46747 0.551877 0.482741 0.539659 0.494419 0.520974 0.514182 0.502289 0.540234 0.462044 0.570777 0.403115 0.621981 0.342029 0.673185
1 27 0.18214 0.815101 0.17406 0.827725 0.17204 0.836562 0.17204 0.844136 0.175575 0.854236 0.18012 0.859917 0.187694 0.864335 0.195269 0.864966 0.198299 0.864966 0.207388 0.854236 0.204863 0.847924 0.196279 0.837824 0.190724 0.827094 0.187189 0.819519 0.18416 0.813207
2 27 0.207388 0.854236 0.204863 0.847924 0.196279 0.837824 0.190724 0.827094 0.187189 0.819519 0.18416 0.813207 0.194764 0.801845 0.207312 0.79303 0.212557 0.790408 0.216752 0.789097 0.225144 0.791719 0.229864 0.794342 0.231962 0.798275 0.233011 0.80352 0.233011 0.806142 0.230913 0.814009 0.224619 0.827776
3 27 0.231962 0.798275 0.229864 0.794342 0.225144 0.791719 0.26305 0.745618 0.26796 0.751074
1 34 0.402734 0.077542 0.406204 0.059573 0.412648 0.050899 0.417605 0.04842 0.424049 0.04842 0.429502 0.04904 0.437433 0.055856 0.440407 0.063291 0.441894 0.071966 0.441894 0.08064 0.435946 0.095511 0.430989 0.092413 0.42504 0.088076 0.418596 0.084358 0.411161 0.08064 0.405213 0.078781
2 34 0.402734 0.077542 0.405213 0.078781 0.411161 0.08064 0.418596 0.084358 0.42504 0.088076 0.430989 0.092413 0.435946 0.095511 0.429532 0.110992 0.421859 0.121064 0.415719 0.12586 0.411499 0.12682 0.407662 0.12682 0.403441 0.125381 0.400755 0.122983 0.399988 0.121544 0.398837 0.112911 0.397686 0.103798 0.401523 0.080297
3 34 0.403441 0.125381 0.407662 0.12682 0.411499 0.12682 0.39193 0.187252 0.386175 0.185333
4 34 0.386175 0.185333 0.39193 0.187252 0.386428 0.197686 0.384332 0.20083 0.381817 0.20083 0.377205 0.200306 0.368821 0.196638 0.341991 0.179869 0.323546 0.167293 0.302166 0.146856 0.282882 0.116987 0.266114 0.089738 0.247249 0.051485 0.238987 0.0239336 0.234375 0.000174698 0.239686 0.000698792 0.244298 0.0230602 0.253519 0.0513795 0.272804 0.0867469 0.290259 0.116836 0.306447 0.140414 0.326436 0.161177 0.344507 0.173581 0.367983 0.188778 0.37469 0.190874 0.378463 0.19297 0.382236 0.191398 0.383494 0.188778
4 42 0.201446 0.259506 0.200333 0.267159 0.21448 0.26851 0.253064 0.278156 0.275186 0.284587 0.29062 0.298734 0.315314 0.321242 0.346696 0.365614 0.378592 0.431851 0.398656 0.485869 0.410509 0.533661 0.415675 0.553819 0.421781 0.572802 0.428067 0.588411 0.455023 0.636514 0.481592 0.669726 0.519232 0.705705 0.545063 0.723233 0.55023 0.724156 0.55023 0.721388 0.55023 0.71862 0.522172 0.698417 0.486553 0.664419 0.462676 0.632216 0.432725 0.579591 0.423299 0.554195 0.406962 0.486386 0.384218 0.429058 0.350512 0.359346 0.31823 0.313264 0.295691 0.291775 0.276955 0.277301 0.249703 0.26865 0.215531 0.26054
3 42 0.139105 0.266464 0.140775 0.256723 0.163596 0.258114 0.201446 0.259506 0.200333 0.267159 0.1597 0.265768
1 42 0.100355 0.23173 0.089756 0.234287 0.083268 0.238612 0.079375 0.246723 0.078942 0.258618 0.080673 0.271054 0.084998 0.279165 0.091919 0.284572 0.096245 0.285653 0.105469 0.287402 0.105156 0.28291 0.104688 0.276855 0.105 0.270215 0.104896 0.262944 0.104463 0.258078 0.104896 0.249967 0.104896 0.241857 0.103166 0.235368 0.102301 0.232124
2 42 0.109609 0.287598 0.105469 0.287305 0.105391 0.283203 0.104688 0.277637 0.105 0.270508 0.1048 0.262824 0.104367 0.257958 0.1048 0.249847 0.1048 0.241737 0.10307 0.235248 0.102205 0.232004 0.110622 0.233642 0.119528 0.236426 0.130104 0.241296 0.139009 0.250341 0.140679 0.256603 0.139009 0.266344 0.136226 0.274693 0.127321 0.28165 0.117858 0.286521
0 27 0.182344 0.830371 0.182344 0.832324 0.182734 0.834473 0.185234 0.835645 0.187266 0.835742 0.188437 0.833789 0.188437 0.831445 0.1875 0.829004 0.186484 0.827734 0.184688 0.82793 0.183594 0.828516 0.182578 0.829297
0 13 0.665547 0.920312 0.664844 0.924121 0.665156 0.927637 0.666484 0.92832 0.667812 0.92793 0.669063 0.92666 0.669141 0.924023 0.66875 0.921191 0.667734 0.919824
0 42 0.103125 0.245996 0.100781 0.247461 0.101406 0.25 0.102734 0.251172 0.105469 0.251172 0.106875 0.250977 0.107578 0.249707 0.107422 0.247656 0.107031 0.246387 0.105313 0.24541 0.103984 0.245801
