4 7 0.11856 0.10621 0.116646 0.112907 0.095382 0.101024 0.058622 0.087409 0.020047 0.076064 0 0.072093 0 0.064718 0.029124 0.070391 0.063161 0.080035 0.094021 0.092515 0.105272 0.098637
3 7 0.116646 0.112907 0.11856 0.10621 0.15683 0.128215 0.175404 0.139824 0.17334 0.141114 0.170338 0.147367 0.155299 0.136347
1 7 0.211137 0.148137 0.211137 0.153883 0.209605 0.158352 0.20603 0.167291 0.203986 0.174314 0.201943 0.181337 0.198368 0.186445 0.204497 0.190914 0.21267 0.193468 0.216757 0.192517 0.221894 0.187578 0.223869 0.181652 0.224659 0.172762 0.223079 0.165354 0.217548 0.154983
2 7 0.211137 0.148137 0.194282 0.136006 0.186109 0.136006 0.179469 0.137283 0.17334 0.141114 0.170275 0.147498 0.169663 0.153564 0.170275 0.159629 0.171145 0.163779 0.17385 0.167929 0.189685 0.180699 0.198368 0.186445 0.201943 0.181337 0.203986 0.174314 0.20603 0.167291 0.209605 0.158352 0.211137 0.153883
4 14 0.264353 0.338791 0.268439 0.346453 0.246116 0.369212 0.214468 0.402313 0.190571 0.431377 0.169257 0.452368 0.142776 0.479817 0.109802 0.512171 0.085235 0.530404 0.065275 0.542879 0.04685 0.551515 0.023052 0.557273 0 0.557273 0 0.547677 0.02689 0.548636 0.04685 0.543838 0.062972 0.535202 0.101357 0.509292 0.141278 0.469948 0.176592 0.432523 0.218815 0.385501 0.252594 0.349995
3 14 0.264353 0.338791 0.287849 0.313252 0.312068 0.287303 0.315841 0.293788 0.317936 0.295242 0.302965 0.309277 0.268439 0.346453
1 14 0.32476 0.24153 0.328104 0.243621 0.333121 0.249892 0.338138 0.254769 0.344269 0.266614 0.348359 0.275684 0.351094 0.283789 0.353437 0.290918 0.360992 0.28264 0.365451 0.273582 0.368238 0.263827 0.367124 0.252679 0.366094 0.246484 0.36375 0.241211 0.360635 0.236165 0.353188 0.231079 0.344827 0.230382 0.33758 0.231776 0.330334 0.235956
2 14 0.32253 0.243621 0.314726 0.251982 0.310824 0.26104 0.310267 0.273582 0.311382 0.286123 0.315841 0.293788 0.320858 0.297272 0.330891 0.299362 0.33981 0.299362 0.351516 0.292394 0.353437 0.29082 0.351016 0.28418 0.348281 0.275586 0.344269 0.266614 0.338138 0.254769 0.333121 0.249892 0.328104 0.243621 0.32476 0.24153
4 22 0.489076 0.70379 0.494517 0.708891 0.503069 0.695999 0.513905 0.67683 0.524333 0.651697 0.533672 0.619407 0.538648 0.588736 0.53933 0.568204 0.534285 0.551845 0.527811 0.535743 0.51861 0.518107 0.51677 0.508906 0.513703 0.49587 0.511249 0.479001 0.501924 0.439204 0.483083 0.38698 0.459326 0.342948 0.43393 0.293795 0.41345 0.246691 0.399523 0.208803 0.39215 0.179107 0.384054 0.165492 0.376128 0.15941 0.369936 0.157121 0.339721 0.150435 0.332348 0.150435 0.328133 0.154019 0.328252 0.157603 0.331529 0.159651 0.36911 0.168624 0.374128 0.172963 0.381501 0.181155 0.389693 0.203683 0.401981 0.247715 0.4241 0.297891 0.446218 0.338852 0.474071 0.39722 0.484721 0.42282 0.494552 0.444324 0.500286 0.47914 0.502744 0.498596 0.507659 0.519076 0.519128 0.543652 0.527567 0.558655 0.531921 0.572667 0.531141 0.587513 0.528139 0.604068 0.522405 0.625572 0.515851 0.649124 0.505201 0.675748 0.495371 0.694181
3 22 0.445151 0.765153 0.467312 0.738222 0.489076 0.70379 0.494517 0.708891 0.478874 0.732695 0.462211 0.759901 0.454634 0.771668 0.451669 0.76755
1 22 0.41241 0.784419 0.416091 0.790553 0.420384 0.794387 0.426519 0.803588 0.43388 0.812023 0.440094 0.817792 0.444308 0.820457 0.437831 0.828271 0.429835 0.833602 0.422371 0.835601 0.414908 0.832936 0.408511 0.826939 0.405313 0.821608 0.402647 0.813612 0.404247 0.802284 0.407978 0.79029
2 22 0.41241 0.784419 0.421611 0.774451 0.43388 0.765249 0.441241 0.763716 0.451669 0.76755 0.45719 0.775217 0.45903 0.788253 0.45719 0.798221 0.452283 0.808189 0.444308 0.820457 0.440094 0.817792 0.43388 0.812023 0.426519 0.803588 0.420384 0.794387 0.416091 0.790553
4 29 0.698791 0.553833 0.704919 0.553833 0.707093 0.61116 0.711387 0.77065 0.71016 0.795186 0.707707 0.828158 0.705866 0.858829 0.705866 0.875698 0.705866 0.8872 0.707093 0.897935 0.711387 0.917871 0.727336 0.952376 0.735311 0.972312 0.745126 1 0.735924 1 0.723042 0.960043 0.713841 0.940874 0.705866 0.924772 0.700959 0.910203 0.698505 0.897935 0.698505 0.877232 0.700346 0.813589 0.702186 0.772183 0.701572 0.730777 0.700346 0.654866 0.699119 0.601192
3 29 0.68511 0.477797 0.691139 0.475536 0.69238 0.474158 0.696435 0.485488 0.703533 0.509055 0.70518 0.524704 0.705873 0.536775 0.704919 0.553833 0.698791 0.553833 0.698309 0.528916 0.695958 0.511951 0.69125 0.493147
1 29 0.657553 0.443243 0.66272 0.439206 0.671117 0.43517 0.677576 0.431133 0.685972 0.424674 0.691785 0.422252 0.696952 0.41983 0.693077 0.409335 0.686104 0.40026 0.680781 0.398061 0.673832 0.397867 0.664658 0.401261 0.658845 0.40772 0.655616 0.416601 0.654324 0.427904 0.65497 0.433555
2 29 0.696952 0.41983 0.691785 0.422252 0.685972 0.424674 0.677576 0.431133 0.671117 0.43517 0.66272 0.439206 0.657553 0.443243 0.663366 0.455353 0.669825 0.466656 0.677576 0.474729 0.68468 0.477958 0.691139 0.475536 0.696952 0.469078 0.702765 0.453738 0.701473 0.433555 0.698244 0.424674
4 37 0.322881 0.633075 0.316739 0.641205 0.343265 0.663185 0.367373 0.684614 0.384516 0.697337 0.418267 0.721445 0.434875 0.733499 0.44934 0.745552 0.463268 0.755597 0.481147 0.77542 0.506127 0.799794 0.562808 0.871277 0.591804 0.899039 0.608461 0.915233 0.634373 0.937597 0.65103 0.956876 0.66707 0.983095 0.67509 1 0.682493 1 0.66707 0.967672 0.649796 0.941453 0.62882 0.922945 0.594889 0.890556 0.570212 0.86665 0.533812 0.819609 0.51222 0.79339 0.482607 0.762544 0.456079 0.74018 0.416595 0.710876 0.362305 0.667691 0.342563 0.649954
3 37 0.254464 0.599095 0.254753 0.598928 0.257622 0.593805 0.256969 0.591627 0.275547 0.600104 0.296504 0.613202 0.322881 0.633075 0.316739 0.641205 0.288916 0.619525 0.275908 0.610944 0.264706 0.603717 0.258202 0.600555
1 37 0.212538 0.604051 0.213358 0.600465 0.215407 0.596366 0.216227 0.591243 0.217047 0.583559 0.219916 0.573313 0.222785 0.566653 0.225654 0.562554 0.227703 0.55948 0.234261 0.550771 0.226473 0.546672 0.216227 0.545648 0.206391 0.547185 0.200653 0.552308 0.194915 0.562042 0.193685 0.571776 0.193685 0.578436 0.196964 0.587657 0.203112 0.597903 0.20803 0.602514
2 37 0.234261 0.550771 0.242458 0.557943 0.247786 0.568702 0.253933 0.582534 0.256392 0.589706 0.257622 0.593805 0.254753 0.598928 0.249425 0.602002 0.23549 0.608662 0.228523 0.609174 0.220326 0.60815 0.212538 0.604051 0.213358 0.600465 0.215407 0.596366 0.216227 0.591243 0.217047 0.583559 0.219916 0.573313 0.222785 0.566653 0.225654 0.562554 0.227703 0.55948
4 44 0.927115 0.664992 0.934172 0.664992 0.930568 0.656414 0.925552 0.650409 0.917103 0.647835 0.904064 0.647835 0.888279 0.652982 0.877299 0.659845 0.871808 0.672713 0.869063 0.683865 0.869063 0.696733 0.873181 0.72161 0.882103 0.73362 0.895142 0.743056 0.906123 0.747346 0.915044 0.74563 0.930143 0.736194 0.945241 0.719894 0.950045 0.704453 0.950731 0.691585 0.947986 0.682149 0.940437 0.673571 0.93426 0.670997 0.927471 0.672211 0.927471 0.681087 0.934947 0.683007 0.942496 0.690728 0.94181 0.707027 0.929456 0.724184 0.918476 0.73362 0.912986 0.736194 0.903378 0.736194 0.896515 0.736194 0.887593 0.729331 0.880044 0.719894 0.876612 0.706169 0.877299 0.683007 0.884848 0.66585 0.895142 0.659845 0.912299 0.656414 0.921221 0.658987 0.927115 0.664992 0.927115 0.664992 0.934172 0.664992 0.934639 0.67886 0.932398 0.689365 0.928195 0.702418 0.924872 0.711077 0.92095 0.718782 0.917058 0.723918 0.914033 0.726853 0.909716 0.728981 0.905816 0.730194 0.900625 0.728984 0.895429 0.725227 0.892753 0.721583 0.895458 0.718499 0.899713 0.723281 0.906073 0.725943 0.912196 0.723193 0.916528 0.717211 0.920268 0.710377 0.923657 0.69847 0.926972 0.687965 0.927113 0.676058 0.927471 0.672211 0.927471 0.681087 0.918426 0.684046 0.909381 0.687005 0.892201 0.696769 0.878236 0.706533 0.864005 0.71759 0.864005 0.709755 0.861584 0.702995 0.88723 0.686413 0.907587 0.676353 0.927471 0.672211 0.927113 0.676058 0.927673 0.667654 0.927115 0.664992
1 44 0.821103 0.70521 0.82183 0.716117 0.825466 0.723389 0.832738 0.737932 0.839282 0.747021 0.845826 0.749748 0.838555 0.756111 0.825466 0.759746 0.817467 0.759746 0.810196 0.754293 0.804378 0.741568 0.805833 0.726116 0.809469 0.717026 0.81165 0.712482
2 44 0.821103 0.70521 0.83201 0.69703 0.843645 0.694303 0.856734 0.697939 0.861536 0.702862 0.864005 0.709755 0.864005 0.717935 0.861097 0.731569 0.853825 0.741568 0.845826 0.749748 0.839282 0.747021 0.832738 0.737932 0.825466 0.723389 0.82183 0.716117
0 29 0.677891 0.428223 0.676875 0.430664 0.6775 0.432227 0.679844 0.432715 0.681875 0.43252 0.683359 0.430859 0.684375 0.428418 0.683594 0.426953 0.681562 0.426758 0.679609 0.426758
0 7 0.207656 0.16084 0.206953 0.162402 0.206875 0.164062 0.208281 0.16748 0.209375 0.167773 0.210547 0.167773 0.211797 0.166406 0.211875 0.165039 0.21125 0.162012 0.210547 0.160254 0.209609 0.159668 0.208281 0.15957
0 37 0.219849 0.551532 0.218339 0.55342 0.21901 0.555938 0.221024 0.557511 0.22287 0.557616 0.224884 0.557197 0.225639 0.554889 0.225472 0.552371 0.224632 0.551323 0.222702 0.550903 0.221863 0.550903
0 44 0.817187 0.738672 0.815312 0.740039 0.815078 0.742383 0.815156 0.745313 0.817031 0.746582 0.818906 0.746875 0.820937 0.746289 0.821641 0.745215 0.821719 0.74248 0.821406 0.740527 0.819922 0.738672 0.818281 0.738379
