4 5 0.239347 0.591515 0.246688 0.584634 0.28024 0.618813 0.306298 0.651387 0.320196 0.678531 0.326277 0.701332 0.328014 0.734991 0.326277 0.770822 0.314985 0.891343 0.295006 1 0.28632 1 0.296744 0.94346 0.306298 0.880485 0.314116 0.78928 0.317591 0.748021 0.313247 0.705675 0.302824 0.669845 0.289795 0.647044 0.260262 0.613384
3 5 0.190411 0.536462 0.197751 0.528816 0.226501 0.560166 0.246688 0.584634 0.239347 0.591515 0.216714 0.567047 0.199586 0.547931
1 5 0.152485 0.5097 0.164107 0.49976 0.170836 0.491349 0.176953 0.482173 0.168389 0.476821 0.15799 0.476821 0.15065 0.481409 0.146368 0.490584 0.14698 0.502818
2 5 0.152485 0.5097 0.165331 0.527286 0.174506 0.534933 0.184905 0.536462 0.190411 0.536462 0.197751 0.528816 0.197751 0.5097 0.191634 0.495937 0.185517 0.487526 0.176953 0.482173 0.170836 0.491349 0.164107 0.49976
4 11 0.567149 0.552659 0.567149 0.563066 0.54861 0.570101 0.5096 0.580667 0.474491 0.586356 0.445884 0.587168 0.398421 0.579854 0.362662 0.568476 0.331454 0.551409 0.270339 0.501021 0.194592 0.461301 0.158979 0.433071 0.13292 0.415698 0.069511 0.390725 0.037372 0.366838 0.017394 0.334265 0.013051 0.316893 0.023474 0.333179 0.040846 0.354895 0.062562 0.36901 0.096438 0.384211 0.13292 0.399412 0.160716 0.415698 0.175483 0.430899 0.201541 0.453701 0.231074 0.467816 0.263213 0.483016 0.286666 0.497132 0.314462 0.52319 0.341389 0.544906 0.369185 0.560107 0.402193 0.568793 0.432595 0.573136 0.466471 0.575307 0.516851 0.568793 0.552464 0.556849
3 11 0.638156 0.513034 0.643368 0.52172 0.613633 0.537916 0.577556 0.559597 0.567149 0.563066 0.567149 0.552659 0.589351 0.540518 0.617102 0.524908 0.628896 0.518837
0 11 0.671925 0.504179 0.667689 0.501091 0.668288 0.495737 0.670886 0.49249 0.675561 0.49249 0.678159 0.496387 0.678678 0.500932 0.6766 0.504179
1 11 0.651185 0.476118 0.661609 0.486975 0.667689 0.501091 0.676375 0.528235 0.69201 0.52172 0.702434 0.504348 0.704171 0.482632 0.699828 0.470689 0.687667 0.464174 0.676375 0.464174 0.663346 0.469603
2 11 0.651185 0.476118 0.639893 0.486975 0.638156 0.503262 0.638156 0.513034 0.643368 0.52172 0.651185 0.529321 0.662477 0.533664 0.676375 0.528235 0.667689 0.501091 0.661609 0.486975
4 17 0.695644 0.515663 0.700488 0.520421 0.709507 0.533429 0.715058 0.549907 0.719914 0.56465 0.724077 0.588065 0.733096 0.614949 0.749053 0.653107 0.75946 0.673921 0.751135 0.671319 0.734484 0.641833 0.723383 0.612347 0.712976 0.566384 0.709507 0.55511 0.697713 0.534296 0.688742 0.523082 0.688742 0.523082 0.69201 0.52172 0.695644 0.515663 0.670833 0.466483 0.663346 0.469603 0.663272 0.469642 0.654698 0.456245 0.634578 0.425892 0.620009 0.40768 0.603358 0.396406 0.586707 0.389468 0.551324 0.380796 0.500678 0.378194 0.451419 0.382531 0.420198 0.385999 0.399024 0.389451 0.397801 0.379511 0.397801 0.379511 0.429911 0.373858 0.469457 0.369522 0.505534 0.368655 0.542305 0.370389 0.579076 0.37646 0.609602 0.385999 0.623478 0.396406 0.640823 0.415485 0.658861 0.440635 0.670833 0.466483
3 17 0.323784 0.400156 0.325008 0.410861 0.346417 0.404744 0.380673 0.393274 0.399024 0.389451 0.397801 0.379511 0.370886 0.384863 0.342135 0.394039
1 17 0.285859 0.447563 0.284023 0.43227 0.283412 0.404744 0.280965 0.388686 0.281577 0.373394 0.270566 0.376452 0.258332 0.387157 0.252215 0.400921 0.252215 0.416978 0.255885 0.429212 0.263837 0.439917 0.271789 0.444505
2 17 0.281577 0.373394 0.296869 0.371865 0.309103 0.375688 0.318891 0.387922 0.323784 0.400156 0.325008 0.410861 0.318891 0.429977 0.308492 0.440681 0.285859 0.447563 0.284023 0.43227 0.283412 0.404744 0.280965 0.388686
4 23 0.513015 0.275749 0.511599 0.264537 0.49157 0.262335 0.468814 0.256646 0.433055 0.242018 0.378441 0.208697 0.321226 0.177814 0.273764 0.155871 0.226952 0.144493 0.180791 0.138804 0.116424 0.132302 0.096269 0.137178 0.080665 0.147744 0.06246 0.162372 0.053358 0.169687 0.044256 0.175376 0.047507 0.177814 0.055309 0.177001 0.080015 0.159934 0.10082 0.150182 0.119025 0.147744 0.133329 0.146931 0.203546 0.155058 0.263362 0.168061 0.29782 0.179439 0.333579 0.197319 0.386243 0.225763 0.430454 0.254208 0.458411 0.26965 0.479217 0.276151 0.495471 0.277777
3 23 0.589784 0.254805 0.59033 0.267797 0.572969 0.268077 0.556918 0.269848 0.539452 0.272798 0.526233 0.275159 0.513015 0.275749 0.511599 0.264537 0.526705 0.263357 0.551726 0.258636 0.570137 0.257456 0.584299 0.256276
0 23 0.632667 0.261936 0.629958 0.25855 0.629507 0.255164 0.632216 0.252342 0.63673 0.252907 0.638988 0.256857 0.637633 0.260807 0.635827 0.2625
1 23 0.630808 0.242498 0.627526 0.25754 0.626979 0.271899 0.628073 0.288992 0.637919 0.288309 0.646124 0.282839 0.651593 0.270531 0.651046 0.260959 0.646124 0.250019 0.641201 0.245917
2 23 0.630808 0.242498 0.619321 0.239763 0.610022 0.238396 0.604005 0.240447 0.597988 0.244549 0.589784 0.254805 0.59033 0.267797 0.596347 0.27942 0.604005 0.284206 0.618227 0.288309 0.628073 0.288992 0.626979 0.271899 0.627526 0.25754
