4 5 0.081521 0.408475 0.087765 0.417148 0.066258 0.432758 0.034343 0.456173 0 0.478721 0 0.468314 0.032262 0.447501 0.065564 0.420616
3 5 0.14188 0.357308 0.147431 0.365981 0.134942 0.37552 0.118292 0.393732 0.087765 0.417148 0.081521 0.408475 0.100947 0.392865 0.12176 0.373786 0.133555 0.363379
0 5 0.173603 0.332033 0.170134 0.327697 0.171521 0.319891 0.177072 0.318157 0.181234 0.319024 0.183316 0.325095 0.180541 0.331165 0.177765 0.3329
2 5 0.159919 0.311345 0.148818 0.320885 0.143962 0.331291 0.140493 0.346034 0.14188 0.357308 0.147431 0.365981 0.162 0.36945 0.174488 0.365981 0.18507 0.354583 0.175731 0.347177 0.169103 0.340775 0.164986 0.332491 0.164183 0.329102 0.166894 0.32521 0.168601 0.323076 0.171313 0.318934 0.170108 0.316424 0.163982 0.309395
4 11 0.134942 0.37552 0.121196 0.375739 0.075496 0.387699 0.050076 0.392946 0.016529 0.402708 0 0.40756 0 0.39671 0.035341 0.388117 0.071973 0.378742 0.109702 0.36954 0.133081 0.364939 0.147431 0.365981 0.162 0.36945 0.174488 0.365981 0.176556 0.363093 0.19533 0.359341 0.22227 0.35233 0.265179 0.335119 0.30415 0.313266 0.333799 0.288225 0.351428 0.26719 0.366652 0.23614 0.374666 0.217108 0.382679 0.220113 0.367454 0.255171 0.35303 0.282215 0.3353 0.302248 0.306554 0.324284 0.258475 0.350326 0.210397 0.367354 0.158312 0.376369
3 11 0.394698 0.131969 0.407519 0.135976 0.399506 0.165023 0.391493 0.196074 0.382679 0.220113 0.374666 0.217108 0.385884 0.185056 0.392294 0.154005
1 11 0.387519 0.0827137 0.399191 0.0858904 0.430629 0.091891 0.429405 0.0804782 0.426393 0.0717715 0.421142 0.061855 0.410725 0.057848 0.399506 0.061855 0.392294 0.070869
2 11 0.387613 0.0828313 0.385884 0.108932 0.389089 0.123956 0.394698 0.131969 0.407519 0.135976 0.418738 0.131969 0.426751 0.114941 0.429217 0.102245 0.430723 0.0920087 0.399379 0.0864787
4 17 0.45104 0.513028 0.452341 0.523593 0.406359 0.537074 0.309266 0.556649 0.170412 0.578835 0.07645 0.589275 0.014854 0.594495 0 0.59841 0 0.586665 0.016942 0.58275 0.041998 0.578835 0.115079 0.573614 0.217393 0.560564 0.334322 0.539684 0.399051 0.526634 0.431416 0.518804
3 17 0.519308 0.469142 0.522559 0.478894 0.511506 0.488647 0.497202 0.500837 0.482899 0.51059 0.462093 0.521155 0.452341 0.523593 0.45104 0.513028 0.470545 0.505714 0.492651 0.49271 0.510856 0.477269
0 17 0.56547 0.454513 0.56547 0.446386 0.570671 0.443948 0.574572 0.448011 0.574572 0.452888 0.572621 0.456951 0.569371 0.457764
1 17 0.553767 0.429319 0.553767 0.443948 0.556367 0.461015 0.56547 0.487834 0.577823 0.479707 0.586925 0.464266 0.587575 0.448011 0.584324 0.435008 0.574572 0.426881 0.56547 0.425256
2 17 0.546615 0.433383 0.534262 0.442322 0.523209 0.457764 0.519308 0.469142 0.522559 0.478894 0.534262 0.490272 0.549215 0.493523 0.56547 0.487834 0.556367 0.461015 0.553767 0.443948 0.553767 0.429319
4 21 0.683987 0.932182 0.684637 0.94356 0.708043 0.939497 0.733399 0.930557 0.77501 0.908614 0.812069 0.885045 0.850429 0.854163 0.889439 0.817591 0.910895 0.788333 0.936901 0.740384 0.952505 0.701374 0.977211 0.62823 0.993466 0.574591 1 0.560775 1 0.55021 0.988264 0.56809 0.981763 0.591658 0.97071 0.629043 0.955106 0.677805 0.938852 0.720066 0.916096 0.764765 0.888139 0.807026 0.866683 0.828156 0.835475 0.854975 0.806218 0.878544 0.77501 0.898049 0.743802 0.915116 0.711944 0.926493
3 21 0.611818 0.933808 0.613119 0.945998 0.629373 0.945998 0.666432 0.945186 0.684637 0.94356 0.683987 0.932182 0.662531 0.933808 0.635224 0.935433 0.620921 0.935433
2 21 0.561106 0.938684 0.565657 0.925681 0.57736 0.917554 0.590363 0.914303 0.602066 0.918366 0.607267 0.925681 0.611818 0.933808 0.613119 0.945998 0.605317 0.955751 0.595564 0.96144 0.582561 0.963065 0.569558 0.954938 0.563706 0.948437
4 26 0.406194 0.664078 0.408641 0.638081 0.415369 0.618965 0.426992 0.605202 0.441061 0.594497 0.458189 0.591438 0.477763 0.59832 0.501008 0.620494 0.519971 0.650315 0.529758 0.69084 0.535875 0.758893 0.539046 0.826276 0.536401 0.823478 0.533407 0.823062 0.531593 0.785655 0.5267 0.725249 0.519971 0.680136 0.515077 0.661784 0.501008 0.637316 0.484492 0.615907 0.466753 0.602908 0.445343 0.602908 0.430662 0.612848 0.421487 0.628141 0.415369 0.648021 0.415369 0.667137 0.427604 0.700016 0.445955 0.73213 0.470215 0.763309 0.46201 0.766728 0.452072 0.752776 0.425768 0.718367 0.410476 0.685488
3 26 0.509051 0.834418 0.51288 0.828264 0.516709 0.824846 0.506316 0.808436 0.487172 0.786556 0.470215 0.763309 0.46201 0.766728 0.47842 0.78724 0.487172 0.800915 0.498112 0.818692 0.505769 0.830315
1 26 0.521085 0.872023 0.529837 0.865186 0.543512 0.858349 0.556093 0.850144 0.558281 0.859716 0.558828 0.869289 0.557187 0.878177 0.552109 0.883301 0.5457 0.886382 0.535307 0.885698 0.526008 0.878861
2 26 0.516709 0.824846 0.51288 0.828264 0.509051 0.834418 0.508504 0.848093 0.51288 0.861084 0.521085 0.872023 0.529837 0.865186 0.543512 0.858349 0.556093 0.850144 0.543512 0.830999 0.536401 0.823478 0.526555 0.822111
4 33 0.540769 0.92023 0.538934 0.891174 0.541992 0.894997 0.549333 0.926347 0.55545 0.963814 0.554226 0.988282 0.55178 1 0.543828 1 0.548109 0.975283 0.546274 0.952344 0.540769 0.92023 0.53771 0.927876 0.552391 0.909525 0.590929 0.84759 0.620902 0.805535 0.630078 0.791007 0.636195 0.797124 0.616009 0.823122 0.590929 0.862882 0.568296 0.897291 0.540769 0.936287 0.524865 0.953874 0.510184 0.976048 0.507125 0.985223 0.503455 1 0.498561 1 0.503455 0.979106 0.519359 0.949286 0.53771 0.927876
3 33 0.656381 0.710721 0.660051 0.716838 0.66678 0.719896 0.660663 0.734424 0.653323 0.760422 0.643535 0.781832 0.636195 0.797124 0.630078 0.791007 0.6417 0.768833 0.650876 0.739012 0.654546 0.720661
0 33 0.683908 0.657197 0.683296 0.662549 0.679626 0.664843 0.675956 0.662549 0.674453 0.659863 0.673509 0.657197 0.675156 0.65332 0.678125 0.650977 0.680849 0.65108 0.682813 0.65293 0.683908 0.657197 0.696016 0.656445 0.696484 0.658496 0.697813 0.661719 0.699609 0.661914 0.700547 0.661426 0.700859 0.659668 0.700547 0.657031 0.699453 0.654687 0.698125 0.654199 0.696719 0.654395 0.696016 0.656445
1 33 0.654546 0.660255 0.673509 0.669431 0.689413 0.678606 0.701647 0.69084 0.707764 0.677077 0.708988 0.657961 0.704706 0.644963 0.694307 0.637316 0.68452 0.637316 0.668004 0.642669 0.660663 0.650315
2 33 0.654546 0.660255 0.652711 0.67096 0.654546 0.685488 0.656993 0.695428 0.656381 0.710721 0.660051 0.716838 0.66678 0.719896 0.677179 0.716073 0.692472 0.706898 0.701647 0.69084 0.689413 0.678606 0.673509 0.669431
4 40 0.683202 0.224524 0.68469 0.213369 0.701795 0.218946 0.713693 0.223594 0.721874 0.23382 0.724105 0.244975 0.725921 0.252439 0.72172 0.262638 0.707744 0.2803 0.689896 0.296103 0.654199 0.315625 0.618324 0.332688 0.597765 0.335392 0.570163 0.337006 0.532235 0.332358 0.50695 0.328639 0.491332 0.32771 0.47274 0.329569 0.490589 0.322132 0.508437 0.318414 0.534466 0.321203 0.569419 0.324921 0.590986 0.325851 0.611065 0.323062 0.653455 0.30447 0.681715 0.288666 0.702538 0.271004 0.716668 0.252412 0.717018 0.244975 0.715181 0.237538 0.706257 0.231961 0.689896 0.227313 0.683202 0.224524 0.683202 0.224524 0.68469 0.213369 0.657917 0.205932 0.643044 0.205002 0.633376 0.20965 0.626683 0.218017 0.624452 0.23382 0.62817 0.255201 0.640069 0.273793 0.665354 0.312836 0.695101 0.353739 0.715924 0.384416 0.733632 0.410926 0.739102 0.406139 0.702538 0.35095 0.667585 0.30261 0.6423 0.261708 0.634119 0.244045 0.634119 0.228242 0.639325 0.218946 0.651968 0.215228 0.683202 0.224524
3 40 0.775091 0.48514 0.781027 0.480812 0.763716 0.449215 0.744572 0.415712 0.739102 0.406139 0.733632 0.410926 0.747854 0.436224 0.762075 0.460155 0.769733 0.473146
0 40 0.801406 0.535742 0.799824 0.535843 0.798281 0.533887 0.79735 0.531514 0.79875 0.528418 0.800703 0.527734 0.802578 0.52793 0.804276 0.528423 0.80576 0.532133 0.80394 0.535522
1 40 0.782016 0.533988 0.793393 0.527186 0.80576 0.523476 0.81961 0.52224 0.819115 0.530896 0.816147 0.540171 0.812891 0.544629 0.805265 0.549446 0.799609 0.549707 0.792344 0.547266 0.786963 0.540789
2 40 0.781027 0.480812 0.775091 0.48514 0.772123 0.495033 0.771628 0.508018 0.774596 0.519766 0.782016 0.533988 0.793393 0.527186 0.80576 0.523476 0.81961 0.52224 0.816642 0.509255 0.806749 0.48885 0.79834 0.480812 0.79092 0.478957
1 5 0.164083 0.309144 0.169806 0.315796 0.171513 0.318558 0.166794 0.324583 0.164083 0.329478 0.165187 0.333369 0.169806 0.342281 0.176936 0.347679 0.18517 0.354206 0.189287 0.345922 0.192802 0.336633 0.19471 0.323579 0.194007 0.315922 0.190794 0.309646 0.187681 0.306508 0.181756 0.304499 0.177137 0.304374 0.171313 0.304876 0.167396 0.306884
0 26 0.548984 0.86748 0.547891 0.868457 0.547187 0.870801 0.547813 0.871973 0.548828 0.873047 0.550625 0.872852 0.551875 0.87207 0.5525 0.870996 0.5525 0.869043 0.552109 0.867578 0.550625 0.867285
