4 6 0.402921 0.458693 0.409058 0.452202 0.428978 0.472718 0.447459 0.495098 0.469984 0.52614 0.497706 0.573066 0.513299 0.601221 0.532358 0.644536 0.549684 0.677023 0.554304 0.697959 0.559502 0.708788 0.565278 0.713119 0.569898 0.716007 0.580871 0.727558 0.608016 0.760044 0.634583 0.789643 0.664037 0.826461 0.687716 0.852451 0.716016 0.876996 0.750668 0.90082 0.774347 0.914358 0.777667 0.913093 0.779257 0.909483 0.777811 0.904248 0.772615 0.895044 0.754711 0.873387 0.759764 0.86923 0.767417 0.879162 0.781855 0.897932 0.786044 0.906233 0.786549 0.912101 0.785755 0.916885 0.784166 0.923201 0.777522 0.925365 0.77146 0.922478 0.74895 0.910213 0.701 0.875552 0.67039 0.848119 0.623609 0.792531 0.590112 0.752825 0.563545 0.719616 0.553727 0.711675 0.547374 0.696515 0.544486 0.684242 0.536401 0.669082 0.511566 0.616381 0.473449 0.550686 0.442839 0.503039 0.413385 0.469108
3 6 0.352244 0.429358 0.355212 0.416373 0.369876 0.426238 0.385926 0.435679 0.400561 0.44276 0.405281 0.448071 0.409058 0.452202 0.402921 0.458693 0.385454 0.448661 0.374124 0.44099 0.362322 0.434499
0 6 0.31181 0.407355 0.308506 0.404994 0.308034 0.400864 0.308506 0.397323 0.312282 0.396143 0.315115 0.398503 0.316059 0.400273 0.316059 0.404404 0.315115 0.406765
1 6 0.310198 0.429358 0.316134 0.415754 0.320586 0.39906 0.321575 0.382983 0.312177 0.383602 0.303273 0.386693 0.294864 0.394731 0.292885 0.40277 0.294864 0.413281 0.3008 0.423793
2 6 0.310198 0.429358 0.327511 0.436777 0.337405 0.438632 0.347298 0.434304 0.352244 0.429358 0.355212 0.416373 0.353728 0.403388 0.349276 0.394113 0.34334 0.389167 0.321575 0.382983 0.320586 0.39906 0.316134 0.415754
4 16 0.547689 0.013054 0.554327 0.007127 0.549585 0 0.538206 0 0.529671 0.011869 0.527775 0.032019 0.528723 0.05217 0.539154 0.084175 0.547689 0.088916 0.541999 0.074692 0.534413 0.039132 0.533465 0.026093 0.536309 0.015425 0.541051 0.013054 0.547689 0.013054 0.547689 0.013054 0.553378 0.022537 0.550533 0.033205 0.539154 0.045058 0.525878 0.061653 0.50312 0.10314 0.47562 0.15411 0.455706 0.197968 0.421568 0.269088 0.405447 0.308205 0.396913 0.331912 0.386482 0.368658 0.376999 0.392364 0.363723 0.417257 0.346654 0.438593 0.339246 0.447019 0.345939 0.456315 0.362322 0.434499 0.378661 0.409834 0.389816 0.387524 0.39651 0.361495 0.416589 0.30293 0.483206 0.161222 0.518292 0.097213 0.537258 0.062838 0.544844 0.05217 0.557171 0.037946 0.560965 0.024907 0.559068 0.014239 0.554327 0.007127 0.547689 0.013054
3 16 0.309107 0.524176 0.310986 0.51302 0.315448 0.496288 0.326603 0.470259 0.339246 0.447019 0.345939 0.456315 0.331809 0.482343 0.325116 0.498147 0.321398 0.51302 0.318776 0.528751 0.315448 0.524176
1 16 0.284214 0.557641 0.302806 0.569726 0.313217 0.579022 0.32586 0.580881 0.322141 0.592037 0.315448 0.605051 0.30578 0.608769 0.296856 0.604121 0.290163 0.592966 0.285701 0.574374
2 16 0.284214 0.557641 0.288676 0.543697 0.296856 0.531612 0.30578 0.524176 0.315448 0.524176 0.322885 0.534401 0.327347 0.551134 0.328091 0.571585 0.32586 0.580881 0.313217 0.579022 0.302806 0.569726
4 23 0.065476 0.684821 0.05656 0.684535 0.048657 0.677401 0.041732 0.673691 0.035301 0.673691 0.030355 0.676164 0.030849 0.681111 0.022935 0.684821 0.021946 0.680493 0.021946 0.674309 0.024419 0.668126 0.031344 0.665034 0.039259 0.665653 0.050141 0.668744 0.060529 0.676783 0.065476 0.684821 0.065476 0.684821 0.046184 0.684202 0.03728 0.683584 0.030849 0.681111 0.022935 0.684821 0.030355 0.691622 0.043711 0.693477 0.059045 0.694096 0.069928 0.695332 0.092187 0.702752 0.121372 0.716355 0.153525 0.731813 0.175785 0.749745 0.186641 0.75938 0.192002 0.752352 0.173806 0.736142 0.157977 0.723157 0.133739 0.71079 0.08823 0.691004 0.065476 0.684821
3 23 0.246444 0.79823 0.25195 0.787525 0.23421 0.779879 0.207907 0.763821 0.192002 0.752352 0.186641 0.75938 0.208518 0.775291 0.225646 0.78676 0.236045 0.791348
1 23 0.267854 0.832638 0.275806 0.814287 0.283147 0.795936 0.29171 0.783702 0.299051 0.791348 0.30578 0.802818 0.307615 0.814287 0.306391 0.824227 0.301498 0.830344 0.29171 0.835697 0.2807 0.837226 0.275806 0.836461
2 23 0.282535 0.779879 0.270912 0.77682 0.264795 0.77682 0.258678 0.781408 0.25195 0.787525 0.246444 0.79823 0.247668 0.810464 0.251338 0.821933 0.256843 0.827286 0.267854 0.832638 0.275806 0.814287 0.283147 0.795936 0.29171 0.783702
4 29 0.629223 0.882065 0.637787 0.897358 0.643904 0.905769 0.648798 0.908062 0.65308 0.908827 0.661032 0.915709 0.657362 0.920297 0.652162 0.921061 0.645456 0.919314 0.633486 0.908802 0.624941 0.895064 0.616729 0.875175 0.629223 0.882065 0.629223 0.882065 0.608425 0.870596 0.585792 0.854538 0.567441 0.838481 0.55276 0.820895 0.530739 0.790309 0.501377 0.736785 0.477179 0.695595 0.483115 0.690648 0.494037 0.708494 0.512999 0.738314 0.528904 0.76737 0.539914 0.788015 0.559489 0.815542 0.576965 0.834521 0.605367 0.856068 0.637787 0.873654 0.654915 0.884359 0.664091 0.898122 0.664702 0.908827 0.661032 0.915709 0.65308 0.908827 0.651856 0.898122 0.647575 0.89277 0.639011 0.888182 0.629223 0.882065
3 29 0.429197 0.638709 0.435133 0.629434 0.461592 0.662624 0.483115 0.690648 0.477179 0.695595 0.457745 0.670707 0.436123 0.644893
1 29 0.390119 0.623869 0.393597 0.615485 0.400013 0.605938 0.408009 0.592873 0.414852 0.58306 0.406938 0.578114 0.40135 0.576348 0.395485 0.576348 0.390615 0.57846 0.385173 0.582442 0.38171 0.588007 0.380721 0.600373 0.381216 0.60903 0.383359 0.615237
2 29 0.390119 0.623869 0.395485 0.63114 0.401449 0.63698 0.408307 0.640459 0.420788 0.641183 0.429197 0.638709 0.435133 0.629434 0.435628 0.614595 0.432165 0.600373 0.424746 0.589862 0.414852 0.58306 0.408009 0.593246 0.400013 0.605938 0.393597 0.615982
1 1 0.55184 0.671881 0.566078 0.674011 0.581776 0.67538 0.594188 0.675532 0.593945 0.689678 0.589929 0.705954 0.585183 0.712951 0.577395 0.715994 0.565591 0.712495 0.560967 0.708236 0.557316 0.70352 0.555004 0.698805 0.552448 0.685419 0.55184 0.675836
0 1 0.577959 0.683386 0.576466 0.684216 0.575637 0.686807 0.576217 0.689192 0.578125 0.689918 0.57912 0.689503 0.580281 0.688363 0.580696 0.685978 0.579867 0.684319 0.57912 0.683386
2 1 0.551752 0.671775 0.551503 0.660683 0.552913 0.652908 0.558386 0.644303 0.564855 0.640778 0.573066 0.639223 0.580115 0.641711 0.585589 0.644925 0.590565 0.64845 0.592556 0.654566 0.593551 0.66286 0.5938 0.669287 0.59438 0.6753 0.581442 0.675404 0.566016 0.673953
3 1 0.575313 0.639258 0.580469 0.57373 0.582031 0.55752 0.587734 0.558594 0.581328 0.642578
4 1 0.585559 0.40195 0.580645 0.377221 0.579889 0.352964 0.581149 0.333906 0.582283 0.321305 0.585938 0.311382 0.590852 0.311854 0.599798 0.321777 0.599294 0.344774 0.596396 0.371866 0.591104 0.399902 0.58808 0.388877 0.590978 0.363518 0.592868 0.337056 0.59312 0.326188 0.58997 0.32477 0.587702 0.328235 0.585181 0.339576 0.585181 0.367455 0.58745 0.387932 0.591356 0.40069 0.59438 0.418646 0.596522 0.435815 0.597278 0.462119 0.596396 0.488896 0.59438 0.512522 0.58808 0.55883 0.581779 0.557727 0.585685 0.523233 0.5906 0.487793 0.590978 0.466057 0.591734 0.453456 0.589844 0.431562 0.585559 0.40195 0.583404 0.400167 0.584541 0.396513 0.587302 0.407679 0.584378 0.434682 0.582592 0.470618 0.583729 0.507569 0.586002 0.518735 0.584703 0.529496 0.582916 0.527466 0.578206 0.51102 0.57642 0.479348 0.576582 0.453157 0.583404 0.400167
0 16 0.293034 0.577595 0.293726 0.580407 0.295889 0.582354 0.297533 0.582894 0.298917 0.582245 0.299263 0.580299 0.299003 0.57846 0.297879 0.575865 0.295716 0.575108 0.294937 0.575324
