4 7 0.164654 1 0.196758 0.958309 0.216823 0.9326 0.225853 0.918806 0.239396 0.907519 0.272848 0.879477 0.301153 0.859687 0.352967 0.826703 0.353136 0.826722 0.355903 0.833898 0.355666 0.834565 0.30521 0.865444 0.272098 0.890409 0.242908 0.91567 0.229279 0.931598 0.211481 0.955486 0.17569 1
3 7 0.352952 0.826246 0.37852 0.810992 0.407575 0.79356 0.407671 0.793553 0.407671 0.797056 0.409511 0.801657 0.409985 0.801953 0.38375 0.816803 0.356033 0.834236
2 7 0.429143 0.810093 0.420554 0.808559 0.409511 0.801657 0.407671 0.797056 0.407671 0.78862 0.410738 0.779418 0.418594 0.77168 0.43 0.765527 0.439141 0.763086 0.440799 0.767148 0.442026 0.774817 0.44264 0.785553 0.445094 0.794755 0.448775 0.803191 0.449453 0.807324 0.441413 0.810093 0.433437 0.810859
1 7 0.439219 0.763086 0.444609 0.761816 0.455563 0.762519 0.460819 0.765804 0.464531 0.772559 0.465313 0.778613 0.465469 0.783203 0.464922 0.788477 0.462969 0.794434 0.459768 0.799311 0.455563 0.803909 0.449297 0.807617 0.448775 0.803191 0.445094 0.794755 0.44264 0.785553 0.442026 0.774817 0.440799 0.767148
4 17 0.183088 0.726567 0.183225 0.726409 0.24424 0.677016 0.298281 0.630528 0.345318 0.586945 0.370007 0.556896 0.408769 0.496739 0.42797 0.46675 0.434875 0.444309 0.440168 0.413432 0.441395 0.399629 0.439554 0.390426 0.434033 0.389659 0.430965 0.395794 0.430965 0.410365 0.428511 0.451009 0.428511 0.457144 0.427284 0.463279 0.422377 0.46788 0.421763 0.467113 0.420536 0.462512 0.419923 0.454076 0.422377 0.408831 0.424217 0.39196 0.426057 0.383524 0.430965 0.377389 0.434646 0.377389 0.440168 0.37969 0.444462 0.385825 0.44787 0.40469 0.44519 0.427857 0.442591 0.440279 0.437714 0.460211 0.433419 0.469414 0.423604 0.486285 0.388016 0.548679 0.366576 0.576292 0.33409 0.611215 0.228836 0.7038 0.185955 0.73385 0.185777 0.73385
3 17 0.135857 0.771494 0.157454 0.750558 0.177222 0.731594 0.183064 0.726502 0.185822 0.733972 0.15824 0.759831 0.141631 0.780097 0.140541 0.774647
2 17 0.0945312 0.787598 0.096875 0.784961 0.101648 0.78056 0.118992 0.771362 0.127927 0.770048 0.133709 0.770048 0.140541 0.774647 0.142118 0.78253 0.140016 0.791728 0.135811 0.806839 0.128975 0.818735 0.125859 0.824609 0.120043 0.817351 0.116016 0.810059 0.110859 0.802148 0.106328 0.797266 0.100625 0.792188
1 17 0.0882813 0.812793 0.0890625 0.802734 0.0917969 0.793066 0.0945312 0.787598 0.100234 0.791797 0.106172 0.797266 0.110781 0.801953 0.11625 0.810156 0.11973 0.817351 0.126172 0.825 0.119891 0.832352 0.114873 0.835487 0.108854 0.835487 0.103125 0.833105 0.0989844 0.831348 0.0942187 0.826562 0.0908594 0.820996
4 26 0.936729 0.067761 0.95406 0.056438 0.967604 0.047033 0.976131 0.037 0.983154 0.022578 0.993688 0 0.999708 0 1 0.00314 0.985161 0.035119 0.972118 0.051422 0.964092 0.058946 0.950548 0.067725 0.939246 0.073612 0.936876 0.067687
3 26 0.892004 0.087692 0.916693 0.077535 0.932343 0.069976 0.936876 0.067687 0.939327 0.073815 0.915224 0.08556 0.892907 0.095969 0.892907 0.095592
2 26 0.845547 0.0841797 0.849609 0.080957 0.857405 0.077001 0.867 0.074602 0.877075 0.076401 0.88571 0.08 0.891947 0.087196 0.892907 0.095592 0.892907 0.105787 0.890508 0.111784 0.888531 0.113856 0.87403 0.12594 0.8675 0.129785 0.867816 0.123351 0.865745 0.115583 0.861243 0.104587 0.857405 0.097991 0.850209 0.089595
1 26 0.829734 0.1072 0.832675 0.099389 0.837821 0.092497 0.845313 0.0839844 0.850209 0.089595 0.857405 0.097991 0.861243 0.104587 0.865745 0.115583 0.867816 0.123351 0.8675 0.129785 0.862448 0.132012 0.855464 0.13339 0.847745 0.134768 0.839659 0.13293 0.833778 0.126038 0.830469 0.117308
4 33 0.480891 0.774419 0.482634 0.769334 0.490924 0.770437 0.50091 0.772408 0.51405 0.775036 0.532445 0.772408 0.553994 0.765838 0.573441 0.754013 0.61602 0.722932 0.649468 0.692318 0.671537 0.670129 0.697924 0.646741 0.713756 0.629349 0.735824 0.598165 0.760904 0.559509 0.777458 0.536936 0.789998 0.519379 0.803041 0.506838 0.826617 0.488027 0.854708 0.469216 0.856357 0.468872 0.855189 0.47015 0.85956 0.474905 0.859555 0.474914 0.827539 0.498885 0.807782 0.514138 0.788606 0.533024 0.77106 0.560369 0.746223 0.598316 0.715671 0.637883 0.692358 0.662423 0.645733 0.705368 0.597109 0.748269 0.564568 0.769334 0.545392 0.777324 0.533189 0.78023 0.513575 0.78258 0.495999 0.780956 0.486702 0.78023
3 33 0.859202 0.465761 0.863287 0.463718 0.879628 0.447377 0.895855 0.430249 0.897559 0.433443 0.902033 0.434562 0.885347 0.452995 0.859776 0.47514 0.855189 0.47015
2 33 0.893721 0.422649 0.89468 0.413054 0.897559 0.401659 0.903241 0.391881 0.908756 0.384456 0.913847 0.380213 0.915394 0.37822 0.92106 0.384456 0.923134 0.391378 0.925817 0.397571 0.933788 0.409382 0.93803 0.414685 0.939027 0.418211 0.9317 0.424661 0.922757 0.431656 0.919345 0.432727 0.911472 0.434643 0.904755 0.435242 0.897559 0.433443 0.89468 0.428046
1 33 0.919772 0.376523 0.925083 0.37448 0.933661 0.376012 0.942649 0.381119 0.947551 0.39031 0.948625 0.394732 0.948776 0.400013 0.948316 0.406214 0.9451 0.411758 0.939337 0.417824 0.93803 0.414685 0.933788 0.409382 0.925611 0.397829 0.923237 0.391249 0.92106 0.384456 0.91591 0.37822
4 42 0.455804 0.345884 0.460422 0.342997 0.496298 0.325749 0.528311 0.31333 0.551493 0.307121 0.569155 0.301601 0.589577 0.292632 0.610551 0.280903 0.628214 0.267794 0.645876 0.252615 0.695203 0.193667 0.712101 0.175836 0.725487 0.162669 0.736303 0.148978 0.751019 0.130582 0.759429 0.124013 0.767838 0.119414 0.77835 0.119414 0.788861 0.122042 0.798322 0.127954 0.807782 0.133867 0.817243 0.137152 0.829331 0.13978 0.856136 0.13978 0.870556 0.139234 0.888672 0.141145 0.902204 0.141665 0.919722 0.14271 0.93059 0.137868 0.943392 0.133764 0.951599 0.125353 0.964166 0.109456 0.985025 0.067278 1 0.033536 1 0.052708 0.971528 0.110223 0.959313 0.131918 0.949629 0.140945 0.941006 0.146779 0.926107 0.150848 0.886919 0.14897 0.872756 0.1478 0.861052 0.147445 0.849452 0.148668 0.841486 0.149716 0.832879 0.149333 0.824904 0.149333 0.813861 0.145499 0.802205 0.141665 0.791162 0.136297 0.775489 0.133354 0.768432 0.132739 0.759405 0.135611 0.750706 0.14751 0.738724 0.161051 0.680764 0.226453 0.651465 0.260397 0.629379 0.279569 0.612201 0.288771 0.5803 0.306409 0.516496 0.329415 0.463123 0.351655 0.462095 0.351655 0.462642 0.351381 0.461479 0.343391
3 42 0.403151 0.364014 0.439979 0.352834 0.461479 0.343391 0.462642 0.351381 0.439398 0.363003 0.424289 0.369541 0.405827 0.375154 0.405827 0.368793
2 42 0.359375 0.36709 0.35875 0.362793 0.365625 0.358789 0.371664 0.355653 0.38165 0.354339 0.394264 0.356967 0.402148 0.362223 0.405827 0.368793 0.405827 0.37799 0.404776 0.383246 0.402673 0.388502 0.38638 0.401642 0.377971 0.406241 0.374375 0.408496 0.371484 0.403418 0.369062 0.396973 0.366484 0.39043 0.364922 0.384668 0.364766 0.380273 0.362031 0.371875
1 42 0.344717 0.386665 0.346373 0.374936 0.352445 0.367347 0.358672 0.362793 0.359531 0.36748 0.361641 0.372168 0.362891 0.375781 0.364687 0.380469 0.364844 0.384668 0.36625 0.390234 0.369062 0.397266 0.371406 0.403711 0.374375 0.408594 0.370107 0.409433 0.361276 0.409433 0.352997 0.406673 0.347477 0.399084
4 52 0.581921 0.624747 0.616633 0.603624 0.632639 0.587755 0.648094 0.569816 0.665204 0.544979 0.702184 0.499443 0.725366 0.480814 0.747996 0.467705 0.773386 0.459426 0.807054 0.458046 0.849002 0.455976 0.870528 0.447007 0.878256 0.444247 0.891502 0.447007 0.906957 0.455286 0.924619 0.464256 0.93897 0.467705 0.951664 0.473915 0.958044 0.478871 0.963339 0.486042 0.963339 0.490455 0.962457 0.494868 0.958927 0.497626 0.954955 0.498729 0.947895 0.497074 0.92997 0.486405 0.924715 0.481149 0.926817 0.477865 0.92997 0.476551 0.934175 0.479178 0.938905 0.485091 0.947426 0.490832 0.950304 0.491432 0.953183 0.491432 0.954142 0.489033 0.954142 0.485435 0.954142 0.481837 0.950471 0.479577 0.944107 0.476925 0.936046 0.474273 0.930955 0.472682 0.923742 0.470031 0.91059 0.464727 0.898286 0.459954 0.891074 0.455181 0.883437 0.450939 0.874528 0.451469 0.862648 0.457303 0.855436 0.461015 0.841435 0.463136 0.829132 0.464727 0.810888 0.464727 0.790099 0.465788 0.763049 0.471049 0.745398 0.476565 0.733042 0.484839 0.715391 0.496974 0.696416 0.517383 0.680089 0.539447 0.645337 0.584287 0.637982 0.593481 0.628788 0.602101 0.614077 0.615318 0.5856 0.630003
3 52 0.519271 0.659417 0.539888 0.643169 0.558736 0.6334 0.576665 0.626505 0.581921 0.624747 0.5856 0.630003 0.563525 0.639857 0.542502 0.651683 0.523001 0.664452 0.520913 0.660101
2 52 0.47492 0.698636 0.475768 0.697045 0.513237 0.660701 0.516595 0.658302 0.520913 0.660101 0.523792 0.666098 0.523792 0.672095 0.518035 0.688287 0.510358 0.712275 0.509285 0.715076 0.507164 0.714546 0.502921 0.711364 0.499103 0.707651 0.490617 0.703939 0.482556 0.701818 0.477041 0.700227
1 52 0.466093 0.723158 0.466473 0.714602 0.470657 0.704144 0.475229 0.698868 0.477041 0.700227 0.482556 0.701818 0.490617 0.703939 0.499103 0.707651 0.502921 0.711364 0.507164 0.714546 0.509285 0.715076 0.509394 0.714791 0.509445 0.715077 0.504881 0.728387 0.498797 0.736468 0.493093 0.742648 0.485487 0.744074 0.477882 0.744074 0.471037 0.740746 0.466854 0.731715
0 52 0.493405 0.713128 0.494116 0.709127 0.496606 0.708237 0.500163 0.710016 0.501586 0.713128 0.500519 0.716241 0.497673 0.716685 0.495183 0.715796
4 57 0.528735 0.131921 0.532233 0.114338 0.538864 0.089473 0.561717 0.000767851 0.572023 0.000252515 0.539118 0.127936 0.536519 0.140118 0.537819 0.164482 0.548864 0.222957 0.570329 0.301085 0.569155 0.301601 0.561689 0.303934 0.544757 0.248789 0.536654 0.20919 0.529287 0.169592 0.527813 0.144727
3 57 0.565135 0.311877 0.573252 0.30895 0.580616 0.327873 0.585894 0.347663 0.588744 0.360729 0.585994 0.357782 0.582843 0.356305 0.581473 0.357561 0.571981 0.333271
2 57 0.564958 0.377978 0.555268 0.399998 0.549548 0.413785 0.548323 0.421445 0.549957 0.429615 0.55731 0.437786 0.563438 0.438296 0.569974 0.436764 0.579778 0.427062 0.590327 0.40308 0.593872 0.382893 0.593872 0.369599 0.591508 0.363691 0.585994 0.357782 0.582843 0.356305 0.576934 0.361721 0.569844 0.372553
0 57 0.58029 0.367069 0.58105 0.362316 0.583712 0.361365 0.587515 0.363266 0.588656 0.367544 0.588275 0.372773 0.585233 0.374675 0.58029 0.372298
0 7 0.450703 0.786035 0.452188 0.784473 0.452734 0.783301 0.45375 0.780078 0.453594 0.77793 0.453203 0.775977 0.451484 0.773633 0.45 0.772949 0.448906 0.772656 0.447813 0.773242 0.446406 0.773926 0.446172 0.778809 0.446719 0.78252 0.448828 0.786035 0.450703 0.786035 0.451562 0.793164 0.450625 0.794727 0.449687 0.79668 0.450547 0.798828 0.452187 0.799023 0.453984 0.797949 0.454844 0.795605 0.453984 0.793945 0.452734 0.793164 0.451562 0.793164
