4 7 0.183772 0.069755 0.191952 0.063248 0.183684 0.049868 0.177319 0.036141 0.169959 0.0202683 0.169074 0.000552771 0.162441 0.000737028 0.160672 0.0173202 0.160967 0.0213738 0.169061 0.040839 0.17579 0.056131
3 7 0.226399 0.146767 0.237829 0.137675 0.220956 0.116235 0.198645 0.078121 0.191952 0.063248 0.183772 0.069755 0.20162 0.099502 0.219469 0.12832
1 7 0.230036 0.182483 0.235751 0.17534 0.245621 0.171444 0.258609 0.1643 0.273675 0.162352 0.279909 0.176639 0.27887 0.190276 0.274714 0.199367 0.266402 0.206511 0.258609 0.20716 0.251855 0.205861 0.240426 0.195471
2 7 0.230036 0.182483 0.224321 0.168197 0.224321 0.159105 0.226399 0.146767 0.237829 0.137675 0.248738 0.135727 0.256531 0.135078 0.265363 0.144169 0.273675 0.162352 0.258609 0.1643 0.245621 0.171444 0.235751 0.17534
4 13 0.509523 0.167167 0.510135 0.177107 0.540108 0.165638 0.566411 0.154933 0.578034 0.151874 0.596183 0.148623 0.614355 0.146456 0.630462 0.145661 0.664337 0.140309 0.68108 0.141296 0.711689 0.150917 0.767662 0.18093 0.811093 0.203105 0.840556 0.218078 0.850727 0.221074 0.863498 0.220818 0.89245 0.216103 0.91399 0.211004 0.921812 0.207693 0.925482 0.200811 0.924259 0.196223 0.912025 0.200046 0.905705 0.202117 0.894772 0.204953 0.864312 0.209222 0.853913 0.209986 0.842926 0.206928 0.811705 0.1924 0.772556 0.17099 0.713221 0.140405 0.683502 0.13209 0.664795 0.130561 0.627731 0.135342 0.598596 0.138846 0.575226 0.142446 0.556624 0.147287 0.531544 0.157992
3 13 0.449576 0.194694 0.453246 0.206163 0.475879 0.193929 0.496677 0.181695 0.510135 0.177107 0.509523 0.167167 0.4948 0.172113 0.481996 0.179401 0.467315 0.188577
1 13 0.410427 0.203869 0.417386 0.219963 0.423931 0.232445 0.433665 0.251326 0.423884 0.254335 0.412262 0.254335 0.406145 0.249747 0.40312 0.243669 0.400435 0.235277 0.401251 0.220691 0.404921 0.211516
2 13 0.410427 0.203869 0.423272 0.193165 0.435506 0.188577 0.44407 0.189341 0.449576 0.194694 0.453246 0.206163 0.455693 0.221456 0.452023 0.236749 0.44407 0.245924 0.434001 0.251326 0.424099 0.232865 0.417637 0.220382
4 19 0.901301 0.378878 0.895449 0.383755 0.893499 0.386193 0.880495 0.419514 0.861641 0.455273 0.840185 0.496721 0.82356 0.534344 0.795825 0.614311 0.778998 0.669402 0.769382 0.701454 0.764574 0.732505 0.756561 0.762554 0.752554 0.781585 0.751763 0.798235 0.758915 0.798235 0.762165 0.775479 0.769967 0.753536 0.773868 0.735657 0.776469 0.714526 0.78102 0.692583 0.796624 0.642195 0.815479 0.58043 0.833684 0.531667 0.86034 0.47559 0.888948 0.41545 0.8987 0.390256 0.901301 0.378878 0.901836 0.359571 0.898295 0.345961 0.924421 0.263602 0.939053 0.215499 0.939921 0.204641 0.939053 0.203556 0.935578 0.211156 0.924286 0.232871 0.922549 0.222014 0.931235 0.198127 0.937315 0.188355 0.944264 0.188355 0.949476 0.194869 0.950345 0.208984 0.940924 0.237804 0.933841 0.263273 0.91333 0.323075 0.901836 0.359571
3 19 0.744611 0.882757 0.755664 0.881131 0.756314 0.850248 0.758915 0.798235 0.751763 0.798235 0.749162 0.820991 0.746561 0.864064
1 19 0.726668 0.91851 0.737965 0.919826 0.756443 0.920185 0.773773 0.918869 0.772719 0.934427 0.771283 0.941368 0.766066 0.950211 0.761135 0.954413 0.751763 0.958338 0.744476 0.957046 0.73941 0.955087 0.732258 0.94371 0.729007 0.933144
2 19 0.726476 0.917911 0.726668 0.911927 0.729007 0.899823 0.736159 0.888446 0.744611 0.882757 0.755664 0.881131 0.764766 0.887633 0.771268 0.898198 0.773773 0.911209 0.773581 0.918869 0.756252 0.920185 0.738253 0.920065
4 24 0.395539 0.499736 0.402477 0.500603 0.402868 0.556017 0.401015 0.6403 0.394181 0.729742 0.390979 0.796255 0.38897 0.908895 0.387232 0.957755 0.386364 1 0.377678 1 0.381152 0.931696 0.382021 0.852434 0.382321 0.801667 0.384627 0.752543 0.390707 0.661338 0.39275 0.624803 0.394181 0.588591 0.395309 0.524687
3 24 0.395539 0.407809 0.401783 0.408677 0.403864 0.449437 0.402477 0.484993 0.402477 0.500603 0.395539 0.499736 0.396232 0.463312 0.396926 0.425154
1 24 0.37195 0.354041 0.393457 0.342767 0.404329 0.337202 0.398314 0.327157 0.392764 0.321953 0.386519 0.321086 0.378194 0.324555 0.373338 0.33236 0.37195 0.341033
2 24 0.37195 0.354041 0.374725 0.371386 0.383744 0.390465 0.391376 0.402606 0.395539 0.407809 0.401783 0.408677 0.405252 0.396535 0.406877 0.381435 0.407333 0.367917 0.405603 0.345412 0.404329 0.337079 0.393457 0.342767
0 24 0.376348 0.343225 0.375431 0.344596 0.375464 0.347369 0.377011 0.349717 0.378334 0.350298 0.380216 0.349026 0.3811 0.347231 0.381321 0.345021 0.380547 0.343363 0.378337 0.342396 0.377343 0.342534
0 7 0.256923 0.175829 0.254628 0.183718 0.254246 0.18826 0.256158 0.192922 0.259027 0.195432 0.262278 0.196986 0.265338 0.19603 0.269546 0.195552 0.27251 0.192802 0.273753 0.191846 0.275857 0.188977 0.276622 0.185272 0.276526 0.18061 0.275187 0.176546 0.272797 0.174036 0.267442 0.17296 0.264286 0.172841 0.260748 0.17308 0.258453 0.175231
0 13 0.418281 0.23877 0.416719 0.240332 0.416406 0.242285 0.417812 0.244434 0.419297 0.244824 0.421484 0.24502 0.423516 0.244141 0.424687 0.242578 0.424687 0.241797 0.424531 0.239648 0.423125 0.23877 0.421094 0.238477 0.419922 0.238379 0.419297 0.238672
1 1 0.853522 0.346741 0.849853 0.337778 0.848352 0.330691 0.850187 0.321311 0.852938 0.317559 0.856857 0.314224 0.863777 0.314015 0.872449 0.317455 0.878285 0.322249 0.882537 0.325688 0.885456 0.329649 0.871031 0.341843 0.85644 0.352265 0.854522 0.349347
0 1 0.869614 0.331316 0.868613 0.334026 0.86928 0.336006 0.871365 0.338716 0.873199 0.339446 0.874867 0.339237 0.876117 0.338299 0.876451 0.337049 0.875867 0.33486 0.87495 0.332671 0.872615 0.331004 0.871115 0.330587
2 1 0.885622 0.32944 0.891792 0.337049 0.897795 0.345178 0.900797 0.354662 0.902298 0.361645 0.902048 0.372067 0.90063 0.378946 0.896878 0.381551 0.892126 0.384782 0.885205 0.385095 0.878118 0.382281 0.872532 0.378216 0.864945 0.368003 0.856523 0.352369 0.871281 0.341843 0.875784 0.338091
4 1 0.930108 0.407352 0.927559 0.414999 0.922716 0.416911 0.913667 0.414203 0.906275 0.404166 0.899011 0.381226 0.895188 0.38266 0.892894 0.385527 0.897354 0.403051 0.911246 0.425036 0.924373 0.430611 0.935971 0.424239 0.93852 0.414203 0.930108 0.407352 0.930236 0.407671 0.928961 0.400184 0.922334 0.384093 0.910609 0.368162 0.90105 0.357329 0.903727 0.351754 0.915579 0.361472 0.931 0.386802 0.937118 0.399068 0.939029 0.409742 0.939029 0.414521 0.930236 0.407671
