2 9 0.531665 0.402666 0.521584 0.40489 0.511503 0.41082 0.502608 0.416008 0.497271 0.421938 0.496085 0.426386 0.497864 0.435281 0.503794 0.445658 0.509724 0.45307 0.517433 0.458259 0.522177 0.459742 0.53331 0.461882 0.534255 0.455336 0.53726 0.443531 0.538188 0.428609 0.537595 0.412302 0.537002 0.40226
4 9 0.45295 0.733396 0.458919 0.784022 0.473248 0.888647 0.48733 1 0.494116 1 0.478911 0.8824 0.464549 0.784203 0.460187 0.743002 0.456309 0.738155 0.45295 0.733396 0.446607 0.708808 0.415549 0.586548 0.401179 0.537876 0.393763 0.506007 0.389127 0.483409 0.3882 0.463709 0.390981 0.447484 0.397007 0.435316 0.401643 0.428363 0.405677 0.426001 0.408904 0.434471 0.404424 0.444587 0.398277 0.46181 0.398099 0.478271 0.401481 0.498514 0.418794 0.558735 0.439654 0.647968 0.449852 0.694902 0.450779 0.700117 0.448924 0.705911 0.446607 0.708808
3 9 0.405677 0.426001 0.413744 0.422371 0.43859 0.419144 0.45795 0.418741 0.476342 0.418741 0.497253 0.422008 0.496085 0.426386 0.496929 0.430605 0.471825 0.428017 0.446011 0.428421 0.427942 0.428824 0.415035 0.431244 0.408904 0.434471
1 9 0.534427 0.455336 0.537431 0.443316 0.538188 0.428609 0.537595 0.412302 0.537002 0.40226 0.544397 0.401491 0.552637 0.404521 0.560393 0.409368 0.56524 0.416638 0.567178 0.426333 0.564755 0.439056 0.558938 0.44875 0.550214 0.456627 0.543428 0.460868 0.533734 0.46208
2 16 0.45295 0.733396 0.456309 0.738155 0.460187 0.743002 0.466591 0.747061 0.4764 0.749726 0.485782 0.748127 0.4909 0.744929 0.494311 0.734267 0.494311 0.725205 0.492606 0.714543 0.486209 0.699617 0.48125 0.687793 0.478125 0.696582 0.473281 0.705078 0.469688 0.7125 0.465703 0.720703 0.460469 0.725977 0.451172 0.729492
4 16 0.52408 0.824267 0.531193 0.818551 0.544476 0.843833 0.562417 0.884443 0.574539 0.91293 0.586661 0.95354 0.59248 0.983239 0.594904 1 0.588116 1 0.584237 0.97839 0.577448 0.951721 0.567266 0.924446 0.559507 0.903838 0.549325 0.878988 0.537202 0.853531 0.527989 0.834135
3 16 0.48389 0.74845 0.485782 0.748127 0.4909 0.744929 0.491825 0.742038 0.497151 0.753133 0.506552 0.769647 0.517921 0.789891 0.531193 0.818551 0.52408 0.824267 0.507821 0.790606 0.490546 0.75885
0 16 0.461473 0.713284 0.459391 0.713863 0.45754 0.715598 0.457078 0.717911 0.456846 0.720513 0.457676 0.722538 0.458928 0.723116 0.461242 0.723116 0.462861 0.722248 0.464018 0.721092 0.46448 0.7182 0.464018 0.715887 0.463092 0.714152
1 16 0.450386 0.727337 0.451328 0.729395 0.460703 0.725684 0.465703 0.72041 0.469844 0.712305 0.473281 0.704785 0.478047 0.696387 0.48125 0.687695 0.474962 0.683037 0.466563 0.683008 0.46126 0.68494 0.454029 0.691125 0.450779 0.700117 0.448924 0.705911 0.446607 0.708808 0.446797 0.714437 0.447939 0.722049
2 23 0.591433 0.744601 0.582051 0.7462 0.574374 0.749932 0.56883 0.757395 0.565845 0.766457 0.567124 0.776053 0.570536 0.784049 0.576933 0.78938 0.585036 0.792045 0.593565 0.792045 0.600815 0.790446 0.604117 0.789676 0.6038 0.784049 0.603374 0.771788 0.601241 0.758461 0.597403 0.744601
4 23 0.529292 0.809231 0.534769 0.810372 0.538465 0.822861 0.543791 0.850739 0.547452 0.884442 0.549117 0.944775 0.55178 1 0.542126 1 0.540462 0.924386 0.53913 0.882362 0.53447 0.843249 0.531142 0.824525 0.528812 0.812875
3 23 0.529292 0.809231 0.530205 0.792877 0.532935 0.785992 0.537436 0.78173 0.543794 0.779068 0.552796 0.776328 0.560264 0.773363 0.566463 0.771091 0.567124 0.776053 0.568289 0.778781 0.553633 0.783749 0.541158 0.788313 0.536899 0.790595 0.535073 0.799342 0.534769 0.810372
1 23 0.597403 0.744601 0.601241 0.758461 0.603374 0.771788 0.6038 0.784049 0.604216 0.789801 0.609484 0.785949 0.616594 0.777119 0.619153 0.767523 0.6183 0.755263 0.614888 0.748866 0.608491 0.745134 0.602094 0.744601
2 30 0.34926 0.829253 0.34926 0.836277 0.348137 0.844705 0.345889 0.850323 0.345889 0.858049 0.347575 0.86718 0.349141 0.873633 0.352578 0.880859 0.362745 0.877715 0.373421 0.871394 0.381287 0.865775 0.390547 0.855762 0.384658 0.841193 0.380725 0.83417 0.376792 0.829253 0.372297 0.827146 0.365555 0.824337 0.359936 0.823634 0.353755 0.82223 0.350946 0.825039
4 30 0.550214 0.456627 0.568026 0.44559 0.582264 0.435208 0.601249 0.42705 0.623793 0.420376 0.643964 0.416668 0.670068 0.416668 0.67956 0.416668 0.692019 0.412219 0.696765 0.406286 0.694985 0.401095 0.691426 0.39887 0.683713 0.397387 0.674221 0.398128 0.664135 0.40332 0.655236 0.405544 0.643371 0.406286 0.61964 0.411477 0.603029 0.415926 0.589383 0.421859 0.570992 0.432241 0.564755 0.439056 0.558938 0.44875 0.550214 0.456627 0.527129 0.462848 0.520604 0.460379 0.517433 0.458259 0.506494 0.459785 0.497228 0.463348 0.482973 0.473149 0.476559 0.484731 0.470144 0.51235 0.453751 0.574715 0.44306 0.604116 0.43023 0.637971 0.418114 0.66559 0.393167 0.72261 0.38447 0.741518 0.390246 0.747072 0.411699 0.709246 0.421677 0.68519 0.426666 0.667372 0.435219 0.647771 0.447336 0.621934 0.458027 0.588079 0.471569 0.539969 0.476559 0.515913 0.482261 0.496313 0.487963 0.482058 0.498654 0.473149 0.521462 0.464239 0.527129 0.462848
3 30 0.344482 0.819828 0.344927 0.813718 0.35248 0.794835 0.375584 0.755403 0.38447 0.741518 0.390246 0.747072 0.38136 0.759846 0.371585 0.775397 0.361366 0.794835 0.355146 0.805943 0.35248 0.813163 0.35248 0.818162 0.353313 0.822673 0.350946 0.825039 0.34926 0.829253 0.34926 0.830327 0.346704 0.826492
0 30 0.368442 0.867692 0.365936 0.867692 0.363743 0.868867 0.362491 0.871216 0.362491 0.873957 0.363117 0.877089 0.364683 0.878656 0.367189 0.878656 0.369068 0.877872 0.370635 0.875915 0.371261 0.873174 0.370321 0.869259
1 30 0.352578 0.880957 0.362745 0.877715 0.373421 0.871394 0.381287 0.865775 0.390703 0.855664 0.391963 0.865073 0.392525 0.87631 0.391401 0.884036 0.386906 0.893166 0.380725 0.896678 0.371735 0.896678 0.363307 0.893166 0.356003 0.886143
0 9 0.548592 0.419278 0.553829 0.419493 0.555117 0.421639 0.554773 0.425824 0.550652 0.428829 0.549021 0.433658 0.546188 0.436341 0.542668 0.434409 0.541552 0.428936 0.540865 0.42561 0.539921 0.420458 0.540865 0.416917 0.542325 0.41638 0.544815 0.416059 0.546703 0.417883
