2 7 0.775575 0.776892 0.777326 0.767406 0.781996 0.75646 0.786082 0.749893 0.792504 0.746974 0.796006 0.746974 0.80126 0.750623 0.806514 0.755001 0.812067 0.766636 0.814686 0.783459 0.814609 0.796875 0.809297 0.796289 0.802812 0.796582 0.79625 0.795215 0.79 0.794922 0.784453 0.793457 0.775703 0.790723 0.775156 0.783984
4 7 0.773567 0.673238 0.767265 0.652567 0.755123 0.626172 0.747205 0.607036 0.737175 0.587899 0.725033 0.567443 0.70814 0.543027 0.685968 0.513333 0.670659 0.490897 0.650071 0.463842 0.629482 0.443385 0.616813 0.440086 0.606782 0.438106 0.596224 0.440086 0.588834 0.446025 0.580915 0.455263 0.574052 0.465821 0.570885 0.478359 0.569829 0.490237 0.573524 0.505414 0.582499 0.539068 0.606255 0.592518 0.63001 0.63475 0.644791 0.652567 0.649015 0.656526 0.649543 0.661146 0.645847 0.662465 0.641624 0.662465 0.628954 0.647948 0.615757 0.624852 0.598336 0.593178 0.576164 0.541048 0.569829 0.519931 0.566134 0.502775 0.564022 0.492876 0.563494 0.484298 0.566134 0.469121 0.570885 0.456583 0.575636 0.448005 0.58461 0.440746 0.591473 0.434807 0.597808 0.431508 0.60731 0.429528 0.615757 0.430188 0.626843 0.433487 0.633705 0.437446 0.645319 0.447345 0.664852 0.469781 0.69547 0.513992 0.719754 0.546327 0.741398 0.58064 0.753012 0.602416 0.764098 0.624852 0.773072 0.650588 0.779666 0.670466
3 7 0.773567 0.673238 0.779666 0.670466 0.786874 0.692643 0.791309 0.712741 0.793527 0.727987 0.795744 0.74462 0.795744 0.746974 0.792504 0.746974 0.786902 0.74952 0.787428 0.73769 0.785765 0.72175 0.783547 0.705117 0.778557 0.691257
1 7 0.775625 0.790527 0.777326 0.800971 0.781412 0.811917 0.786666 0.817754 0.791336 0.822132 0.797757 0.822862 0.803011 0.822132 0.808265 0.817025 0.812935 0.810457 0.814688 0.79707 0.808906 0.796484 0.803047 0.796484 0.79625 0.795215 0.789687 0.794922 0.784687 0.793262 0.78 0.791895
2 13 0.655558 0.326777 0.655558 0.316071 0.657069 0.304736 0.658077 0.296549 0.661604 0.287732 0.667146 0.282064 0.675206 0.280175 0.681252 0.281435 0.687298 0.287102 0.692336 0.296549 0.695359 0.316071 0.695359 0.324888 0.695359 0.326777 0.690321 0.326777 0.680244 0.325517 0.668153 0.328036 0.656566 0.331185
4 13 0.646727 0.220134 0.636696 0.19678 0.61546 0.156962 0.589608 0.10618 0.56237 0.052513 0.536518 0 0.543443 0 0.567646 0.0464991 0.596323 0.102496 0.62469 0.158494 0.642236 0.19274 0.65359 0.216175
3 13 0.646727 0.220134 0.65359 0.216175 0.662036 0.235311 0.666787 0.251148 0.671539 0.266325 0.67365 0.280183 0.67374 0.280519 0.667146 0.282064 0.667051 0.282161 0.666787 0.275564 0.664148 0.265666 0.659397 0.251808 0.654646 0.237951
0 13 0.677082 0.329109 0.674316 0.32834 0.671243 0.32834 0.669091 0.332566 0.669091 0.336408 0.67155 0.339098 0.674931 0.339482 0.677697 0.337177 0.678619 0.334103 0.678004 0.331414
1 13 0.656566 0.331185 0.659085 0.339372 0.661604 0.346299 0.667649 0.351967 0.673695 0.355116 0.680748 0.355746 0.68629 0.352597 0.690321 0.347559 0.693847 0.338113 0.695359 0.326777 0.690321 0.326777 0.680244 0.325517 0.668153 0.328036
2 20 0.498125 0.439954 0.484399 0.442593 0.478064 0.444573 0.470674 0.449192 0.465923 0.455791 0.463283 0.466349 0.464867 0.472948 0.470674 0.480206 0.480176 0.486805 0.498653 0.494064 0.500236 0.487465 0.500764 0.478886 0.502348 0.467009 0.503932 0.455791 0.504988 0.439954
4 20 0.40724 0.457137 0.37931 0.456454 0.344382 0.458533 0.317215 0.462691 0.296147 0.46685 0.286721 0.468929 0.277851 0.475859 0.26898 0.483482 0.262327 0.491799 0.259 0.500115 0.256228 0.511897 0.255674 0.531302 0.256753 0.627067 0.263335 0.804291 0.263335 0.830943 0.264262 0.843689 0.263335 0.856435 0.259627 0.858753 0.254992 0.857594 0.254065 0.850641 0.255919 0.835578 0.253138 0.832101 0.24943 0.837895 0.247576 0.848324 0.245722 0.863388 0.248503 0.873816 0.255919 0.876134 0.264262 0.871499 0.269824 0.859911 0.271678 0.846006 0.272605 0.820514 0.271678 0.773005 0.266116 0.62932 0.263335 0.538938 0.263335 0.522716 0.265477 0.505548 0.267118 0.498882 0.274091 0.491191 0.279423 0.485039 0.287217 0.479399 0.29501 0.475297 0.3188 0.469657 0.345052 0.466581 0.379917 0.463504 0.407722 0.464392
3 20 0.40724 0.457137 0.421276 0.45596 0.440548 0.454756 0.453246 0.453163 0.467239 0.453962 0.465923 0.455791 0.463841 0.464117 0.457893 0.463187 0.447294 0.461983 0.433803 0.461983 0.420794 0.463187 0.407722 0.464392
1 20 0.504988 0.439954 0.515018 0.442593 0.522408 0.449852 0.527159 0.456451 0.528215 0.462389 0.528215 0.470968 0.527687 0.477567 0.523992 0.484825 0.517129 0.489445 0.510267 0.492744 0.498653 0.494064 0.500236 0.487465 0.500764 0.478886 0.502348 0.467009 0.503932 0.455791
2 30 0.406543 0.5269 0.413288 0.512446 0.417624 0.504616 0.427261 0.500401 0.435451 0.501605 0.440751 0.506423 0.444606 0.516059 0.445087 0.5269 0.441715 0.541957 0.437378 0.551593 0.431597 0.549184 0.424851 0.543161 0.418106 0.535934 0.411843 0.529911 0.409915 0.528707
4 30 0.518489 0.295706 0.512154 0.301645 0.514794 0.310883 0.515849 0.320781 0.514794 0.33002 0.51057 0.337938 0.504763 0.343877 0.494733 0.353775 0.485231 0.359714 0.467282 0.361694 0.434024 0.366973 0.417659 0.368293 0.410269 0.368953 0.401822 0.368293 0.395487 0.364333 0.391792 0.358394 0.388625 0.349156 0.388097 0.344537 0.389356 0.340654 0.392708 0.338169 0.398248 0.338169 0.404711 0.339323 0.411174 0.342208 0.417175 0.346825 0.421792 0.350864 0.42687 0.354326 0.431025 0.357789 0.436103 0.360674 0.441181 0.363559 0.444874 0.362982 0.445798 0.360674 0.440258 0.354903 0.431025 0.347979 0.423177 0.340477 0.413482 0.335283 0.406096 0.331244 0.399171 0.33009 0.392708 0.329513 0.387168 0.33009 0.383475 0.332398 0.378858 0.3399 0.378939 0.342608 0.379122 0.346517 0.381234 0.354435 0.384929 0.362354 0.389153 0.367633 0.394959 0.372912 0.40499 0.376871 0.413964 0.376871 0.419228 0.376871 0.43507 0.373566 0.464115 0.368293 0.482591 0.366973 0.494205 0.361694 0.503708 0.353775 0.508987 0.348496 0.51321 0.344537 0.517961 0.337938 0.521128 0.33002 0.522712 0.322101 0.52324 0.314842 0.521656 0.302965 0.518489 0.295706 0.518489 0.295706 0.512154 0.301645 0.503708 0.299665 0.495261 0.299005 0.489454 0.304944 0.486815 0.312203 0.486287 0.321441 0.486287 0.33002 0.486287 0.339918 0.48787 0.347836 0.48787 0.356415 0.486815 0.368293 0.482591 0.38281 0.479424 0.398647 0.476257 0.411185 0.470978 0.430981 0.46518 0.450178 0.459638 0.448288 0.46228 0.43832 0.473089 0.397327 0.478896 0.374891 0.481536 0.363673 0.481536 0.350476 0.480974 0.339216 0.478795 0.32606 0.479424 0.311543 0.483119 0.300985 0.491566 0.292407 0.497901 0.289107 0.506347 0.287787 0.512682 0.291087 0.518489 0.295706
3 30 0.433217 0.501276 0.438478 0.491112 0.44402 0.478517 0.451577 0.465292 0.458127 0.455216 0.459638 0.448288 0.46518 0.450178 0.460142 0.465292 0.452585 0.480406 0.444524 0.493631 0.440503 0.506197 0.435451 0.501605
1 30 0.406543 0.5269 0.402688 0.538343 0.402688 0.550388 0.405579 0.55882 0.409434 0.564842 0.416661 0.566649 0.420515 0.566649 0.428224 0.563638 0.432079 0.560627 0.437378 0.551593 0.431597 0.549184 0.424851 0.543161 0.418106 0.535934 0.411843 0.529911 0.409915 0.528707
0 20 0.501094 0.47373 0.499297 0.478125 0.499062 0.48125 0.500625 0.484473 0.503047 0.484766 0.504453 0.484766 0.506328 0.483105 0.506641 0.481738 0.5075 0.478809 0.507109 0.475391 0.505391 0.472852 0.503359 0.472852 0.502188 0.472949
0 7 0.796094 0.793164 0.799375 0.79502 0.801406 0.794629 0.803125 0.79375 0.803828 0.79043 0.802344 0.786914 0.798594 0.782617 0.796563 0.781348 0.793594 0.781836 0.792969 0.784375 0.792578 0.78623 0.796094 0.793164 0.792734 0.800879 0.791016 0.800488 0.789609 0.800586 0.788438 0.801953 0.7875 0.804883 0.789609 0.809082 0.790859 0.810352 0.793359 0.810645 0.795 0.809961 0.79625 0.807813 0.796172 0.804297 0.794687 0.802246 0.792734 0.800879
