2 11 0.597725 0.840813 0.595886 0.842942 0.593325 0.844846 0.58888 0.846933 0.586262 0.847131 0.583645 0.847328 0.580565 0.846468 0.577485 0.845607 0.574044 0.843436 0.570603 0.841264 0.566959 0.83912 0.562593 0.835623 0.565504 0.830743 0.567873 0.827952 0.570174 0.8253 0.570378 0.818954 0.571596 0.811085 0.57383 0.805754 0.57586 0.800931 0.578297 0.797378 0.58175 0.791624 0.584999 0.795601 0.588654 0.800424 0.591091 0.803724 0.594543 0.809054 0.598198 0.816923 0.599417 0.823269 0.599823 0.829869 0.599823 0.834438 0.599135 0.837738
4 11 0.647717 0.889261 0.653403 0.879615 0.666073 0.890936 0.687032 0.912605 0.709177 0.93272 0.728036 0.951961 0.744938 0.971577 0.76634 0.994208 0.772349 1 0.760707 1 0.743976 0.984643 0.731184 0.971061 0.712753 0.953008 0.691609 0.929428 0.666073 0.905488
3 11 0.594309 0.844114 0.595886 0.842942 0.597725 0.840813 0.599135 0.837738 0.599823 0.834438 0.599823 0.833458 0.610961 0.842554 0.619693 0.85017 0.635735 0.863369 0.653403 0.879615 0.647717 0.889261 0.640812 0.882915 0.624769 0.869462 0.611367 0.858039 0.601213 0.849662
1 11 0.562593 0.835623 0.565504 0.830743 0.567873 0.827952 0.570174 0.8253 0.570378 0.818954 0.571596 0.811085 0.57383 0.805754 0.57586 0.800931 0.578297 0.797378 0.58175 0.791624 0.578422 0.787761 0.573549 0.7837 0.565428 0.780917 0.561496 0.781416 0.55839 0.782947 0.554984 0.784922 0.552074 0.78731 0.549367 0.792498 0.547562 0.797912 0.54666 0.805357 0.546675 0.812201 0.548103 0.818215 0.550615 0.823931 0.555652 0.830003
2 13 0.768439 0.595783 0.772978 0.600356 0.77826 0.602473 0.784424 0.603997 0.792079 0.603997 0.799869 0.599002 0.806032 0.593244 0.811857 0.585369 0.814431 0.578765 0.815469 0.573242 0.809922 0.572266 0.804813 0.56996 0.800207 0.56725 0.795465 0.563948 0.793874 0.560985 0.792282 0.558022 0.792451 0.553153 0.79262 0.548284 0.788556 0.550316 0.785034 0.553026 0.781241 0.556412 0.778531 0.559461 0.77528 0.563863 0.7723 0.56996 0.769861 0.576056 0.767694 0.584861 0.766881 0.59028
3 13 0.731304 0.634106 0.735787 0.628501 0.745144 0.618024 0.754111 0.607546 0.762103 0.599017 0.767382 0.592052 0.768439 0.595783 0.771148 0.598512 0.762493 0.609739 0.753136 0.62046 0.745534 0.629476 0.735787 0.640197
4 13 0.54667 0.809859 0.546675 0.812201 0.548103 0.818215 0.550289 0.823191 0.546641 0.828056 0.541119 0.835489 0.535598 0.840798 0.531215 0.84186 0.528242 0.839014 0.527528 0.834958 0.530603 0.829649 0.54027 0.817736 0.54667 0.809859 0.573915 0.784005 0.582499 0.772203 0.599763 0.754245 0.617808 0.736288 0.637744 0.718253 0.660187 0.69883 0.678766 0.683083 0.707211 0.657676 0.722131 0.642312 0.731304 0.634106 0.735787 0.640197 0.727646 0.648763 0.718538 0.658115 0.70455 0.673161 0.689586 0.68536 0.672995 0.700405 0.657706 0.714231 0.632488 0.737537 0.623499 0.744643 0.607973 0.758943 0.594831 0.77256 0.579598 0.789126 0.578422 0.787761 0.573915 0.784005
1 13 0.79262 0.548284 0.792451 0.553153 0.792282 0.558022 0.793874 0.560985 0.795465 0.563948 0.800207 0.56725 0.804813 0.56996 0.810234 0.572266 0.813906 0.573145 0.815737 0.573302 0.81594 0.564925 0.814519 0.557818 0.811879 0.551726 0.808427 0.547664 0.80335 0.545633 0.797461 0.546395
2 21 0.760105 0.753661 0.756855 0.756272 0.753372 0.760045 0.748033 0.76787 0.74664 0.775119 0.746408 0.78413 0.746653 0.796608 0.750587 0.794287 0.757551 0.793126 0.762658 0.792836 0.771248 0.792546 0.779837 0.792546 0.786337 0.792836 0.789929 0.792836 0.789355 0.786162 0.787266 0.776295 0.784944 0.76788 0.782391 0.762076 0.777614 0.757143 0.773524 0.754877 0.769114 0.752969 0.76406 0.752857
4 21 0.752029 0.678887 0.76059 0.677595 0.759907 0.664313 0.758333 0.643852 0.756129 0.623785 0.754241 0.610407 0.753296 0.601357 0.749519 0.586798 0.745427 0.574601 0.738502 0.558075 0.731262 0.545484 0.712514 0.517271 0.695825 0.494252 0.675108 0.466917 0.655543 0.446776 0.630222 0.425196 0.609505 0.40937 0.587062 0.396422 0.567496 0.382036 0.539874 0.364052 0.52261 0.350385 0.506497 0.338156 0.481177 0.318734 0.462762 0.307225 0.4478 0.302909 0.437441 0.304347 0.431687 0.308663 0.427083 0.315857 0.423055 0.325208 0.421904 0.33384 0.42295 0.341884 0.426508 0.347507 0.431111 0.348227 0.433413 0.346484 0.434199 0.339857 0.435164 0.331213 0.43629 0.323769 0.437441 0.320892 0.444922 0.315137 0.453084 0.315725 0.46679 0.32305 0.49096 0.339595 0.505346 0.351823 0.534119 0.371965 0.552534 0.386352 0.564619 0.393545 0.57843 0.404335 0.593968 0.415125 0.610656 0.425196 0.623317 0.433108 0.638279 0.445337 0.653241 0.459724 0.666476 0.474111 0.681439 0.494971 0.693523 0.510797 0.708485 0.531658 0.725749 0.555396 0.73841 0.582011 0.743013 0.598556 0.745891 0.625171 0.749343 0.650348
3 21 0.752029 0.678887 0.76059 0.677595 0.761771 0.686821 0.763985 0.710438 0.766347 0.731103 0.768864 0.752963 0.76406 0.752857 0.76022 0.753637 0.758376 0.737192 0.755719 0.715051 0.753524 0.695542
1 21 0.746653 0.796608 0.750587 0.794287 0.757551 0.793126 0.762658 0.792836 0.771248 0.792546 0.779837 0.792546 0.786337 0.792836 0.789929 0.792836 0.78988 0.799716 0.788854 0.806768 0.787144 0.813179 0.784922 0.818307 0.781031 0.823633 0.776887 0.825573 0.771587 0.826 0.764236 0.824666 0.758937 0.821513 0.753979 0.817453 0.750389 0.811042 0.747455 0.801853
2 27 0.580356 0.167769 0.583878 0.172164 0.589346 0.179976 0.592081 0.184859 0.593643 0.194624 0.594297 0.208691 0.590781 0.208203 0.586328 0.208301 0.579219 0.20791 0.571769 0.206831 0.563906 0.204102 0.559219 0.203711 0.554531 0.202734 0.547969 0.201758 0.550469 0.191797 0.554191 0.18437 0.558879 0.178023 0.563566 0.17314 0.57255 0.168258
4 27 0.59189 0.09542 0.599694 0.099532 0.604798 0.084231 0.610376 0.067236 0.615605 0.052419 0.62188 0.034552 0.629201 0.017121 0.636871 0.000562 0.62711 0 0.620835 0.015378 0.61456 0.031066 0.608284 0.045883 0.602009 0.063314 0.596431 0.079437
3 27 0.576891 0.167986 0.578801 0.156768 0.581624 0.140479 0.584967 0.125015 0.587737 0.112306 0.59189 0.09542 0.599694 0.099532 0.594969 0.115062 0.59035 0.136236 0.586244 0.154843 0.582958 0.171014 0.580362 0.167769
1 27 0.546484 0.219727 0.547813 0.201465 0.554141 0.202539 0.559688 0.203613 0.563906 0.204297 0.571769 0.206831 0.579531 0.208008 0.586094 0.208496 0.590859 0.208008 0.594141 0.208887 0.592081 0.222944 0.589978 0.232088 0.584989 0.240024 0.581588 0.244559 0.57524 0.249377 0.569798 0.250511 0.56413 0.24881 0.559141 0.244559 0.553019 0.23719 0.547804 0.22642
2 33 0.269738 0.631897 0.271738 0.638148 0.273238 0.641274 0.274239 0.647212 0.275989 0.651901 0.278489 0.655339 0.28149 0.657527 0.288491 0.661278 0.294243 0.663778 0.298994 0.666279 0.300078 0.664062 0.300547 0.662109 0.301016 0.660254 0.301563 0.656152 0.301563 0.652246 0.302031 0.648535 0.302656 0.644922 0.303359 0.640723 0.304219 0.636328 0.304688 0.632031 0.305547 0.625781 0.305312 0.619727 0.305547 0.616016 0.305781 0.61084 0.297993 0.61033 0.293742 0.61033 0.290742 0.610955 0.284741 0.613143 0.27999 0.619082 0.277489 0.623458 0.274239 0.625333 0.270738 0.627208
4 33 0.20776 0.643706 0.205872 0.633476 0.190133 0.638984 0.174394 0.645673 0.15834 0.652756 0.141657 0.659445 0.124567 0.667477 0.098469 0.679277 0.0744897 0.692908 0.0485233 0.707302 0.0119445 0.726495 0.000203215 0.733551 0.000654805 0.750203 0.0153315 0.738349 0.0336208 0.72847 0.0552971 0.716898 0.0758445 0.707867 0.102262 0.693755 0.128455 0.679078 0.155269 0.665474 0.190814 0.650673
3 33 0.205872 0.633476 0.22161 0.629934 0.240182 0.626787 0.259069 0.624819 0.274633 0.625105 0.274239 0.625333 0.270738 0.627208 0.269738 0.631897 0.270729 0.634994 0.251199 0.636624 0.230739 0.638591 0.20776 0.643706
1 33 0.303744 0.667842 0.299453 0.666602 0.301016 0.660449 0.301875 0.655957 0.301641 0.652051 0.302109 0.648828 0.302891 0.64502 0.303594 0.640527 0.304219 0.636523 0.304531 0.632324 0.305547 0.626953 0.305938 0.621973 0.305469 0.619141 0.305781 0.616699 0.305703 0.613965 0.305995 0.610642 0.314747 0.614081 0.323998 0.619707 0.329249 0.624708 0.334 0.630959 0.336251 0.638148 0.337751 0.647838 0.337251 0.654714 0.33425 0.662215 0.33 0.666591 0.325249 0.668779 0.320498 0.669404 0.312746 0.669404
0 11 0.556562 0.794141 0.559844 0.793652 0.561875 0.791895 0.564297 0.787988 0.564141 0.784961 0.563047 0.783789 0.560156 0.783203 0.5575 0.783984 0.556406 0.784668 0.554922 0.786035 0.554531 0.787012 0.553672 0.791211 0.556562 0.794141 0.559063 0.806836 0.558125 0.80752 0.557656 0.808398 0.556875 0.810547 0.556797 0.814941 0.557656 0.818457 0.558672 0.821289 0.562656 0.824609 0.565547 0.825488 0.567344 0.824512 0.567266 0.822656 0.566953 0.82168 0.566719 0.820801 0.566406 0.819922 0.564531 0.815527 0.563672 0.812988 0.562422 0.810059 0.559922 0.806934 0.559063 0.806836
0 21 0.77185 0.811761 0.770191 0.813539 0.770823 0.816106 0.772482 0.817883 0.774694 0.817488 0.775325 0.81502 0.775009 0.812749 0.773825 0.811268
0 13 0.797187 0.556836 0.795234 0.558887 0.795547 0.561719 0.799766 0.564453 0.802578 0.564453 0.807422 0.563965 0.809219 0.562988 0.810234 0.561719 0.810234 0.560937 0.808984 0.558301 0.806797 0.556348 0.804141 0.556055 0.800469 0.555762 0.798047 0.55625
