4 6 0.036023 0.568739 0.042079 0.558465 0.026132 0.542164 0 0.513591 0 0.527877 0.015742 0.545411 0.026652 0.5571
3 6 0.036023 0.568739 0.042079 0.558465 0.053326 0.571442 0.068466 0.588205 0.084904 0.605508 0.09326 0.612681 0.087204 0.620251 0.085495 0.625591 0.077983 0.61416 0.068899 0.602264 0.058517 0.592531
1 6 0.095856 0.660805 0.105524 0.652443 0.115429 0.643997 0.121908 0.633467 0.129164 0.624036 0.133923 0.633769 0.136085 0.646206 0.136518 0.658642 0.133923 0.670538 0.125271 0.676486 0.116187 0.677568 0.10667 0.672701 0.100614 0.667294
2 6 0.09326 0.61245 0.087204 0.62002 0.084608 0.628131 0.084176 0.638945 0.086339 0.647056 0.095856 0.660574 0.105247 0.652675 0.115521 0.643765 0.121908 0.633352 0.129164 0.623805 0.118782 0.614072 0.110996 0.610287 0.101912 0.610287
4 12 0.077983 0.61416 0.08408 0.623437 0.082923 0.635486 0.083617 0.656299 0.086392 0.675379 0.091248 0.694458 0.096105 0.715271 0.103737 0.743023 0.109981 0.779447 0.111368 0.828879 0.110675 0.911266 0.109287 0.967636 0.106512 0.969371 0.105124 0.920806 0.103043 0.828879 0.100268 0.78465 0.095411 0.748226 0.088473 0.717006 0.07876 0.689254 0.073904 0.666706 0.073904 0.636353 0.075196 0.61051 0.077983 0.61416 0.084904 0.605508 0.077284 0.597486 0.078238 0.585553 0.08604 0.55467 0.099044 0.527851 0.114647 0.509158 0.123171 0.500139 0.129405 0.509231 0.115298 0.523787 0.106846 0.537603 0.095143 0.560359 0.087991 0.587991 0.086432 0.60682 0.084904 0.605508
3 12 0.189604 0.455466 0.193562 0.466596 0.185512 0.470267 0.164213 0.483255 0.144991 0.496243 0.129405 0.509231 0.123171 0.500139 0.143952 0.483255 0.16733 0.468319 0.180317 0.461825
1 12 0.20296 0.418985 0.208896 0.42826 0.217305 0.449283 0.228682 0.474016 0.241049 0.469687 0.251437 0.459176 0.256878 0.446191 0.258857 0.430733 0.254899 0.418366 0.246985 0.410947 0.236102 0.407237 0.224725 0.407237 0.212853 0.412802
2 12 0.20296 0.418985 0.195046 0.427023 0.191088 0.436298 0.189604 0.446191 0.189604 0.455466 0.193562 0.466596 0.203949 0.474016 0.214337 0.476489 0.224725 0.475871 0.228682 0.474016 0.217305 0.449283 0.208896 0.42826
4 16 0.606994 0.916704 0.601143 0.923205 0.61275 0.934342 0.632728 0.945199 0.650101 0.948457 0.671816 0.944114 0.697006 0.928913 0.716984 0.915883 0.733488 0.908283 0.784737 0.889825 0.811664 0.87571 0.825562 0.860509 0.84554 0.838793 0.862044 0.827936 0.895052 0.821421 0.912424 0.810563 0.939351 0.788848 0.964541 0.776904 0.987126 0.768218 1 0.75736 1 0.745417 0.981914 0.759532 0.960198 0.767132 0.941957 0.772561 0.927191 0.783419 0.911556 0.797534 0.892446 0.809477 0.872468 0.814906 0.857701 0.819249 0.840329 0.829021 0.827299 0.839879 0.81427 0.856166 0.803847 0.867024 0.773445 0.882224 0.748255 0.888739 0.726539 0.897425 0.705692 0.909369 0.679634 0.925655 0.663999 0.935427 0.643152 0.937599 0.627516 0.931084 0.616224 0.923484
3 16 0.566684 0.886633 0.574486 0.876068 0.579687 0.893135 0.58879 0.902075 0.601793 0.910202 0.606994 0.916704 0.601143 0.923205 0.59204 0.915891 0.581638 0.908576 0.573186 0.899637 0.569935 0.89476
2 16 0.55173 0.831369 0.543928 0.833807 0.539377 0.841122 0.538077 0.854125 0.541978 0.875255 0.547829 0.885008 0.558232 0.886633 0.566684 0.886633 0.574486 0.876068 0.574486 0.854125 0.571235 0.844373 0.562783 0.833807
4 22 0.516555 0.618056 0.521096 0.610686 0.543699 0.645099 0.56035 0.67632 0.581858 0.722283 0.605446 0.78299 0.625566 0.83936 0.639442 0.883589 0.647767 0.898332 0.671356 0.926083 0.688007 0.956436 0.695639 0.976383 0.695639 1 0.686619 1 0.685926 0.981586 0.683844 0.968578 0.668581 0.939959 0.651236 0.917411 0.639442 0.900066 0.632504 0.887925 0.625566 0.873182 0.612384 0.832422 0.595733 0.781255 0.577695 0.737026 0.54925 0.674585 0.528436 0.63556
3 22 0.474558 0.570045 0.48041 0.557042 0.497127 0.577146 0.507144 0.590562 0.521096 0.610686 0.516555 0.618056 0.494926 0.589397 0.489303 0.585612 0.483679 0.580205 0.481516 0.575879
0 22 0.445412 0.536585 0.441454 0.535348 0.44096 0.530402 0.442429 0.527528 0.445659 0.526365 0.447885 0.528547 0.448874 0.531638 0.448459 0.535448
1 22 0.436198 0.553791 0.447251 0.549727 0.458954 0.533473 0.466756 0.517219 0.456353 0.512343 0.44465 0.512343 0.436198 0.518032 0.429697 0.526159 0.428396 0.537537 0.432947 0.547289
2 22 0.440099 0.560293 0.447901 0.569232 0.459604 0.574921 0.469357 0.573296 0.474558 0.570045 0.48041 0.557042 0.48236 0.543226 0.478459 0.52941 0.466756 0.517219 0.458954 0.533473 0.447251 0.549727 0.436198 0.553791
4 28 0.735231 0.740367 0.733501 0.748478 0.733501 0.748478 0.69063 0.730164 0.626914 0.712285 0.576201 0.695218 0.521587 0.681402 0.511185 0.680589 0.498181 0.684653 0.484528 0.694405 0.469574 0.717161 0.456571 0.747231 0.450719 0.754546 0.445518 0.758609 0.392204 0.789492 0.365547 0.794368 0.330439 0.796806 0.326538 0.794368 0.325887 0.790305 0.329138 0.788679 0.361646 0.786241 0.383102 0.781365 0.41626 0.763485 0.445518 0.744793 0.45332 0.736666 0.468274 0.70172 0.481927 0.686278 0.49298 0.677338 0.505983 0.672462 0.519637 0.671649 0.548894 0.678151 0.625614 0.700907 0.686079 0.718786 0.718587 0.73179
3 28 0.733501 0.748478 0.735231 0.740367 0.749939 0.746856 0.778056 0.758211 0.798094 0.769733 0.795288 0.776748 0.795548 0.781289 0.790601 0.778218 0.774596 0.770647 0.754264 0.758211
0 28 0.833578 0.80273 0.831916 0.799758 0.831305 0.796234 0.832484 0.793157 0.835765 0.79179 0.839594 0.795208 0.840141 0.799311 0.837725 0.80273
1 28 0.819903 0.817088 0.822091 0.803413 0.829749 0.789739 0.839594 0.781534 0.848893 0.779483 0.855457 0.787004 0.857098 0.799995 0.85491 0.810934 0.847799 0.819139 0.837953 0.822558 0.828108 0.822558
2 28 0.839047 0.770594 0.824279 0.763073 0.814433 0.761705 0.80404 0.763757 0.799117 0.767175 0.795288 0.776748 0.795835 0.78632 0.799664 0.799995 0.806775 0.809567 0.819903 0.817088 0.822091 0.803413 0.829749 0.789739 0.839594 0.781534 0.848893 0.779483
4 34 0.42149 0.192795 0.427265 0.188463 0.413404 0.142982 0.398966 0.091003 0.37933 0.025308 0.370089 0 0.362581 0 0.37933 0.04841 0.392035 0.093169 0.406474 0.14587 0.415715 0.174747
3 34 0.45157 0.282824 0.460402 0.279578 0.447479 0.245495 0.435351 0.206511 0.427265 0.188463 0.42149 0.192795 0.427843 0.206511 0.435928 0.232501 0.446902 0.270041
0 34 0.461994 0.342483 0.459285 0.340226 0.458833 0.335711 0.461994 0.331761 0.465605 0.331196 0.468766 0.332889 0.470571 0.33684 0.469668 0.340226 0.466508 0.343047
1 34 0.446375 0.335425 0.453129 0.32958 0.465077 0.325035 0.478585 0.320489 0.485858 0.313995 0.488975 0.326983 0.487936 0.34062 0.481702 0.352958 0.47235 0.359452 0.462999 0.359452 0.455726 0.355556 0.450531 0.346464
2 34 0.444816 0.331529 0.441699 0.31919 0.44066 0.310748 0.442219 0.29841 0.446375 0.28737 0.45157 0.282824 0.460402 0.279578 0.470272 0.283474 0.477026 0.291916 0.485858 0.313995 0.478585 0.320489 0.465077 0.325035 0.453129 0.32958 0.446375 0.335425
0 12 0.222508 0.427809 0.222508 0.430281 0.224387 0.433124 0.226464 0.432877 0.22854 0.431888 0.228738 0.428427 0.227551 0.425213 0.224585 0.424595 0.223398 0.42546
0 6 0.122093 0.64203 0.122093 0.646542 0.12376 0.648162 0.125889 0.647468 0.126351 0.646774 0.126259 0.644112 0.125703 0.641914 0.12376 0.641567
1 1 0.866683 0.282829 0.875644 0.286961 0.883648 0.294683 0.887563 0.301751 0.888781 0.307624 0.889477 0.314692 0.888781 0.32361 0.887998 0.330243 0.885562 0.335681 0.881473 0.341118 0.875731 0.343293 0.868162 0.343402 0.861724 0.342206 0.856504 0.337747 0.857809 0.324154 0.860941 0.309799 0.86416 0.294356 0.865726 0.286961
0 1 0.86329 0.318281 0.86242 0.321109 0.863377 0.324045 0.865204 0.324915 0.86677 0.324915 0.867901 0.324154 0.868162 0.32187 0.868162 0.320021 0.866944 0.318499 0.866074 0.317737 0.86503 0.317737
2 1 0.866596 0.282285 0.855982 0.279567 0.847456 0.280654 0.837973 0.282829 0.833101 0.284243 0.830926 0.287614 0.830056 0.291203 0.831274 0.296205 0.832492 0.301425 0.834145 0.306427 0.83632 0.313496 0.840931 0.323175 0.844585 0.327525 0.856678 0.33753 0.857896 0.32448 0.860941 0.309255 0.864334 0.292399
3 1 0.830224 0.291489 0.801591 0.278371 0.777493 0.271892 0.772373 0.270271 0.774166 0.261304 0.797256 0.267049 0.814518 0.273774 0.833348 0.284002 0.83077 0.286524
4 1 0.772024 0.269903 0.744345 0.263393 0.691369 0.248884 0.667113 0.243304 0.637054 0.240885 0.607143 0.238281 0.582124 0.237861 0.573511 0.237092 0.565719 0.225558 0.565309 0.212998 0.568385 0.199414 0.577817 0.191211 0.5893 0.189674 0.611446 0.196081 0.653687 0.218125 0.661274 0.22889 0.661274 0.232991 0.652457 0.231453 0.648355 0.226583 0.641179 0.220175 0.624774 0.213511 0.605294 0.205309 0.592171 0.200695 0.581508 0.200695 0.575972 0.207872 0.574126 0.218894 0.577817 0.226583 0.585609 0.227608 0.6055 0.228121 0.632771 0.231453 0.657173 0.231453 0.671116 0.235554 0.709051 0.244269 0.775488 0.260929
