4 6 0.233621 0.466905 0.236577 0.477257 0.204084 0.484682 0.155402 0.498356 0.083199 0.525022 0.067336 0.53186 0.053114 0.539381 0.03944 0.548269 0.015919 0.568098 0 0.587926 0 0.576303 0.015919 0.556474 0.032329 0.541432 0.052567 0.528441 0.073353 0.518869 0.108907 0.505878 0.180016 0.480579 0.219399 0.470323
3 6 0.303636 0.466905 0.303636 0.475793 0.284711 0.474898 0.263528 0.474767 0.248322 0.475422 0.236682 0.477782 0.233621 0.466905 0.250839 0.465329 0.270029 0.464936 0.290508 0.464853
1 6 0.343019 0.447076 0.341378 0.453913 0.337002 0.477161 0.333174 0.495622 0.345207 0.49357 0.353412 0.488784 0.359976 0.479896 0.36107 0.471007 0.360523 0.462118 0.3556 0.45323 0.350677 0.449127
2 6 0.343019 0.447076 0.321687 0.44776 0.312935 0.451179 0.306918 0.4587 0.303636 0.466905 0.303636 0.475793 0.309106 0.485365 0.31567 0.492887 0.32661 0.495622 0.333174 0.495622 0.337002 0.477161 0.341378 0.453913
4 14 0.399382 0.931397 0.405946 0.936866 0.3961 0.951225 0.379691 0.971053 0.369845 0.985412 0.361093 1 0.3507 1 0.362734 0.979258 0.376409 0.963532 0.38899 0.947806
3 14 0.399382 0.931397 0.415245 0.906098 0.426185 0.886954 0.43439 0.873963 0.443142 0.866441 0.454959 0.860758 0.459004 0.86986 0.464422 0.875401 0.448523 0.881002 0.440318 0.887784 0.42997 0.900073 0.41251 0.92661 0.405946 0.936866
1 14 0.479219 0.819336 0.483072 0.839776 0.486354 0.85345 0.491277 0.86439 0.493203 0.87041 0.502217 0.862339 0.509874 0.852767 0.513156 0.843194 0.513156 0.833622 0.510781 0.827148 0.508233 0.821998 0.500029 0.816529 0.491824 0.815161
2 14 0.473773 0.821998 0.463927 0.827468 0.455722 0.836357 0.454081 0.842511 0.452987 0.850715 0.453534 0.857553 0.459004 0.86986 0.465021 0.876014 0.477055 0.877381 0.493125 0.870703 0.491277 0.86439 0.486354 0.85345 0.483072 0.839776 0.479375 0.819531
4 20 0.787354 0.715152 0.793784 0.713297 0.790468 0.729361 0.788022 0.750771 0.782333 0.831986 0.78143 0.846646 0.780069 0.865466 0.778234 0.889934 0.767835 0.941164 0.759271 0.957221 0.753766 0.973279 0.738473 1 0.731745 1 0.741532 0.982454 0.746426 0.971749 0.751931 0.953398 0.761107 0.931989 0.764165 0.922048 0.772729 0.886111 0.773952 0.853232 0.776399 0.827234 0.778846 0.797414 0.778846 0.772181 0.783596 0.733202
3 20 0.789791 0.627658 0.799032 0.62838 0.798236 0.662594 0.795268 0.690419 0.793784 0.713297 0.787354 0.715152 0.789827 0.691037 0.792795 0.657029 0.792795 0.639098
0 20 0.800215 0.577266 0.799226 0.572937 0.801204 0.568609 0.804172 0.567991 0.80714 0.569846 0.807635 0.574174 0.805161 0.578502 0.802194 0.578502
1 20 0.77131 0.577123 0.789214 0.579289 0.807117 0.580732 0.819823 0.581454 0.820401 0.566294 0.816936 0.548246 0.812315 0.540305 0.805962 0.535973 0.794989 0.535251 0.785748 0.538861 0.77824 0.546802 0.773043 0.558353
2 20 0.77131 0.577123 0.772465 0.592283 0.774775 0.603112 0.781706 0.617551 0.789791 0.627658 0.799032 0.62838 0.809428 0.616107 0.817513 0.599503 0.819823 0.581454 0.807117 0.580732 0.789214 0.579289
4 25 0.436474 0.381741 0.430698 0.38896 0.472946 0.41754 0.529837 0.452229 0.564526 0.473043 0.592806 0.486672 0.604072 0.494724 0.633211 0.513803 0.683858 0.562368 0.715772 0.604862 0.758093 0.656896 0.817065 0.706329 0.875343 0.740151 0.905176 0.770504 0.932233 0.807795 0.914195 0.770504 0.888525 0.740151 0.862855 0.71847 0.812902 0.688117 0.7685 0.650826 0.742829 0.623074 0.683858 0.546758 0.638761 0.505131 0.595747 0.474777 0.522205 0.435752 0.460458 0.397594
3 25 0.366591 0.348533 0.371212 0.337704 0.401821 0.357196 0.407597 0.363693 0.415682 0.370912 0.436474 0.381741 0.430698 0.38896 0.415682 0.381741 0.400089 0.37019 0.382762 0.355752
1 25 0.329922 0.349316 0.334827 0.339148 0.34349 0.320377 0.349265 0.305217 0.354463 0.294388 0.346955 0.288613 0.332516 0.287169 0.320966 0.2915 0.31057 0.299442 0.307682 0.312436 0.309415 0.326153 0.315768 0.337704 0.322031 0.34375
2 25 0.329922 0.349805 0.337969 0.352637 0.3458 0.353586 0.35273 0.353586 0.361393 0.350698 0.366591 0.348533 0.371212 0.337704 0.370634 0.321099 0.367746 0.310271 0.354463 0.294388 0.349265 0.305217 0.34349 0.320377 0.334827 0.339148
0 25 0.334922 0.315723 0.333359 0.319531 0.333984 0.321094 0.335234 0.32168 0.3375 0.32168 0.338594 0.319531 0.339219 0.317188 0.338281 0.315723 0.336406 0.314941
0 14 0.495781 0.850586 0.493594 0.84873 0.491484 0.848535 0.489922 0.852246 0.491016 0.855371 0.493438 0.857617 0.494844 0.858105 0.496953 0.856055 0.496953 0.855371 0.496406 0.852832 0.495781 0.850586 0.500703 0.843652 0.502734 0.84541 0.505078 0.846387 0.507734 0.846289 0.508359 0.844434 0.508203 0.842383 0.506484 0.840234 0.504531 0.839258 0.503125 0.838867 0.500156 0.840527 0.500703 0.843652
