4 5 0.180148 0.200819 0.1846 0.189689 0.153829 0.164164 0.118351 0.146577 0.077366 0.131285 0.040052 0.122109 0 0.117521 0 0.129755 0.039441 0.135108 0.084095 0.145048 0.129973 0.163399 0.156276 0.177163 0.16851 0.188632
3 5 0.233076 0.260796 0.239507 0.250285 0.231098 0.238537 0.211806 0.217514 0.193009 0.197727 0.1846 0.189689 0.180148 0.200819 0.193998 0.212567 0.210817 0.231117 0.223678 0.245338
1 5 0.246301 0.30147 0.25476 0.290481 0.268694 0.275863 0.275992 0.267985 0.281549 0.262905 0.285447 0.269643 0.290457 0.278109 0.29175 0.286438 0.291941 0.292949 0.291446 0.302842 0.287489 0.310262 0.27908 0.31459 0.268692 0.315827 0.260777 0.313354 0.252863 0.307789
2 5 0.238518 0.291094 0.23456 0.283674 0.233076 0.273163 0.233076 0.260796 0.239507 0.250285 0.247422 0.24472 0.256325 0.242865 0.26424 0.24472 0.276112 0.25585 0.281632 0.262697 0.268694 0.276174 0.254843 0.290377 0.246467 0.301262 0.24198 0.296041
4 10 0.229957 0.444214 0.238454 0.443033 0.237388 0.402969 0.234271 0.367902 0.230115 0.333484 0.226479 0.313353 0.215569 0.287378 0.206218 0.269195 0.201542 0.252311 0.194269 0.24322 0.184245 0.232228 0.158423 0.217893 0.128811 0.205555 0.115823 0.201659 0.102835 0.199711 0.088808 0.195814 0.070626 0.188671 0.050365 0.180878 0.029584 0.176982 0.014518 0.176333 0 0.180229 0 0.188671 0.0127204 0.187156 0.0397636 0.190286 0.059716 0.197113 0.078938 0.207503 0.092445 0.2114 0.10855 0.213348 0.124135 0.216595 0.13972 0.22114 0.173489 0.239323 0.183744 0.24913 0.191671 0.257506 0.196867 0.269195 0.201023 0.279585 0.208296 0.29582 0.21453 0.314003 0.221283 0.343225 0.226479 0.382838 0.229596 0.419853
3 10 0.228541 0.526827 0.239399 0.524467 0.23751 0.493191 0.238454 0.461326 0.238454 0.443033 0.229957 0.444214 0.229957 0.471358 0.228541 0.497912 0.229485 0.516205
1 10 0.214287 0.57567 0.220037 0.574187 0.229485 0.567544 0.248421 0.561866 0.260286 0.562094 0.26017 0.565183 0.259226 0.578755 0.254977 0.589377 0.248368 0.596458 0.240815 0.600589 0.229957 0.598819 0.222876 0.594098 0.215795 0.581706
2 10 0.214378 0.57567 0.214379 0.558692 0.217211 0.54276 0.222404 0.532728 0.228541 0.526827 0.239399 0.524467 0.24884 0.529777 0.254505 0.535678 0.257822 0.54635 0.259226 0.553381 0.260468 0.562094 0.24906 0.561866 0.229485 0.567544 0.220037 0.574187
4 22 0.538179 0.576186 0.545972 0.57229 0.565321 0.597559 0.585508 0.620498 0.600601 0.641777 0.607488 0.666697 0.611159 0.687342 0.617579 0.711932 0.622114 0.736153 0.628782 0.765208 0.635015 0.795155 0.647249 0.846386 0.659483 0.860149 0.6656 0.876971 0.670494 0.895322 0.675388 0.90985 0.690069 0.935848 0.709031 0.947317 0.745734 0.956493 0.750016 0.961845 0.749404 0.965668 0.742063 0.967962 0.713313 0.961845 0.692515 0.954199 0.682728 0.944259 0.674164 0.928201 0.652755 0.869325 0.642967 0.856326 0.63685 0.844857 0.619111 0.759218 0.602595 0.685813 0.594031 0.655228 0.59136 0.644665 0.578738 0.625407 0.554882 0.601704 0.545094 0.587176
3 22 0.48309 0.533963 0.485189 0.532028 0.488826 0.521638 0.511165 0.537872 0.531945 0.556055 0.545972 0.57229 0.538179 0.576186 0.522594 0.559952 0.504931 0.546314 0.487267 0.536574
1 22 0.444148 0.528781 0.45298 0.517092 0.459733 0.504754 0.464929 0.485272 0.451941 0.477479 0.441551 0.477479 0.434277 0.480726 0.428043 0.489168 0.426485 0.49826 0.427524 0.509299 0.433758 0.520988
2 22 0.444148 0.528781 0.456215 0.53782 0.467189 0.542151 0.472387 0.54143 0.480472 0.536376 0.485189 0.532028 0.488826 0.521638 0.486228 0.505403 0.478436 0.495013 0.464929 0.485272 0.459733 0.504754 0.45298 0.517092
4 16 0.467189 0.542151 0.453905 0.547927 0.437734 0.5602 0.427338 0.576082 0.41752 0.59774 0.414632 0.614344 0.413477 0.634558 0.41521 0.649718 0.422718 0.665601 0.44582 0.69159 0.460836 0.703141 0.461413 0.708916 0.457948 0.713248 0.452173 0.713248 0.441777 0.700253 0.422718 0.677874 0.4129 0.667045 0.409435 0.661269 0.402504 0.643221 0.401349 0.625173 0.407124 0.598462 0.421563 0.566697 0.436579 0.550093 0.445242 0.545039 0.456215 0.53782 0.467189 0.542151 0.472387 0.54143 0.496066 0.53782 0.522055 0.537098 0.537649 0.54143 0.549199 0.550815 0.565948 0.573194 0.574611 0.589799 0.58674 0.626617 0.59136 0.644665 0.600601 0.641777 0.593093 0.624451 0.587317 0.599906 0.576344 0.574638 0.556707 0.548649 0.544002 0.536376 0.534183 0.531323 0.5209 0.529157 0.496643 0.530601 0.480472 0.536376 0.472387 0.54143
3 16 0.59136 0.733462 0.601178 0.73635 0.605798 0.701697 0.605221 0.679317 0.604066 0.654772 0.600601 0.641777 0.59136 0.644665 0.594825 0.661991 0.596558 0.69159 0.594248 0.719745
1 16 0.565636 0.756117 0.572879 0.760895 0.579809 0.764505 0.594825 0.771724 0.616772 0.782553 0.611574 0.799157 0.603488 0.809986 0.588472 0.817205 0.575552 0.814745 0.569413 0.808542 0.561905 0.794826 0.56075 0.783275 0.56306 0.763783
2 16 0.565368 0.756285 0.568852 0.747239 0.572301 0.740681 0.579809 0.735628 0.59136 0.733462 0.601178 0.73635 0.612151 0.747178 0.615617 0.754398 0.617927 0.77028 0.616772 0.782553 0.594825 0.771724 0.579809 0.764505 0.572879 0.760895
0 22 0.437891 0.497852 0.437422 0.499219 0.437266 0.50127 0.438125 0.503027 0.440078 0.503027 0.441016 0.502539 0.442031 0.500293 0.441875 0.498535 0.440703 0.496875 0.438906 0.496875 0.438359 0.496973
0 16 0.582925 0.793157 0.582523 0.795793 0.583527 0.799559 0.585536 0.801693 0.589452 0.802195 0.594071 0.802069 0.595276 0.799935 0.595879 0.796923 0.595578 0.794789 0.593971 0.793157 0.59136 0.791776 0.58905 0.791776 0.587042 0.791776 0.585938 0.791776 0.585235 0.791776
