2 6 0.592746 0.615217 0.583656 0.614666 0.568081 0.61569 0.559884 0.623888 0.557015 0.630548 0.554965 0.633622 0.553326 0.63977 0.553736 0.644381 0.557834 0.654627 0.561933 0.658726 0.57013 0.6618 0.577918 0.663337 0.585705 0.663337 0.594948 0.662669 0.592658 0.655072 0.593492 0.640795 0.595132 0.629011 0.597181 0.622351 0.598295 0.615987
1 6 0.598383 0.616098 0.597181 0.622351 0.595132 0.629011 0.593492 0.640795 0.592834 0.655402 0.595212 0.662669 0.600223 0.659425 0.607141 0.654103 0.610068 0.650777 0.612728 0.643793 0.614059 0.636476 0.613527 0.63049 0.610334 0.62284 0.607939 0.620179 0.602086 0.616854
0 6 0.604532 0.641824 0.60613 0.639358 0.608123 0.638942 0.609452 0.639773 0.610449 0.64185 0.610449 0.643719 0.609951 0.645796 0.608203 0.647266 0.606296 0.647042 0.6048 0.646627 0.604261 0.644211
3 6 0.554965 0.633622 0.553326 0.63977 0.553736 0.644381 0.54533 0.64645 0.53537 0.649279 0.526316 0.651102 0.517908 0.655103 0.505741 0.663468 0.492167 0.675588 0.485323 0.665417 0.494787 0.658313 0.507339 0.64871 0.518233 0.643245 0.52825 0.639514 0.54498 0.635712
4 6 0.492167 0.675588 0.485323 0.665417 0.478965 0.67059 0.468057 0.681233 0.459542 0.688217 0.451294 0.697862 0.445175 0.70917 0.431339 0.728793 0.420962 0.745089 0.408989 0.768703 0.397016 0.792982 0.38364 0.820083 0.37035 0.847242 0.360329 0.869555 0.34236 0.904114 0.326136 0.935317 0.315235 0.958021 0.302083 0.983856 0.292688 1 0.303962 1 0.321185 0.969308 0.339975 0.929837 0.363148 0.883647 0.389766 0.825713 0.410434 0.785395 0.426055 0.75716 0.44546 0.724343 0.457636 0.706745 0.470192 0.692953 0.480084 0.683441 0.48465 0.680587
2 12 0.389128 0.538798 0.385717 0.548923 0.385291 0.558515 0.386144 0.567574 0.389128 0.575035 0.394584 0.58499 0.399006 0.589406 0.403233 0.590426 0.409297 0.590039 0.416413 0.587824 0.423234 0.582495 0.427497 0.576633 0.431081 0.57262 0.433978 0.567291 0.435344 0.563419 0.430055 0.560114 0.422807 0.555317 0.413428 0.551587 0.405328 0.545725 0.398933 0.53933 0.39467 0.5356 0.39132 0.533077
1 12 0.39132 0.533077 0.39467 0.5356 0.398933 0.53933 0.405328 0.545725 0.413428 0.551587 0.422807 0.555317 0.430055 0.560114 0.435344 0.563419 0.436833 0.554387 0.435268 0.545384 0.43151 0.534032 0.42556 0.526203 0.419923 0.523071 0.413347 0.520723 0.408437 0.521582 0.403516 0.522754 0.398629 0.526594 0.394244 0.530117
3 12 0.394584 0.58499 0.399006 0.589406 0.403233 0.590426 0.399532 0.606012 0.396063 0.624804 0.394675 0.643886 0.393056 0.664702 0.384437 0.662905 0.385768 0.639611 0.389429 0.614652 0.392091 0.596765
4 12 0.393056 0.664702 0.384437 0.662905 0.382998 0.682373 0.380089 0.713273 0.37437 0.75387 0.368456 0.779315 0.359732 0.813244 0.351492 0.842327 0.338787 0.872702 0.325184 0.905561 0.313051 0.92716 0.300597 0.946539 0.277331 0.98168 0.264729 1 0.277494 1 0.291138 0.980848 0.308775 0.952977 0.324416 0.925939 0.347711 0.873941 0.36069 0.843159 0.372004 0.812792 0.37866 0.781593 0.385316 0.751643 0.388976 0.720028 0.390359 0.696095 0.392041 0.678568
2 18 0.307236 0.646835 0.303478 0.655838 0.299407 0.663667 0.295649 0.67541 0.294396 0.686762 0.294083 0.694982 0.295649 0.699288 0.298781 0.70242 0.305357 0.70242 0.310367 0.702028 0.31663 0.699288 0.326025 0.695765 0.333227 0.689894 0.337612 0.683631 0.341369 0.676585 0.344421 0.671446 0.339922 0.668359 0.333203 0.663672 0.324459 0.659361 0.316317 0.653098 0.310367 0.646444 0.308175 0.643703
1 18 0.308175 0.643703 0.310367 0.646444 0.316317 0.653098 0.324459 0.659361 0.333125 0.663574 0.339844 0.668652 0.344421 0.671446 0.347932 0.662661 0.348751 0.649698 0.346567 0.639805 0.341655 0.630254 0.335651 0.626501 0.32992 0.62616 0.323643 0.628207 0.315729 0.631959 0.310544 0.639123
0 18 0.32304 0.651312 0.32246 0.648309 0.323232 0.64565 0.325554 0.643475 0.32768 0.643717 0.329808 0.645167 0.330775 0.648793 0.330775 0.651452 0.330775 0.651935 0.329421 0.653869 0.326907 0.654111 0.325167 0.653144
3 18 0.294083 0.694982 0.295649 0.699288 0.298781 0.70242 0.294692 0.708586 0.283691 0.722109 0.271589 0.735632 0.258204 0.748696 0.250869 0.757406 0.245185 0.763136 0.240601 0.755572 0.25637 0.739299 0.271222 0.724172 0.280757 0.71317 0.290108 0.701481
4 18 0.240601 0.755572 0.245185 0.763136 0.231524 0.776465 0.215464 0.791586 0.198987 0.805404 0.175418 0.826783 0.153876 0.84691 0.138532 0.862959 0.122248 0.884488 0.114106 0.897014 0.105024 0.911889 0.099074 0.925981 0.095317 0.939681 0.092811 0.95025 0.091246 0.96904 0.091246 0.978434 0.090092 0.984099 0.08874 0.992918 0.085296 0.999572 0.074022 1 0.079198 0.987601 0.080598 0.973737 0.082164 0.956122 0.085609 0.93655 0.092811 0.912281 0.102519 0.894666 0.116611 0.873919 0.134148 0.85239 0.15419 0.831252 0.174891 0.813039 0.201229 0.789079 0.222457 0.771361 0.232791 0.76275
2 24 0.612266 0.290407 0.620656 0.296054 0.625173 0.297264 0.631627 0.298474 0.638725 0.296457 0.645179 0.292827 0.650019 0.28597 0.652923 0.281533 0.653246 0.271853 0.652923 0.262576 0.649374 0.25451 0.644534 0.249266 0.638725 0.244023 0.635625 0.239746 0.630703 0.234863 0.624528 0.24362 0.621301 0.25209 0.615816 0.262576 0.613234 0.273467 0.61033 0.28355 0.607749 0.287987
1 24 0.629375 0.237109 0.624528 0.24362 0.621301 0.25209 0.615816 0.262576 0.613234 0.273467 0.61033 0.28355 0.607749 0.287987 0.602363 0.284113 0.596653 0.276326 0.593768 0.264291 0.594511 0.257176 0.59748 0.24604 0.603914 0.237379 0.609853 0.23243 0.616287 0.231193 0.620494 0.231193 0.627578 0.232715 0.630703 0.234863
3 24 0.652923 0.281533 0.65293 0.281666 0.645179 0.292827 0.664941 0.313592 0.676538 0.325327 0.690126 0.338578 0.695446 0.344119 0.702538 0.333037 0.695224 0.327774 0.685472 0.316969 0.675498 0.307549 0.656438 0.287602
4 24 0.702538 0.333037 0.695446 0.344119 0.707117 0.352151 0.717574 0.353259 0.738488 0.353702 0.754085 0.352594 0.764381 0.348608 0.790594 0.341529 0.809513 0.339347 0.82575 0.336079 0.849552 0.329014 0.868572 0.320809 0.887392 0.313149 0.904533 0.309981 0.924231 0.306984 0.945815 0.311071 0.967316 0.314268 1 0.315269 1 0.301733 0.979882 0.301733 0.965607 0.300536 0.942918 0.296558 0.921646 0.294188 0.907435 0.295715 0.891283 0.299634 0.876513 0.304111 0.859232 0.309865 0.844151 0.316519 0.832618 0.321324 0.821381 0.323911 0.796837 0.326499 0.778005 0.331674 0.763422 0.33537 0.75241 0.339283 0.734738 0.341654 0.719361 0.339066 0.707533 0.336109
0 12 0.408203 0.536719 0.406562 0.537891 0.405703 0.541504 0.406875 0.543848 0.409297 0.544629 0.411484 0.544727 0.412266 0.543555 0.412656 0.541406 0.4125 0.539355 0.411641 0.5375 0.410625 0.536719 0.409766 0.536133
