4 5 0.273838 0.527248 0.276573 0.536137 0.247315 0.543425 0.195898 0.556416 0.143387 0.569407 0.096345 0.581714 0.056962 0.595389 0 0.623422 0 0.613166 0.037817 0.594022 0.07009 0.580347 0.108926 0.569407 0.148856 0.559835 0.195898 0.548211 0.252785 0.533169
3 5 0.337793 0.493613 0.342513 0.499514 0.332366 0.511522 0.320332 0.520411 0.305016 0.527932 0.276573 0.536137 0.273838 0.527248 0.291341 0.523146 0.311033 0.513574 0.328537 0.502634
1 5 0.33881 0.449506 0.345818 0.455847 0.35998 0.47296 0.376503 0.500104 0.384528 0.493613 0.391609 0.481811 0.395386 0.465878 0.394914 0.452306 0.387361 0.436964 0.38028 0.431063 0.369894 0.429292 0.359508 0.430473 0.349123 0.435783 0.342986 0.441684
2 5 0.338925 0.44965 0.336849 0.454076 0.334488 0.465878 0.335904 0.47827 0.337793 0.493613 0.342513 0.499514 0.356204 0.503054 0.364229 0.504825 0.37131 0.503644 0.376503 0.500104 0.35998 0.47296 0.345818 0.455847
4 11 0.214846 0.747384 0.215885 0.757125 0.203017 0.7601 0.175048 0.769528 0.149279 0.781706 0.131366 0.791526 0.115338 0.803311 0.101825 0.81706 0.083421 0.836337 0.068639 0.856744 0.060116 0.869251 0.047517 0.886853 0.025653 0.912793 0.018612 0.921594 0 0.946144 0 0.934101 0.022318 0.903992 0.044923 0.877125 0.063081 0.851185 0.077163 0.830341 0.096062 0.808106 0.115702 0.789114 0.143866 0.771512 0.169064 0.760395 0.195375 0.752984
3 11 0.214846 0.747384 0.225236 0.746085 0.236146 0.746085 0.249653 0.748683 0.269395 0.756476 0.288009 0.764305 0.286538 0.764918 0.28498 0.775957 0.278226 0.775308 0.271992 0.77271 0.260563 0.764918 0.25329 0.759723 0.236665 0.755177 0.215885 0.757125
0 11 0.335372 0.795439 0.332255 0.792192 0.332775 0.785698 0.336411 0.782451 0.340048 0.78375 0.341087 0.788945 0.340052 0.792424 0.338705 0.795179
1 11 0.343684 0.755826 0.336411 0.765567 0.329658 0.7831 0.326541 0.809076 0.33797 0.811674 0.349399 0.807128 0.357711 0.798686 0.362906 0.785049 0.359789 0.770113 0.353555 0.761021
2 11 0.335892 0.753878 0.31615 0.756476 0.294331 0.761671 0.286538 0.764918 0.28498 0.775957 0.292253 0.7831 0.312514 0.801283 0.326541 0.809076 0.329658 0.7831 0.336411 0.765567 0.343684 0.755826
4 15 0.591641 0.56503 0.596093 0.574305 0.581964 0.58781 0.548662 0.605154 0.513279 0.623366 0.468183 0.639844 0.417537 0.651985 0.369665 0.65979 0.281554 0.665861 0.215517 0.664126 0.178874 0.658923 0.162223 0.658923 0.137941 0.670197 0.120563 0.677447 0.119902 0.683205 0.126146 0.684073 0.132737 0.680604 0.139328 0.677135 0.154608 0.669259 0.161529 0.665861 0.163611 0.668462 0.158907 0.674099 0.151816 0.679736 0.124759 0.692745 0.116627 0.695296 0.110883 0.691878 0.108801 0.682338 0.110576 0.676701 0.117127 0.671064 0.136553 0.660657 0.162223 0.649383 0.18373 0.648516 0.216338 0.653719 0.263516 0.656321 0.339139 0.651985 0.391866 0.645914 0.459858 0.632038 0.510504 0.612959 0.568782 0.584341 0.583352 0.573067
3 15 0.648032 0.526694 0.654957 0.535969 0.640612 0.545862 0.624783 0.556992 0.611427 0.564412 0.603018 0.569977 0.596093 0.574305 0.591641 0.56503 0.606481 0.55761 0.627751 0.543389 0.639128 0.534732
2 15 0.665628 0.481973 0.65842 0.48774 0.648527 0.50258 0.646053 0.516183 0.648032 0.526694 0.654957 0.535969 0.663366 0.537824 0.675238 0.532877 0.682658 0.523603 0.684344 0.50928 0.683355 0.496812 0.681376 0.489708 0.676884 0.482439 0.672846 0.48107
4 21 0.880297 0.333794 0.886414 0.340676 0.918811 0.307308 0.954424 0.267135 0.986428 0.232835 1 0.223321 1 0.212846 0.983089 0.224789 0.963111 0.245419 0.947475 0.261706 0.929234 0.28125 0.90665 0.304051
3 21 0.833489 0.381233 0.84083 0.388115 0.843277 0.392703 0.85644 0.378142 0.869286 0.363614 0.878462 0.35138 0.886414 0.340676 0.880297 0.333794 0.853382 0.362085 0.840536 0.373555
0 21 0.796807 0.415402 0.794447 0.410091 0.794447 0.40301 0.798223 0.401239 0.801528 0.40301 0.803888 0.408321 0.80436 0.411861 0.802472 0.415992 0.800584 0.417172
1 21 0.793117 0.383527 0.798622 0.391173 0.804739 0.403407 0.81208 0.423288 0.818808 0.43858 0.81272 0.442361 0.805351 0.444698 0.797169 0.444351 0.789944 0.442668 0.782106 0.436287 0.777824 0.421759 0.779048 0.409524 0.78125 0.402105 0.785165 0.393467
2 21 0.793117 0.383527 0.805351 0.378939 0.821255 0.378175 0.833489 0.381233 0.84083 0.388115 0.843277 0.392703 0.84083 0.406466 0.834101 0.422523 0.818808 0.43858 0.81208 0.423288 0.804739 0.403407 0.798622 0.391173
4 28 0.567443 0.239247 0.575528 0.240691 0.593692 0.172061 0.612923 0.10395 0.629751 0.04886 0.635628 0.026071 0.636054 0.016909 0.635306 0.011404 0.634559 0.0059 0.632155 0 0.619334 0 0.62294 0.005399 0.626091 0.013636 0.626533 0.023669 0.62334 0.034837 0.604289 0.103903 0.586982 0.167576
3 28 0.543186 0.313606 0.551272 0.315772 0.5634 0.284007 0.569753 0.263071 0.575528 0.240691 0.567443 0.239247 0.55878 0.265959 0.548384 0.29628
0 28 0.527593 0.370638 0.526103 0.365005 0.527593 0.360531 0.532213 0.360531 0.536833 0.364863 0.537988 0.36775 0.537411 0.372082 0.533946 0.373526
1 28 0.513732 0.346814 0.522972 0.349702 0.541454 0.359809 0.553582 0.377857 0.548962 0.385076 0.539721 0.392296 0.53048 0.393018 0.522972 0.388686 0.516042 0.377135 0.513154 0.360531
2 28 0.513732 0.346814 0.518352 0.331654 0.52586 0.319381 0.53279 0.316493 0.543186 0.313606 0.551272 0.315772 0.557625 0.323713 0.562823 0.336707 0.562245 0.351146 0.55647 0.37136 0.553582 0.377857 0.541454 0.359809 0.522972 0.349702
0 5 0.3675 0.468164 0.366406 0.468457 0.366797 0.471191 0.367969 0.474414 0.370312 0.476367 0.371719 0.477148 0.372656 0.476758 0.372734 0.474219 0.372578 0.472363 0.370859 0.469043 0.369297 0.467969
