4 6 0.466632 0.252821 0.460555 0.264124 0.455754 0.274125 0.449887 0.286794 0.442419 0.297462 0.435485 0.306796 0.430151 0.314131 0.42535 0.320798 0.415748 0.334134 0.407214 0.346135 0.40188 0.354137 0.393345 0.364138 0.380543 0.377473 0.367742 0.388142 0.348539 0.402144 0.337871 0.410811 0.322935 0.422146 0.308 0.432148 0.292953 0.443785 0.275312 0.453826 0.257041 0.461111 0.233729 0.473318 0.2002 0.487624 0.179981 0.49349 0.157578 0.501491 0.134108 0.508159 0.115972 0.51416 0.088768 0.524828 0.061564 0.535496 0.030626 0.546164 0.015691 0.550832 0.01249 0.553499 0.014624 0.558833 0.030093 0.557499 0.038094 0.553499 0.050362 0.548165 0.05783 0.545498 0.066365 0.541497 0.070632 0.540163 0.085034 0.535496 0.099436 0.530162 0.115439 0.523494 0.157578 0.510826 0.177314 0.503491 0.191183 0.499491 0.202477 0.497478 0.217663 0.492613 0.234202 0.483753 0.246488 0.479815 0.262711 0.469971 0.279092 0.462883 0.314934 0.439482 0.350139 0.414812 0.376809 0.392142 0.40508 0.362805 0.42375 0.335467 0.44722 0.304129 0.473748 0.258009
3 6 0.513603 0.188617 0.504584 0.192039 0.498654 0.197969 0.49391 0.203157 0.490352 0.21057 0.486794 0.217241 0.481457 0.226136 0.476713 0.235031 0.473748 0.241702 0.466632 0.252821 0.473748 0.258009 0.48205 0.246891 0.489166 0.23429 0.495689 0.22243 0.501619 0.213535 0.505177 0.206864 0.510514 0.19871 0.513479 0.195745 0.519611 0.191954
1 6 0.524777 0.143631 0.531627 0.134377 0.540973 0.130205 0.545646 0.130205 0.550319 0.131874 0.554324 0.136046 0.556327 0.143556 0.556995 0.148563 0.556995 0.156908 0.552989 0.167755 0.550859 0.164941 0.547734 0.162402 0.543643 0.159411 0.538303 0.154404
2 6 0.524862 0.143811 0.518828 0.152051 0.514766 0.158789 0.512656 0.165723 0.512268 0.173597 0.512268 0.181941 0.513603 0.188617 0.519611 0.191954 0.527622 0.195292 0.535097 0.195197 0.542188 0.188574 0.547656 0.180762 0.550987 0.173597 0.552734 0.167676 0.550859 0.164844 0.547656 0.162305 0.543643 0.159411 0.538303 0.154404
4 12 0.159802 0.694769 0.155762 0.698103 0.151502 0.704316 0.145821 0.710529 0.13872 0.716743 0.136235 0.718518 0.130909 0.722956 0.120968 0.732276 0.115288 0.73982 0.103216 0.749584 0.091855 0.757128 0.080849 0.763785 0.068067 0.770443 0.059901 0.775768 0.04641 0.784644 0.032208 0.793964 0.019072 0.801065 0.008065 0.805059 0 0.807722 0 0.810828 0 0.817485 0.0430405 0.798186 0.0693865 0.780415 0.087949 0.76778 0.108897 0.755353 0.126649 0.738489 0.1373 0.727838 0.146176 0.720737 0.152922 0.714524 0.161088 0.707423 0.166798 0.701613
3 12 0.218951 0.639919 0.215771 0.644579 0.212121 0.648381 0.205429 0.654084 0.199346 0.657506 0.193566 0.662069 0.182616 0.672335 0.178053 0.677658 0.171361 0.684503 0.165277 0.690206 0.159802 0.694769 0.166798 0.701613 0.17349 0.694769 0.178357 0.689826 0.182311 0.685263 0.189916 0.677658 0.195391 0.673476 0.202996 0.667772 0.211817 0.660928 0.223975 0.64777
1 12 0.234653 0.593599 0.247235 0.586299 0.257903 0.585632 0.263237 0.586966 0.268038 0.591633 0.270705 0.594967 0.272305 0.600968 0.272305 0.608302 0.272305 0.61497 0.266438 0.626305 0.255983 0.637961 0.252867 0.632068 0.250354 0.628928 0.247842 0.621077 0.244702 0.611656 0.237774 0.600962
2 12 0.234653 0.593599 0.223347 0.605375 0.218951 0.613226 0.217067 0.620292 0.217067 0.630498 0.218951 0.639919 0.223975 0.64777 0.231512 0.650125 0.239677 0.64934 0.249726 0.643059 0.255803 0.637737 0.252867 0.632068 0.250354 0.628928 0.247842 0.621077 0.244702 0.611656 0.237774 0.601298
4 17 0.487618 0.528183 0.497769 0.498646 0.503104 0.472147 0.50417 0.456811 0.50417 0.440809 0.50417 0.430141 0.50417 0.420806 0.50417 0.412805 0.50417 0.404137 0.50257 0.3768 0.497769 0.356797 0.495636 0.341461 0.491902 0.322792 0.486568 0.300122 0.483367 0.284786 0.480469 0.25898 0.48611 0.253684 0.490115 0.277048 0.495455 0.303751 0.503466 0.338798 0.508807 0.368004 0.512144 0.402216 0.512144 0.443104 0.508807 0.484827 0.495035 0.531659
3 17 0.44509 0.615418 0.45517 0.60235 0.463978 0.589603 0.470467 0.578014 0.47603 0.56179 0.481592 0.544407 0.487618 0.528183 0.495035 0.531659 0.491327 0.54151 0.489009 0.548463 0.487618 0.553678 0.485764 0.559472 0.483446 0.564687 0.481129 0.570481 0.478347 0.579173 0.475566 0.586126 0.473248 0.59192 0.470467 0.597135 0.464441 0.606406 0.458415 0.615098 0.450169 0.623037
1 17 0.404141 0.641211 0.401412 0.645892 0.398872 0.652876 0.396841 0.659859 0.396333 0.666843 0.396841 0.671922 0.401412 0.680175 0.405983 0.685889 0.411569 0.688428 0.420204 0.689698 0.42833 0.685254 0.434933 0.678905 0.438996 0.673826 0.440156 0.672266 0.441641 0.67041 0.438996 0.667478 0.435 0.665039 0.431377 0.661764 0.42579 0.656685 0.414617 0.650336 0.408014 0.644622
2 17 0.44509 0.615418 0.428838 0.617958 0.422235 0.621132 0.415125 0.626211 0.409219 0.633301 0.404219 0.641016 0.408014 0.644622 0.414617 0.650336 0.42579 0.656685 0.431377 0.661764 0.435391 0.665039 0.438996 0.667478 0.441641 0.670312 0.449453 0.655957 0.452709 0.640178 0.452709 0.630655 0.450169 0.623037 0.447122 0.617958 0.446614 0.617323
4 22 0.568058 0.614507 0.569673 0.601344 0.572782 0.58913 0.575149 0.578026 0.576956 0.567254 0.579888 0.553043 0.580332 0.544715 0.582109 0.534166 0.586551 0.515289 0.587883 0.506962 0.588327 0.499744 0.588504 0.47909 0.588771 0.465322 0.585662 0.451442 0.583441 0.438118 0.580777 0.428679 0.576335 0.419796 0.571449 0.412024 0.564787 0.404251 0.55233 0.399594 0.54142 0.396075 0.532622 0.394756 0.525701 0.393702 0.515486 0.393702 0.496387 0.390926 0.487504 0.389816 0.478621 0.389816 0.47107 0.389261 0.456858 0.386485 0.436871 0.380933 0.427543 0.375381 0.421325 0.369829 0.416439 0.363722 0.41111 0.354839 0.399117 0.334297 0.392011 0.323193 0.385793 0.310978 0.379131 0.30043 0.373357 0.290992 0.367138 0.281553 0.35337 0.256014 0.340045 0.231031 0.333827 0.214375 0.33205 0.203826 0.331162 0.191057 0.33205 0.179398 0.336492 0.182174 0.337824 0.185505 0.341822 0.203826 0.344042 0.211599 0.346263 0.219372 0.348928 0.227144 0.352925 0.237693 0.367138 0.262121 0.374245 0.27267 0.383572 0.289326 0.394232 0.307092 0.411554 0.335962 0.421769 0.355949 0.433317 0.364832 0.441756 0.369829 0.448863 0.374826 0.468406 0.379267 0.49994 0.382598 0.527922 0.386485 0.549242 0.38815 0.569673 0.397033 0.578112 0.405916 0.583441 0.414244 0.588327 0.422017 0.590724 0.42979 0.594545 0.441449 0.595878 0.454218 0.596322 0.469208 0.596394 0.490412 0.593935 0.509368 0.593115 0.519614 0.590246 0.529861 0.589016 0.537546 0.587787 0.547792 0.585328 0.560601 0.583688 0.568798 0.582868 0.576995 0.57918 0.59339 0.57713 0.605686 0.574844 0.615113
3 22 0.557062 0.715288 0.555941 0.703572 0.558849 0.688425 0.560303 0.680548 0.560788 0.663584 0.561272 0.654495 0.562242 0.644801 0.562727 0.636925 0.564181 0.628442 0.566119 0.621172 0.568058 0.614507 0.574844 0.615113 0.574844 0.624201 0.572421 0.632684 0.570967 0.639954 0.569997 0.647831 0.569512 0.654495 0.569997 0.662978 0.570967 0.667219 0.571451 0.676307 0.569512 0.683578 0.568058 0.687819 0.566604 0.696907 0.566048 0.715288 0.560431 0.713884
2 22 0.557062 0.715288 0.552569 0.720905 0.546952 0.728627 0.544144 0.734945 0.543583 0.742668 0.543425 0.753534 0.545829 0.7539 0.55313 0.756006 0.559308 0.756006 0.568856 0.7539 0.575034 0.752496 0.585449 0.748731 0.584569 0.739626 0.580088 0.728627 0.575595 0.723011 0.572226 0.718798 0.566048 0.715288 0.560431 0.713884
1 22 0.543425 0.753934 0.544144 0.765133 0.546387 0.772445 0.550229 0.777248 0.555752 0.78145 0.564924 0.784789 0.570541 0.784789 0.576157 0.781279 0.580486 0.776347 0.584249 0.767742 0.585705 0.760218 0.585449 0.749031 0.575034 0.752496 0.568856 0.7539 0.559308 0.756006 0.55313 0.756006 0.545829 0.7539
