4 6 0.32069 0.201447 0.31609 0.181985 0.309981 0.161941 0.304636 0.145715 0.300818 0.132353 0.297764 0.119944 0.29471 0.106582 0.290892 0.088447 0.288601 0.07413 0.287074 0.061721 0.284783 0.040723 0.282492 0.022588 0.281729 0.009225 0.280202 0 0.289365 0 0.291655 0.020679 0.293183 0.035951 0.293946 0.050268 0.295473 0.064585 0.298528 0.077947 0.300818 0.086538 0.303109 0.096082 0.3054 0.107536 0.308454 0.122808 0.31609 0.150488 0.330847 0.197638
3 6 0.347482 0.299398 0.343545 0.28398 0.331863 0.249062 0.326784 0.225572 0.323229 0.21224 0.32069 0.201447 0.330847 0.197638 0.334403 0.208431 0.335926 0.214779 0.337958 0.221128 0.339482 0.227477 0.340497 0.236365 0.342021 0.244618 0.343037 0.252237 0.345068 0.25922 0.348624 0.270013 0.356903 0.291547 0.351878 0.293902
1 6 0.346562 0.344336 0.351878 0.355139 0.358159 0.36299 0.363811 0.367701 0.369464 0.370841 0.379513 0.370056 0.385794 0.366131 0.390819 0.359065 0.393331 0.348859 0.393959 0.340223 0.392875 0.329841 0.390313 0.322754 0.388594 0.31875 0.377001 0.328446 0.370092 0.329232 0.362555 0.333157 0.358159 0.338653
2 6 0.351878 0.293902 0.347482 0.299398 0.345597 0.305679 0.344341 0.31196 0.343713 0.320596 0.343713 0.328446 0.345597 0.339438 0.346797 0.344238 0.358159 0.338653 0.362555 0.333157 0.370092 0.329232 0.377001 0.328446 0.388516 0.318652 0.385794 0.31353 0.381397 0.307249 0.376373 0.301753 0.371348 0.296258 0.366952 0.293117 0.356903 0.291547
4 12 0.723703 0.187916 0.734753 0.165323 0.743097 0.143305 0.749123 0.115492 0.750977 0.098688 0.751441 0.083044 0.751441 0.073773 0.749123 0.050016 0.742633 0.033213 0.736607 0.021624 0.732899 0.011774 0.728727 0 0.738462 0 0.745415 0.01525 0.752368 0.032633 0.755149 0.042483 0.75654 0.05581 0.757467 0.067978 0.75793 0.080726 0.75793 0.094053 0.757003 0.104483 0.753295 0.129398 0.75005 0.143884 0.74217 0.16822 0.730711 0.193023
3 12 0.684063 0.26416 0.691718 0.252812 0.700989 0.23485 0.71026 0.215149 0.717677 0.201822 0.723703 0.187916 0.730603 0.192753 0.727586 0.201643 0.721552 0.214305 0.716918 0.224677 0.710884 0.23451 0.705624 0.240644 0.701916 0.247598 0.698208 0.256868 0.696354 0.261504 0.694499 0.266719 0.693124 0.273706 0.688727 0.267425 0.687471 0.265855
1 12 0.654922 0.29209 0.652176 0.298772 0.651172 0.308008 0.651797 0.316113 0.653516 0.322559 0.658354 0.32896 0.665655 0.333172 0.673518 0.333172 0.680819 0.32896 0.685874 0.322642 0.690469 0.316016 0.686215 0.31296 0.68119 0.309035 0.671641 0.301855 0.662422 0.296094
2 12 0.684219 0.264258 0.673828 0.266309 0.666745 0.270566 0.66172 0.275276 0.659208 0.279202 0.656696 0.286267 0.655156 0.291992 0.662348 0.295688 0.671563 0.301758 0.68119 0.309035 0.686215 0.31296 0.690391 0.315918 0.694766 0.304492 0.696264 0.296474 0.696264 0.289408 0.695636 0.279202 0.693124 0.273706 0.688727 0.267425 0.687471 0.265855
4 18 0.573713 0.467804 0.583722 0.4774 0.602539 0.495152 0.630942 0.520005 0.659346 0.541751 0.690589 0.569267 0.724318 0.590569 0.793906 0.636725 0.841482 0.667791 0.87521 0.686874 0.91249 0.70507 1 0.755663 1 0.748119 0.977107 0.733029 0.950533 0.717558 0.925271 0.703738 0.849647 0.662909 0.792131 0.624742 0.696625 0.563941 0.665381 0.537313 0.626682 0.504916 0.576374 0.461484
3 18 0.543389 0.417059 0.544026 0.423499 0.546574 0.431219 0.548703 0.434545 0.551363 0.438203 0.554024 0.443192 0.558015 0.450509 0.560676 0.4545 0.564401 0.459156 0.567859 0.462815 0.571318 0.466141 0.573713 0.467804 0.576374 0.461484 0.570786 0.454167 0.567859 0.450842 0.565199 0.447183 0.563602 0.444523 0.56174 0.441529 0.559345 0.437538 0.558015 0.43521 0.556152 0.431552 0.554556 0.428226 0.552694 0.425233 0.549235 0.417916 0.54783 0.415393
2 18 0.512742 0.388744 0.512479 0.37857 0.512813 0.372461 0.514687 0.368359 0.516641 0.364844 0.519256 0.362437 0.525386 0.361227 0.531517 0.361227 0.534597 0.362451 0.537204 0.364658 0.540147 0.368338 0.543007 0.372542 0.535838 0.373754 0.52962 0.373754 0.528732 0.375975 0.526067 0.380972 0.522514 0.383747 0.520737 0.384303 0.512742 0.388744 0.512742 0.388744 0.513186 0.389855 0.514519 0.399293 0.517628 0.4054 0.520293 0.409842 0.52429 0.413173 0.528732 0.416504 0.532729 0.417614 0.536727 0.417614 0.543389 0.417059 0.54783 0.415393 0.550939 0.410397 0.552344 0.402441 0.552813 0.39541 0.551828 0.389855 0.550051 0.383747 0.546942 0.37764 0.542969 0.372559 0.535838 0.373754 0.52962 0.373754 0.528732 0.375975 0.526067 0.380972 0.522514 0.383747 0.520737 0.384303 0.512742 0.388744
4 24 0.402717 0.757359 0.402938 0.768016 0.404167 0.775189 0.405807 0.781337 0.407036 0.786973 0.408676 0.793633 0.410725 0.800805 0.411545 0.809003 0.413184 0.815663 0.414824 0.822323 0.416053 0.834107 0.417283 0.845378 0.418922 0.853063 0.420562 0.860236 0.424251 0.881753 0.432448 0.914542 0.445154 0.96014 0.45663 1 0.464417 1 0.458679 0.981145 0.45458 0.960652 0.450482 0.947331 0.448433 0.939134 0.445563 0.9294 0.442285 0.919153 0.440235 0.910956 0.437366 0.900197 0.435727 0.890975 0.434087 0.879704 0.431628 0.870994 0.429169 0.860748 0.427939 0.853063 0.42548 0.843841 0.42466 0.838718 0.420972 0.809515 0.416053 0.785948 0.413184 0.774164 0.410725 0.761868 0.408805 0.755932
3 24 0.384797 0.676733 0.388259 0.686969 0.390541 0.696957 0.391302 0.705518 0.392063 0.713603 0.394346 0.726444 0.396249 0.737383 0.398151 0.743566 0.402717 0.757359 0.408805 0.755932 0.407165 0.743091 0.406522 0.735957 0.403859 0.72692 0.401956 0.718835 0.400815 0.712176 0.400434 0.702188 0.399293 0.693152 0.397771 0.682688 0.396345 0.678954 0.39146 0.678399
0 24 0.404283 0.644738 0.402762 0.649494 0.402762 0.651872 0.404283 0.656628 0.406186 0.656628 0.40923 0.653298 0.40961 0.648067 0.40961 0.645213 0.408469 0.643311 0.407708 0.643311 0.406947 0.643311
1 24 0.368364 0.626211 0.371473 0.611776 0.377691 0.602337 0.382132 0.597896 0.38613 0.59512 0.392348 0.594009 0.39679 0.594009 0.402119 0.595675 0.407449 0.600117 0.412472 0.606852 0.415751 0.620685 0.416161 0.629907 0.413223 0.630652 0.410558 0.628987 0.405673 0.628987 0.394125 0.630097 0.390127 0.630097 0.384797 0.629542 0.3808 0.628431 0.37547 0.626211
2 24 0.368364 0.626211 0.369252 0.637314 0.370584 0.648418 0.373249 0.655636 0.375914 0.663964 0.381244 0.672847 0.384797 0.676733 0.39146 0.678399 0.396345 0.678954 0.403008 0.676178 0.409226 0.670071 0.411891 0.662298 0.415 0.647308 0.415888 0.63787 0.416127 0.630098 0.413223 0.630652 0.410558 0.628987 0.405673 0.628987 0.394125 0.630097 0.390127 0.630097 0.384797 0.629542 0.3808 0.628431 0.37547 0.626211
4 30 0.310953 0.720368 0.302351 0.729493 0.294064 0.733439 0.284987 0.737385 0.275121 0.741825 0.266834 0.747251 0.25539 0.753664 0.246313 0.75761 0.240789 0.76205 0.239605 0.765009 0.241973 0.769942 0.246708 0.770436 0.254206 0.771422 0.261704 0.773395 0.260915 0.777835 0.259336 0.778821 0.256179 0.779315 0.253811 0.779808 0.24513 0.779315 0.237632 0.777835 0.232896 0.773889 0.230923 0.766489 0.230923 0.76057 0.234475 0.757117 0.238815 0.753664 0.243156 0.750704 0.249865 0.747251 0.257758 0.743798 0.26565 0.740345 0.272359 0.736892 0.295247 0.726533 0.302745 0.722587 0.308665 0.700389 0.314979 0.671285 0.325396 0.637248 0.334709 0.612435 0.346155 0.593839 0.352863 0.58792 0.361151 0.581014 0.367859 0.576574 0.374568 0.571148 0.381671 0.567202 0.393115 0.561282 0.399154 0.56064 0.405823 0.564044 0.411348 0.571493 0.414031 0.581014 0.41482 0.592359 0.415609 0.598279 0.415751 0.620685 0.412472 0.606852 0.409416 0.589073 0.407711 0.584277 0.405153 0.575217 0.400037 0.571487 0.391085 0.571487 0.383837 0.573086 0.38 0.57575 0.373179 0.582145 0.361668 0.591737 0.353995 0.598132 0.347174 0.603994 0.342058 0.610922 0.336942 0.62158 0.333531 0.634369 0.330121 0.64556 0.325431 0.659415 0.321168 0.674337 0.319036 0.684462 0.316052 0.697784 0.310953 0.720368 0.306962 0.721473 0.308255 0.713397 0.324228 0.710529 0.333963 0.707632 0.343697 0.703576 0.352041 0.699519 0.367301 0.694413 0.378927 0.689669 0.388228 0.686879 0.388259 0.686969 0.389347 0.691731 0.376146 0.697781 0.352041 0.707632 0.325619 0.715744 0.306962 0.721473
3 30 0.229618 0.710195 0.240783 0.713145 0.262103 0.717586 0.278981 0.720918 0.289196 0.721473 0.299856 0.721473 0.306962 0.721473 0.308295 0.713145 0.297191 0.713145 0.286087 0.7137 0.280757 0.713145 0.274983 0.712034 0.268321 0.709814 0.256773 0.707038 0.229133 0.70353
1 30 0.193278 0.6763 0.187154 0.678275 0.180339 0.680868 0.175815 0.684748 0.172422 0.691412 0.169029 0.701107 0.169029 0.707771 0.169574 0.71556 0.172142 0.720375 0.1763 0.725948 0.179846 0.729758 0.185179 0.732721 0.188636 0.717782 0.190841 0.70353 0.191994 0.694448 0.19278 0.684142
2 30 0.185278 0.733091 0.199105 0.734449 0.2075 0.734202 0.216046 0.732613 0.222347 0.728977 0.22671 0.723524 0.229618 0.710195 0.229133 0.70353 0.229133 0.695654 0.22671 0.690201 0.223317 0.686565 0.219439 0.68293 0.212653 0.680506 0.203928 0.678689 0.197821 0.676423 0.19308 0.676176 0.19278 0.684142 0.191895 0.695189 0.190841 0.70353 0.188537 0.717659
0 12 0.667578 0.309473 0.665391 0.310742 0.665547 0.314063 0.666797 0.31582 0.66875 0.316504 0.670859 0.316699 0.671797 0.316309 0.672109 0.313965 0.670859 0.311426 0.669766 0.310645
0 18 0.524687 0.377734 0.523906 0.377734 0.5225 0.37793 0.521719 0.381055 0.522344 0.382715 0.523984 0.383301 0.525703 0.382227 0.526172 0.381152 0.526094 0.378711 0.524687 0.377734 0.524687 0.372852 0.526094 0.373047 0.5275 0.371973 0.527734 0.370117 0.527734 0.369141 0.527578 0.367773 0.525938 0.366504 0.524375 0.366699 0.523281 0.367871 0.522891 0.37002 0.523828 0.372168 0.524687 0.372852
0 6 0.364297 0.340039 0.362578 0.341504 0.362422 0.34248 0.362891 0.344141 0.364375 0.344922 0.366328 0.344824 0.368047 0.343848 0.36875 0.342773 0.36875 0.341504 0.367969 0.339648 0.366094 0.339648
