4 4 0.23971 0.2301 0.244908 0.238041 0.232202 0.252479 0.214298 0.269084 0.194662 0.283522 0.180801 0.292185 0.166362 0.297961 0.151924 0.299404 0.119004 0.298683 0.09417 0.294351 0.061827 0.295073 0.020244 0.297961 0 0.300848 0 0.291463 0.029485 0.287854 0.06356 0.283522 0.087239 0.283522 0.120159 0.285688 0.142105 0.287132 0.160587 0.287132 0.177335 0.281356 0.195817 0.270527 0.220073 0.250314 0.232779 0.237319
3 4 0.277827 0.174511 0.286491 0.186062 0.27494 0.201945 0.255303 0.228656 0.244908 0.238041 0.23971 0.2301 0.251838 0.214217 0.265699 0.196169 0.273785 0.184618
2 4 0.300929 0.127586 0.290533 0.13264 0.27956 0.142747 0.27494 0.153575 0.27494 0.162239 0.277827 0.174511 0.286491 0.186062 0.296309 0.189672 0.304394 0.189672 0.313635 0.178843 0.318833 0.167292 0.320565 0.149966 0.317678 0.137693 0.31017 0.12903
4 11 0.27494 0.153575 0.27494 0.162239 0.275365 0.164045 0.26359 0.170538 0.226637 0.191818 0.192589 0.21154 0.138612 0.233339 0.0899166 0.24757 0.0483763 0.251578 0.0163101 0.252489 0 0.251031 0 0.241124 0.027751 0.242162 0.059722 0.239567 0.085465 0.236972 0.109132 0.232301 0.140273 0.223477 0.186776 0.203755 0.217502 0.187665 0.246982 0.170538 0.264006 0.159639 0.27494 0.153575 0.31017 0.12903 0.317678 0.137693 0.33112 0.134725 0.349717 0.136777 0.390742 0.147033 0.418638 0.158656 0.447629 0.168228 0.46185 0.175066 0.484277 0.190792 0.508892 0.209937 0.526531 0.225165 0.531425 0.216754 0.505063 0.192843 0.476072 0.173015 0.450911 0.157972 0.415903 0.146349 0.388007 0.136777 0.352999 0.127204 0.336043 0.125153 0.330026 0.125153 0.321821 0.12652 0.31017 0.12903
3 11 0.573013 0.277603 0.57913 0.269957 0.56568 0.254221 0.547941 0.235105 0.531425 0.216754 0.526531 0.225165 0.545494 0.246574 0.558952 0.261867
0 11 0.597537 0.316633 0.594743 0.313795 0.594743 0.309803 0.596739 0.306809 0.599932 0.30631 0.602727 0.308306 0.603525 0.312797 0.60113 0.316289
1 11 0.568119 0.314305 0.576683 0.312776 0.5828 0.310482 0.592588 0.304365 0.602375 0.291366 0.617668 0.279897 0.623785 0.289837 0.62562 0.304365 0.625008 0.320422 0.620114 0.334186 0.609104 0.343361 0.595034 0.34489 0.585859 0.341067 0.574848 0.330362
2 11 0.568119 0.314305 0.566284 0.301307 0.569955 0.288308 0.573013 0.277603 0.57913 0.269957 0.591976 0.265369 0.601152 0.266898 0.617668 0.279897 0.602375 0.291366 0.592588 0.304365 0.5828 0.310482 0.576683 0.312776
4 16 0.704614 0.71403 0.711539 0.720213 0.731404 0.693175 0.748508 0.663427 0.761895 0.623454 0.770075 0.583481 0.774537 0.54072 0.772306 0.49331 0.761151 0.431956 0.732891 0.35294 0.689014 0.246036 0.677859 0.221866 0.670422 0.182823 0.665216 0.178175 0.662241 0.186541 0.662241 0.199555 0.673396 0.233951 0.693476 0.280431 0.718017 0.339925 0.738097 0.391054 0.75297 0.439393 0.761151 0.482155 0.763382 0.518409 0.762638 0.56303 0.757433 0.605792 0.743303 0.651343 0.721736 0.689456
3 16 0.643276 0.754221 0.646244 0.767206 0.662568 0.760404 0.683838 0.745564 0.702635 0.730724 0.711539 0.720213 0.704614 0.71403 0.691753 0.725778 0.678397 0.735671 0.661084 0.746183
0 16 0.598757 0.780809 0.597273 0.774007 0.600736 0.769061 0.605188 0.769061 0.60865 0.774007 0.607166 0.779572 0.604198 0.782045
2 16 0.59381 0.756076 0.594823 0.763572 0.596868 0.776032 0.598146 0.783486 0.601213 0.791687 0.606836 0.801591 0.611618 0.800595 0.625963 0.796267 0.637835 0.786992 0.64476 0.774007 0.646244 0.767206 0.643276 0.754221 0.636351 0.746183 0.627942 0.740618 0.620027 0.740618 0.612608 0.743091
4 22 0.463824 0.825061 0.470433 0.82093 0.487428 0.859877 0.504423 0.907674 0.518585 0.955472 0.530387 1 0.52425 1 0.508199 0.94367 0.492621 0.895282 0.474682 0.848665
3 22 0.437108 0.754851 0.445313 0.748698 0.452966 0.770772 0.459576 0.790245 0.467601 0.813259 0.470433 0.82093 0.463824 0.825061 0.45155 0.797916 0.440692 0.767231
0 22 0.419449 0.701141 0.418505 0.69642 0.419449 0.692289 0.422754 0.691109 0.427002 0.691109 0.429363 0.69465 0.429363 0.69878 0.42653 0.702321 0.422754 0.703501
1 22 0.404836 0.719297 0.420152 0.709724 0.434374 0.703571 0.446954 0.695366 0.440937 0.681691 0.431639 0.674854 0.421793 0.672803 0.413041 0.674854 0.404836 0.685794 0.402101 0.69605 0.402101 0.705622
2 22 0.404836 0.719297 0.410306 0.735023 0.41687 0.74733 0.428357 0.7528 0.437108 0.754851 0.445313 0.748698 0.450236 0.735023 0.451877 0.718613 0.448595 0.700152 0.446954 0.695366 0.434374 0.703571 0.420152 0.709724
1 16 0.593886 0.756117 0.594823 0.763998 0.597124 0.77731 0.598317 0.784658 0.601213 0.791793 0.606751 0.801591 0.601554 0.801165 0.595164 0.797331 0.589286 0.792751 0.586474 0.786255 0.585878 0.775073 0.586559 0.768471 0.588604 0.761974 0.591586 0.758353
