2 8 0.800247 0.592082 0.802794 0.599498 0.80398 0.604687 0.803387 0.618029 0.801608 0.628407 0.800422 0.63656 0.801608 0.644714 0.802891 0.65 0.81125 0.64541 0.824062 0.64209 0.838516 0.638477 0.848281 0.637109 0.855571 0.635078 0.849048 0.619512 0.837188 0.604687 0.827107 0.595051 0.817619 0.589862 0.811689 0.584673 0.805759 0.583932 0.801608 0.586897
4 8 0.757925 0.50191 0.749637 0.508816 0.749637 0.508816 0.723187 0.466032 0.70609 0.439319 0.678309 0.403702 0.642691 0.356509 0.607786 0.320891 0.581429 0.295959 0.550086 0.269246 0.520879 0.245204 0.490248 0.215819 0.443946 0.170407 0.426137 0.145475 0.406904 0.116981 0.396931 0.100063 0.394794 0.087597 0.404766 0.089377 0.414739 0.097391 0.429406 0.12571 0.459757 0.16681 0.478851 0.184654 0.50671 0.213613 0.536477 0.242335 0.562304 0.261982 0.580672 0.276064 0.603693 0.295657 0.624755 0.317392 0.669083 0.368822 0.696757 0.408007 0.733004 0.46005 0.748119 0.48117
3 8 0.749637 0.508816 0.757925 0.50191 0.769763 0.522628 0.790679 0.554198 0.804491 0.573436 0.810398 0.584512 0.805759 0.583932 0.801608 0.586897 0.801409 0.587657 0.794625 0.578369 0.766212 0.536933
1 8 0.8025 0.65 0.811016 0.645312 0.823906 0.64209 0.838438 0.638574 0.848125 0.637207 0.855571 0.635078 0.859392 0.645804 0.858884 0.661041 0.853805 0.670564 0.847031 0.677734 0.838906 0.67959 0.827902 0.677547 0.819776 0.674373 0.815387 0.669929 0.807891 0.659766
2 15 0.443456 0.465448 0.432107 0.468786 0.422094 0.475462 0.415418 0.485475 0.414083 0.49382 0.410078 0.506337 0.410078 0.515516 0.412748 0.522191 0.416753 0.527198 0.426767 0.530536 0.438115 0.530536 0.450131 0.526363 0.454137 0.513847 0.455472 0.492151 0.454137 0.472124 0.452134 0.46378
4 15 0.326407 0.522673 0.32694 0.534675 0.317872 0.536008 0.298669 0.536675 0.28 0.534675 0.25493 0.532008 0.228259 0.524673 0.203722 0.511338 0.174918 0.490001 0.154649 0.468665 0.137046 0.441995 0.129578 0.417324 0.126911 0.401322 0.125914 0.386653 0.119444 0.374652 0.114643 0.36265 0.113436 0.348648 0.116751 0.335225 0.125311 0.321311 0.13918 0.313309 0.157849 0.307975 0.180252 0.305308 0.210657 0.306642 0.23306 0.308642 0.262398 0.314643 0.276266 0.31731 0.282667 0.31731 0.290668 0.315976 0.298669 0.313309 0.299736 0.309309 0.294936 0.307308 0.289068 0.307308 0.280533 0.305975 0.274666 0.304641 0.273599 0.299307 0.277866 0.29464 0.289601 0.293973 0.300803 0.293973 0.309338 0.298641 0.314138 0.304641 0.316805 0.311976 0.316272 0.31931 0.310938 0.325978 0.30187 0.330645 0.287468 0.332645 0.274133 0.331312 0.260264 0.325978 0.239994 0.322644 0.21279 0.321977 0.185586 0.320644 0.166384 0.319977 0.149315 0.322644 0.136513 0.329978 0.130645 0.338646 0.130645 0.348648 0.130112 0.363983 0.134379 0.384653 0.14238 0.41199 0.155182 0.444662 0.172251 0.468665 0.195721 0.489335 0.223992 0.507337 0.252796 0.520006 0.291735 0.524673 0.313605 0.524006
3 15 0.326407 0.522673 0.342409 0.521339 0.364279 0.520006 0.383482 0.519339 0.401084 0.515338 0.410078 0.511591 0.410078 0.515516 0.412748 0.522191 0.414597 0.524502 0.396817 0.531341 0.378681 0.534008 0.360545 0.536008 0.339742 0.536008 0.32694 0.534675
0 15 0.460814 0.506174 0.458233 0.50698 0.455651 0.507787 0.454683 0.5094 0.454683 0.51303 0.455974 0.51424 0.459201 0.515047 0.462105 0.513434 0.464041 0.51061 0.463718 0.507787 0.460814 0.506174 0.462386 0.487788 0.465204 0.487788 0.46677 0.486222 0.46771 0.483091 0.467396 0.479176 0.465517 0.476828 0.463012 0.475262 0.46082 0.475653 0.459254 0.477219 0.458628 0.480351 0.458628 0.483874 0.459881 0.486614 0.462386 0.487788
1 15 0.452134 0.46378 0.454137 0.472124 0.455472 0.492151 0.454137 0.513847 0.450131 0.526363 0.462147 0.522191 0.474164 0.511343 0.479504 0.499661 0.479504 0.48631 0.474831 0.469621 0.467488 0.464614 0.460812 0.463495
2 23 0.194726 0.395189 0.18911 0.386063 0.179562 0.372022 0.171699 0.365002 0.160467 0.36079 0.151481 0.3643 0.145865 0.372724 0.145303 0.384659 0.146988 0.394487 0.154289 0.410634 0.162713 0.411336 0.175069 0.409932 0.189671 0.406422 0.197926 0.401385
4 23 0.086991 0.295625 0.092516 0.280827 0.086496 0.270966 0.073981 0.259378 0.05822 0.243733 0.043387 0.226929 0.022527 0.204911 0 0.18521 0 0.204911 0.013256 0.218238 0.032261 0.240256 0.048486 0.258798 0.073517 0.284873
3 23 0.086991 0.295625 0.092516 0.280827 0.107906 0.292666 0.124875 0.309931 0.139477 0.327689 0.15171 0.345941 0.157909 0.361789 0.151481 0.3643 0.14877 0.368365 0.142239 0.359259 0.135136 0.344461 0.127243 0.332622 0.117377 0.321276 0.100803 0.305491
1 23 0.154289 0.410634 0.162713 0.411336 0.175069 0.409932 0.189671 0.406422 0.197926 0.401385 0.200515 0.407246 0.202369 0.415358 0.201442 0.422891 0.197734 0.431003 0.193098 0.435059 0.185682 0.436218 0.177801 0.436218 0.170848 0.432741 0.163432 0.427526 0.157405 0.418835
2 31 0.594879 0.516137 0.587124 0.520378 0.579369 0.524014 0.572098 0.528255 0.565312 0.53492 0.560465 0.54522 0.559496 0.553096 0.55998 0.562184 0.564343 0.571879 0.572098 0.577937 0.580338 0.580361 0.592941 0.580967 0.613265 0.577766 0.610171 0.564506 0.607077 0.547654 0.602435 0.527902 0.599673 0.514503
4 31 0.486884 0.564151 0.488404 0.575887 0.461102 0.578258 0.40467 0.579738 0.373494 0.577765 0.324955 0.573325 0.307591 0.575298 0.290227 0.578258 0.270101 0.581218 0.263787 0.581218 0.256289 0.575298 0.251554 0.564446 0.252738 0.557046 0.258262 0.548661 0.263787 0.544714 0.272864 0.545701 0.288649 0.551127 0.304039 0.55458 0.338767 0.560993 0.382176 0.563952 0.423612 0.567406 0.445317 0.566912 0.460707 0.566912 0.466627 0.564939 0.469389 0.560499 0.469389 0.55458 0.465443 0.547674 0.460313 0.540275 0.460313 0.534355 0.465048 0.532875 0.470573 0.536328 0.474125 0.541261 0.477282 0.547674 0.477676 0.556553 0.47373 0.564939 0.467021 0.569379 0.440976 0.571352 0.382571 0.569872 0.293384 0.565432 0.285097 0.561979 0.27681 0.559513 0.27168 0.55902 0.268917 0.55902 0.267339 0.561486 0.267734 0.564446 0.270496 0.567899 0.276415 0.568885 0.285097 0.568392 0.293448 0.565529 0.382681 0.569848 0.441046 0.571459 0.466994 0.569433 0.475013 0.565293
3 31 0.486884 0.564151 0.513512 0.56129 0.53588 0.560402 0.553277 0.557296 0.559584 0.554752 0.55998 0.562184 0.561872 0.566388 0.547379 0.57018 0.528355 0.57446 0.505145 0.575887 0.488404 0.575887
1 31 0.604977 0.512846 0.599562 0.514642 0.602656 0.527764 0.606966 0.54724 0.610171 0.564229 0.613044 0.577766 0.621538 0.573696 0.629294 0.564002 0.632202 0.553702 0.632687 0.540978 0.627409 0.523344 0.621331 0.516299 0.611359 0.512502
0 8 0.823672 0.64541 0.831563 0.644434 0.837344 0.643945 0.842969 0.641309 0.849844 0.640332 0.852578 0.644922 0.853672 0.649316 0.853516 0.65459 0.851016 0.659668 0.848359 0.662598 0.840859 0.664355 0.831797 0.662891 0.825859 0.660547 0.819922 0.657324 0.815312 0.655371 0.813438 0.651465 0.815547 0.648242 0.818437 0.646973 0.820781 0.645898
0 31 0.6181 0.546025 0.615529 0.547995 0.614036 0.54872 0.613953 0.553282 0.614202 0.558776 0.614865 0.562716 0.616773 0.56396 0.619344 0.564063 0.621168 0.562508 0.621666 0.56085 0.621251 0.556081 0.621417 0.552245 0.621417 0.547891 0.619758 0.546543
0 23 0.183885 0.418095 0.182147 0.420919 0.182929 0.423852 0.184493 0.425047 0.186666 0.425156 0.188491 0.423092 0.188925 0.421788 0.188317 0.419181 0.186405 0.417878 0.185015 0.417878
