4 7 0.622306 0.055543 0.628173 0.047292 0.573665 0 0.559266 0 0.590464 0.025207
3 7 0.675253 0.101243 0.679124 0.09264 0.655677 0.069295 0.628173 0.047292 0.622306 0.055543 0.644676 0.074795
1 7 0.690738 0.144258 0.693319 0.132966 0.69719 0.120062 0.704073 0.10662 0.716547 0.094253 0.728069 0.100124 0.740902 0.113364 0.745383 0.127124 0.744993 0.145023 0.740025 0.1572 0.731063 0.161827 0.720512 0.162471 0.707665 0.159637 0.696329 0.151608
2 7 0.686867 0.141031 0.679554 0.12974 0.674823 0.109308 0.675253 0.101243 0.679124 0.09264 0.690738 0.087263 0.701492 0.087801 0.716547 0.094253 0.704073 0.10662 0.69719 0.120062 0.693319 0.132966 0.690738 0.144258
4 14 0.597228 0.431617 0.596142 0.418725 0.535573 0.393439 0.453845 0.356853 0.380571 0.324847 0.287575 0.295524 0.27146 0.291175 0.249933 0.292043 0.258266 0.297251 0.295535 0.307306 0.352924 0.327989 0.405439 0.347285 0.460149 0.370643 0.536725 0.404018
3 14 0.615158 0.372466 0.62407 0.369124 0.629797 0.403797 0.631426 0.428903 0.625997 0.434331 0.616227 0.434331 0.597228 0.431617 0.596142 0.418725 0.611884 0.423475 0.620026 0.420082 0.618941 0.407868 0.614598 0.38412
1 14 0.585306 0.318998 0.594662 0.3151 0.611594 0.311201 0.625852 0.312872 0.619719 0.297271 0.611478 0.288063 0.605907 0.284582 0.597537 0.284563 0.589475 0.288237 0.584601 0.297986 0.583347 0.305993
2 14 0.625852 0.312872 0.629862 0.337935 0.627634 0.359099 0.62407 0.369124 0.615158 0.372466 0.608475 0.370795 0.597336 0.356871 0.588425 0.333479 0.585306 0.318998 0.594662 0.3151 0.611594 0.311201
4 21 0.509571 0.530531 0.518923 0.531018 0.505573 0.4449 0.487173 0.373518 0.46942 0.318359 0.415681 0.216943 0.377523 0.171895 0.359151 0.165712 0.348551 0.178961 0.348551 0.19486 0.357031 0.213409 0.406495 0.26464 0.433347 0.296439 0.439 0.301738 0.428795 0.275112 0.391964 0.235212 0.36551 0.207226 0.357031 0.188677 0.361271 0.176311 0.381763 0.187794 0.405082 0.217826 0.437587 0.271706 0.463025 0.328237 0.480691 0.375051 0.494117 0.437765 0.504716 0.496062
3 21 0.517865 0.616081 0.528843 0.615256 0.52399 0.575347 0.518923 0.531018 0.509571 0.530531 0.513468 0.57827
1 21 0.500112 0.661691 0.504398 0.663478 0.520312 0.663783 0.535379 0.664202 0.546205 0.66183 0.556138 0.655971 0.556428 0.671886 0.552864 0.688038 0.545735 0.699177 0.536378 0.704746 0.53014 0.70586 0.520338 0.705303 0.510536 0.699734 0.502961 0.684696 0.499842 0.669101
2 21 0.500916 0.658231 0.507278 0.63588 0.517865 0.616081 0.528843 0.615256 0.535595 0.620281 0.545674 0.62988 0.553065 0.645953 0.55616 0.655886 0.546289 0.661846 0.535248 0.664251 0.520527 0.663937 0.504299 0.663414 0.500117 0.661741
4 28 0.733493 0.544078 0.743209 0.540435 0.767206 0.605163 0.786373 0.672707 0.798412 0.7297 0.81916 0.825115 0.833743 0.875228 0.862008 0.935292 0.882501 0.971507 0.898046 0.997122 0.900873 1 0.8931 1 0.858475 0.944125 0.83233 0.893777 0.813958 0.847846 0.798924 0.78157 0.783811 0.706007 0.76732 0.631441 0.754601 0.592576
3 28 0.698844 0.462602 0.710187 0.458401 0.721835 0.488214 0.743209 0.540435 0.733493 0.544078 0.717463 0.507645
1 28 0.671957 0.420591 0.695903 0.416915 0.713128 0.409038 0.718589 0.407463 0.713589 0.387816 0.703836 0.376641 0.694083 0.374101 0.682298 0.376133 0.672138 0.384768 0.668481 0.396452 0.668075 0.409659
2 28 0.67192 0.424328 0.679939 0.447898 0.687501 0.456826 0.698844 0.462602 0.710187 0.458401 0.715649 0.447898 0.71985 0.431094 0.718589 0.407463 0.713128 0.409038 0.695903 0.416915 0.671957 0.420591
4 35 0.472927 0.846457 0.47486 0.837195 0.376114 0.803708 0.324689 0.773905 0.280277 0.747024 0.236799 0.714298 0.218566 0.694429 0.204074 0.697936 0.178361 0.712545 0.112444 0.773905 0 0.860342 0 0.867587 0.021939 0.852438 0.094657 0.802378 0.127854 0.772738 0.167901 0.73651 0.198464 0.712139 0.20953 0.70687 0.21638 0.707529 0.236931 0.725972 0.28699 0.770103 0.336522 0.795791 0.397648 0.826091
3 35 0.555345 0.887332 0.558499 0.878884 0.522215 0.848067 0.504819 0.843235 0.47486 0.837195 0.472927 0.846457 0.503853 0.852094 0.526403 0.860148 0.540577 0.871826
1 35 0.593642 0.929009 0.594543 0.900285 0.597247 0.882826 0.600851 0.868746 0.615924 0.87533 0.628947 0.886883 0.635669 0.899486 0.636594 0.906432 0.636093 0.912796 0.634423 0.920099 0.63 0.927507 0.62207 0.932306 0.61172 0.934289
2 35 0.587553 0.925946 0.572917 0.913239 0.558949 0.896343 0.555345 0.887332 0.558499 0.878884 0.572917 0.871562 0.600851 0.868746 0.597247 0.882826 0.594543 0.900285 0.593642 0.929009
0 7 0.710756 0.11965 0.707983 0.126104 0.706261 0.131244 0.705305 0.135428 0.707983 0.137699 0.710373 0.137699 0.714007 0.136623 0.715728 0.133396 0.716302 0.129451 0.716685 0.124431 0.71592 0.121801 0.714103 0.119172 0.712477 0.119052
0 21 0.521249 0.691142 0.526409 0.693255 0.532994 0.692699 0.537977 0.690697 0.54207 0.687916 0.543583 0.683467 0.54296 0.679574 0.541091 0.67735 0.53771 0.677906 0.533706 0.681354 0.528901 0.682577 0.522049 0.680575 0.517867 0.680575 0.51591 0.682243 0.516622 0.686025 0.518935 0.689251
