4 7 0.409727 0.81671 0.411996 0.808201 0.492953 0.859565 0.731721 0.999023 0.716856 1 0.494813 0.870419
1 7 0.324393 0.721435 0.311846 0.724162 0.303118 0.732345 0.298208 0.739846 0.297117 0.747347 0.299299 0.757575 0.301481 0.762348 0.306391 0.769167 0.312937 0.774623 0.315703 0.77666 0.317301 0.774623 0.319483 0.767122 0.323848 0.758257 0.32603 0.752802 0.338031 0.750074 0.346759 0.750074 0.349487 0.748029 0.350547 0.737402 0.346759 0.730981 0.334219 0.723633 0.330394 0.722116
0 7 0.328757 0.735073 0.327121 0.740528 0.330394 0.744619 0.335849 0.745301 0.339534 0.746001 0.342427 0.745381 0.342262 0.741764 0.337798 0.74011 0.333667 0.737118
2 7 0.315703 0.776563 0.317301 0.774623 0.319483 0.767122 0.323848 0.758257 0.32603 0.752802 0.338031 0.750074 0.346759 0.750074 0.349487 0.748029 0.350547 0.737793 0.353672 0.744043 0.358215 0.759621 0.358761 0.769849 0.358761 0.781442 0.35767 0.782805 0.348396 0.788261 0.337486 0.786897 0.327121 0.783487 0.318359 0.778613
3 7 0.355759 0.783929 0.35767 0.782805 0.358761 0.781442 0.358761 0.775731 0.412222 0.807354 0.409494 0.817582 0.396947 0.808718 0.356579 0.784851
4 13 0.498239 0.587332 0.514908 0.585438 0.552493 0.596115 0.615705 0.615335 0.638769 0.624945 0.652436 0.637758 0.663541 0.663384 0.684042 0.692214 0.704543 0.708231 0.72419 0.71784 0.742983 0.715705 0.74042 0.722112 0.723336 0.726383 0.700272 0.718908 0.678063 0.699688 0.658416 0.666588 0.646345 0.641399 0.620839 0.625829 0.571014 0.609517 0.514665 0.594688 0.499416 0.594688
3 13 0.454376 0.607302 0.455542 0.602927 0.455542 0.596301 0.498135 0.586688 0.499573 0.595671
1 13 0.395298 0.599375 0.397572 0.589429 0.403823 0.581615 0.413485 0.579483 0.416641 0.578711 0.419375 0.588379 0.423516 0.603027 0.422109 0.617871 0.421328 0.629492 0.418032 0.628503 0.406665 0.622109 0.400413 0.614294 0.397003 0.60719
0 13 0.415424 0.607021 0.415993 0.602048 0.418516 0.599512 0.420937 0.60166 0.421016 0.606543 0.419403 0.609863 0.417698 0.609863
2 13 0.416484 0.578613 0.419737 0.578063 0.434514 0.578063 0.448154 0.583746 0.455542 0.594402 0.455542 0.602927 0.453269 0.611453 0.443607 0.626371 0.436219 0.630634 0.425859 0.630762 0.421328 0.629492 0.423438 0.603418
4 22 0.790155 0.679231 0.79017 0.679177 0.821014 0.650261 0.836436 0.638027 0.845927 0.634691 0.854824 0.634691 0.86906 0.642105 0.876771 0.654709 0.88033 0.664348 0.880923 0.672504 0.879737 0.673987 0.877364 0.676211 0.87283 0.662447 0.870305 0.652347 0.864246 0.646035 0.858186 0.642248 0.850612 0.639723 0.835463 0.644773 0.819723 0.658005 0.791857 0.681754
3 22 0.755896 0.729187 0.758331 0.717015 0.765634 0.702409 0.7817 0.685977 0.789675 0.67852 0.792292 0.6824 0.782187 0.691455 0.767581 0.707887 0.762226 0.721884 0.763441 0.732523 0.75873 0.736807
1 22 0.767697 0.780804 0.768997 0.779179 0.772844 0.774747 0.776951 0.770184 0.78261 0.768473 0.791189 0.766419 0.797121 0.759802 0.801492 0.754808 0.81189 0.766993 0.81384 0.775117 0.81514 0.780804 0.81384 0.788927 0.81319 0.796239 0.807341 0.804363 0.798242 0.808425 0.791094 0.808425 0.783295 0.805987
0 22 0.783011 0.771643 0.785193 0.771643 0.789012 0.77437 0.795012 0.77778 0.806468 0.788008 0.80865 0.792782 0.80865 0.795509 0.807014 0.796873 0.80265 0.794827 0.793376 0.784599 0.787375 0.779144 0.783011 0.77437
2 22 0.75691 0.743224 0.75792 0.737543 0.763475 0.732493 0.769534 0.730599 0.776604 0.731862 0.782664 0.735018 0.786703 0.738174 0.801492 0.754808 0.797213 0.759346 0.791645 0.766533 0.783249 0.768016 0.776769 0.770526 0.772936 0.774405 0.768997 0.779179 0.767459 0.781136 0.766273 0.778512 0.763475 0.774153 0.76196 0.768472 0.75691 0.754585
1 32 0.842119 0.543851 0.849799 0.522518 0.854634 0.499881 0.855772 0.489571 0.861572 0.490287 0.870021 0.494349 0.878469 0.50491 0.881719 0.517908 0.879769 0.528469 0.87652 0.536592 0.868721 0.548778 0.863521 0.55284 0.856373 0.55284 0.851823 0.551215 0.844964 0.546813
2 32 0.806338 0.488365 0.808118 0.483916 0.81227 0.481692 0.82176 0.484658 0.835403 0.486141 0.849045 0.488365 0.85198 0.489097 0.855583 0.489452 0.85454 0.500237 0.849799 0.522636 0.842404 0.543732 0.840231 0.540767 0.840159 0.540767 0.83171 0.531019 0.816762 0.510709 0.806932 0.500228 0.806338 0.493555
3 32 0.747131 0.45909 0.750404 0.450226 0.760224 0.457045 0.78259 0.469319 0.80332 0.481593 0.807854 0.484576 0.806338 0.488365 0.806338 0.493555 0.806661 0.497188 0.802229 0.494549
4 32 0.159335 0.397129 0.169606 0.394276 0.282167 0.403484 0.305249 0.405369 0.32607 0.39839 0.357846 0.389132 0.383649 0.387639 0.428565 0.392716 0.484471 0.407648 0.523826 0.424793 0.556588 0.435032 0.597541 0.441857 0.640542 0.439298 0.69858 0.435224 0.7144 0.435906 0.727246 0.43886 0.749859 0.450226 0.750244 0.450659 0.747639 0.457717 0.728149 0.449364 0.714917 0.445225 0.703108 0.443673 0.647394 0.44774 0.599517 0.453846 0.560434 0.44774 0.522328 0.436747 0.482268 0.419649 0.432088 0.402835 0.390299 0.399591 0.363713 0.400611 0.332072 0.409989 0.310869 0.417532 0.305976 0.41896 0.28487 0.415674 0.165041 0.408541 0.161617 0.405688
4 38 0.226182 0 0.234337 0 0.258344 0.0291255 0.291581 0.0888758 0.326874 0.155693 0.350727 0.22164 0.350727 0.221705 0.350615 0.221415 0.345832 0.225434 0.34543 0.225004 0.319126 0.162329 0.284007 0.093759 0.25287 0.038158
3 38 0.350615 0.221415 0.373919 0.281539 0.37287 0.281649 0.370384 0.284135 0.367898 0.287863 0.367805 0.288174 0.367401 0.287863 0.345826 0.225438
1 38 0.391899 0.334071 0.394961 0.327034 0.397628 0.319873 0.401776 0.313947 0.405035 0.31049 0.408591 0.306046 0.414517 0.320251 0.417309 0.334911 0.416192 0.344685 0.414517 0.35027 0.408374 0.355157 0.403906 0.35376 0.393874 0.345676 0.388837 0.338639
0 38 0.396237 0.325152 0.396735 0.322666 0.39922 0.320801 0.404192 0.321423 0.404689 0.322044 0.406181 0.32453 0.406813 0.327774 0.406181 0.331988 0.40385 0.334565 0.399718 0.334474 0.398226 0.333231 0.396237 0.329502
2 38 0.366407 0.292835 0.367898 0.287863 0.370384 0.284135 0.37287 0.281649 0.378836 0.281027 0.38878 0.283513 0.399718 0.290349 0.404063 0.29668 0.408594 0.305957 0.404375 0.311426 0.401875 0.31377 0.397578 0.319727 0.394766 0.327539 0.391953 0.333984 0.389141 0.338672 0.384766 0.33418 0.378836 0.326395 0.37287 0.316451 0.366904 0.298428
4 44 0.308395 0 0.320464 0 0.381614 0.025933 0.495063 0.080244 0.495522 0.080603 0.494277 0.08605 0.493679 0.086133 0.376599 0.0324496
3 44 0.494162 0.086554 0.495771 0.079514 0.539202 0.10689 0.538818 0.111698 0.538818 0.115514 0.537209 0.114212
1 44 0.568125 0.146484 0.564922 0.145508 0.566719 0.14043 0.568281 0.133594 0.571797 0.119434 0.574688 0.11123 0.576953 0.104004 0.580625 0.106836 0.584477 0.111245 0.586016 0.113965 0.586758 0.11809 0.587266 0.124609 0.586758 0.13121 0.58402 0.140908 0.579457 0.144901 0.572155 0.147183
2 44 0.538818 0.111698 0.53922 0.106669 0.542439 0.104155 0.552496 0.097115 0.561749 0.097617 0.571002 0.100132 0.572611 0.100635 0.574844 0.101855 0.576797 0.104199 0.574922 0.110547 0.571875 0.11875 0.568125 0.133984 0.566953 0.139844 0.564766 0.145703 0.553828 0.139355 0.547669 0.133322 0.541232 0.123767 0.538818 0.116727
0 44 0.573717 0.124045 0.574521 0.120525 0.57625 0.118652 0.579062 0.118066 0.580958 0.121028 0.580958 0.124045 0.580153 0.12656 0.578142 0.127063 0.574924 0.12656
4 50 0.955822 0.218783 0.952964 0.220212 0.947249 0.220926 0.94382 0.220212 0.943744 0.220118 0.944391 0.220212 0.94603 0.213385 0.948392 0.210924 0.950678 0.207352 0.950678 0.203065 0.948392 0.193778 0.942676 0.181632 0.933532 0.17163 0.9181 0.168058 0.908384 0.170916 0.902668 0.175917 0.897524 0.188062 0.896381 0.19092 0.894666 0.19092 0.893523 0.189491 0.893523 0.185205 0.89581 0.17806 0.897524 0.172345 0.900954 0.168058 0.907812 0.163771 0.916385 0.162343 0.923815 0.163057 0.934103 0.165915 0.94782 0.176631 0.956965 0.200922 0.958108 0.214496 0.955822 0.218783 0.959282 0.232082 0.945348 0.234911 0.933915 0.237591 0.923792 0.239079 0.911049 0.239079 0.90307 0.234315 0.900331 0.223895 0.899974 0.216154 0.895925 0.216154 0.895448 0.224341 0.897949 0.235953 0.905452 0.243843 0.913074 0.24682 0.924864 0.247267 0.940108 0.243396 0.959163 0.239228 0.973931 0.237888 0.982624 0.238186 0.998464 0.240717 0.999059 0.233869 0.983577 0.231338 0.971668 0.231636 0.959282 0.232082
3 50 0.895269 0.204723 0.946106 0.213067 0.944391 0.220212 0.919815 0.21664 0.895432 0.213024 0.89581 0.208781
2 50 0.870662 0.185205 0.884379 0.192349 0.894666 0.200208 0.89581 0.208781 0.895238 0.215211 0.89238 0.220926 0.882664 0.230928 0.875234 0.235929 0.865156 0.239258 0.864141 0.231543 0.861719 0.182324
1 50 0.830157 0.215156 0.831405 0.200335 0.835773 0.189414 0.846382 0.181613 0.856719 0.180762 0.861641 0.182324 0.861797 0.186426 0.864219 0.231836 0.865234 0.239258 0.854806 0.239471 0.837645 0.233098 0.832653 0.225297
