4 11 0.725572 0.692408 0.724768 0.681847 0.661844 0.684421 0.617412 0.687541 0.575976 0.709382 0.477637 0.758996 0.445188 0.764421 0.370164 0.778114 0.26873 0.792849 0.234674 0.798525 0.217646 0.801363 0.190401 0.809168 0.202888 0.812715 0.258513 0.804201 0.321518 0.792849 0.378278 0.786463 0.437128 0.776305 0.476604 0.77088 0.515072 0.750988 0.563886 0.726155 0.604186 0.705579 0.631431 0.697774 0.680813 0.693517
3 11 0.819099 0.684645 0.820988 0.697397 0.806839 0.694419 0.76178 0.692408 0.725572 0.692408 0.724768 0.681847 0.759366 0.681344 0.796781 0.681344
1 11 0.869004 0.716315 0.856432 0.718241 0.857422 0.708887 0.857344 0.693652 0.858281 0.673145 0.85764 0.659139 0.868497 0.657334 0.877706 0.660381 0.88529 0.668168 0.889894 0.67934 0.890436 0.688481 0.887456 0.701347 0.883503 0.707893 0.876893 0.714551
2 11 0.856354 0.718143 0.842448 0.71572 0.832246 0.710052 0.82091 0.697299 0.819021 0.684547 0.824689 0.6751 0.843582 0.661875 0.857562 0.659041 0.858359 0.673145 0.857266 0.693359 0.857266 0.707812 0.856953 0.714551
4 18 0.620383 0.663999 0.628818 0.664916 0.629088 0.699631 0.62285 0.749757 0.61483 0.792643 0.607717 0.909471 0.604722 0.958771 0.605221 0.984981 0.608716 1 0.604722 1 0.598731 1 0.598731 0.94317 0.600229 0.879517 0.606219 0.805256 0.61502 0.739465 0.619701 0.705007
3 18 0.616891 0.587394 0.62407 0.587394 0.627351 0.604408 0.629184 0.630078 0.628818 0.664916 0.620383 0.663999 0.62075 0.62962 0.620017 0.604867
1 18 0.602154 0.523631 0.614624 0.535911 0.624826 0.538745 0.634272 0.538273 0.641074 0.535439 0.641119 0.523056 0.636845 0.511479 0.626871 0.505246 0.620103 0.504355 0.610486 0.508808 0.605855 0.515041
2 18 0.601777 0.532605 0.60291 0.560472 0.604799 0.568974 0.61349 0.583616 0.616891 0.587394 0.62407 0.587394 0.62936 0.579365 0.635784 0.566612 0.639184 0.552442 0.641074 0.535439 0.634272 0.538273 0.624826 0.538745 0.614624 0.535911 0.602154 0.523631
4 26 0.356585 0.691719 0.368305 0.697752 0.371063 0.71154 0.383805 0.721793 0.395999 0.720502 0.400959 0.715593 0.403467 0.699475 0.402088 0.686548 0.39933 0.673621 0.393125 0.66328 0.404156 0.661556 0.408982 0.678792 0.411051 0.698613 0.409672 0.716711 0.404846 0.731362 0.393815 0.736533 0.382094 0.737394 0.371063 0.729638 0.361411 0.716711 0.358653 0.702922 0.356585 0.691719 0.356585 0.691719 0.357274 0.680516 0.373132 0.660694 0.393125 0.647767 0.407206 0.643312 0.408536 0.654954 0.384852 0.66845 0.3752 0.678792 0.368305 0.697752 0.356585 0.691719
1 26 0.431155 0.617255 0.436921 0.624462 0.441356 0.634441 0.449609 0.648242 0.456172 0.642383 0.459844 0.636621 0.46125 0.631738 0.460547 0.625977 0.459297 0.621191 0.456406 0.616309 0.449609 0.612207 0.442188 0.611426
2 26 0.446719 0.651172 0.432929 0.662392 0.425389 0.665164 0.418293 0.665718 0.413415 0.66461 0.408536 0.654631 0.407206 0.642989 0.41031 0.631901 0.422285 0.621922 0.431155 0.616932 0.436921 0.624139 0.441356 0.634118 0.449844 0.648535
4 34 0.222871 0.508204 0.223672 0.498188 0.183374 0.494808 0.131642 0.485109 0.07991 0.468296 0.042663 0.453423 0 0.430143 0 0.441783 0.032834 0.457949 0.069046 0.476055 0.115605 0.489635 0.16682 0.501922
3 34 0.296082 0.526288 0.298152 0.518526 0.269345 0.505199 0.223672 0.498188 0.222871 0.508204 0.248512 0.509706 0.274553 0.516717
1 34 0.32299 0.559406 0.326716 0.538707 0.33334 0.521113 0.343275 0.511281 0.353918 0.518068 0.359033 0.528114 0.360129 0.539987 0.356841 0.552774 0.350996 0.560993 0.34442 0.56419 0.337844 0.565103
2 34 0.320877 0.557514 0.306845 0.547504 0.298566 0.535602 0.296082 0.526288 0.298152 0.518526 0.310985 0.508176 0.324232 0.507659 0.343275 0.511281 0.33334 0.521113 0.326716 0.538707 0.32299 0.559406
4 42 0.243386 0.262387 0.248907 0.252467 0.216182 0.231497 0.186382 0.225289 0.152668 0.229206 0.111217 0.239441 0.104224 0.241787 0.049305 0.252605 0 0.266264 0 0.274955 0.0431564 0.265028 0.0992767 0.253727 0.137998 0.244985 0.174463 0.235843 0.191901 0.237522 0.2093 0.240721
3 42 0.296455 0.312702 0.302317 0.3048 0.310136 0.301925 0.297558 0.293873 0.248907 0.252467 0.243386 0.262387 0.257533 0.272307 0.278235 0.291285
1 42 0.317003 0.364656 0.316529 0.357843 0.318188 0.347376 0.329879 0.332663 0.33683 0.328911 0.342124 0.328622 0.346189 0.33596 0.347657 0.343132 0.347995 0.350524 0.346801 0.35919 0.344382 0.363846 0.340377 0.36722 0.333954 0.369361 0.325817 0.369361 0.320358 0.367571
2 42 0.316953 0.364648 0.311586 0.358469 0.298638 0.341018 0.291739 0.330095 0.292717 0.321399 0.296455 0.312702 0.302317 0.3048 0.310136 0.301925 0.319334 0.3048 0.336811 0.322621 0.342266 0.328711 0.336797 0.329199 0.330156 0.332617 0.318281 0.347559 0.316484 0.357715
0 34 0.347549 0.538181 0.346961 0.54173 0.346961 0.546136 0.348038 0.547727 0.350681 0.547237 0.35215 0.545769 0.353227 0.541241 0.352444 0.538426 0.350779 0.537202 0.349311 0.537202
0 42 0.336796 0.352895 0.333454 0.356846 0.333183 0.359556 0.333544 0.36091 0.334628 0.361701 0.337337 0.361701 0.339053 0.359894 0.340318 0.356733 0.340137 0.354701 0.338963 0.353233
0 18 0.621406 0.527539 0.619453 0.527539 0.61875 0.528125 0.615547 0.529199 0.616172 0.533105 0.620156 0.534375 0.623437 0.534766 0.626406 0.534375 0.627031 0.533887 0.627969 0.53252 0.627891 0.530566 0.626641 0.529004 0.623594 0.527832 0.621406 0.527539 0.623203 0.51875 0.626484 0.518945 0.627812 0.518359 0.628047 0.51709 0.627734 0.515332 0.626875 0.513867 0.625547 0.513184 0.624766 0.513184 0.623047 0.513574 0.621563 0.515625 0.621797 0.517578 0.623203 0.51875
0 11 0.86346 0.691048 0.862522 0.697658 0.863034 0.701816 0.864569 0.702562 0.866701 0.701496 0.867384 0.695952 0.867384 0.69286 0.86619 0.690515 0.865507 0.690195
