4 4 0.448366 0.353396 0.45147 0.363262 0.470719 0.352734 0.500785 0.338432 0.524731 0.328122 0.549209 0.312823 0.565971 0.304841 0.647964 0.266183 0.691768 0.249411 0.733204 0.234613 0.780852 0.218334 0.873751 0.201289 0.947834 0.1821 0.945338 0.169623 0.924006 0.175972 0.87474 0.1874 0.839696 0.194383 0.807698 0.200097 0.791446 0.203906 0.763004 0.20962 0.722372 0.224222 0.68428 0.23565 0.634506 0.25533 0.618762 0.265488 0.591335 0.278186 0.565433 0.290248 0.548672 0.297867 0.527849 0.310564 0.516167 0.318182 0.503978 0.324531 0.487725 0.331515 0.475536 0.337228 0.460299 0.345482 0.452173 0.349926
3 4 0.387892 0.390045 0.387182 0.382944 0.385407 0.378062 0.415629 0.367743 0.429087 0.362966 0.441273 0.356721 0.448366 0.353396 0.45147 0.363262 0.441588 0.366746 0.428666 0.37308 0.411944 0.379731 0.400035 0.383531 0.390914 0.387015
2 4 0.346665 0.408293 0.356739 0.409459 0.364454 0.409098 0.375021 0.406353 0.385052 0.397589 0.387892 0.390045 0.387182 0.382944 0.385407 0.378062 0.383632 0.372293 0.373336 0.362973 0.36588 0.363417 0.359134 0.364748 0.353098 0.368298 0.348128 0.371405 0.339252 0.380281 0.334991 0.38605 0.332151 0.393595 0.332085 0.397755 0.334726 0.401636 0.33821 0.40466 0.342007 0.406435
1 11 0.540306 0.560459 0.541523 0.564642 0.544261 0.568064 0.552474 0.580991 0.553995 0.588596 0.554299 0.59468 0.55582 0.601143 0.560687 0.610269 0.550822 0.614555 0.547678 0.615462 0.541149 0.616067 0.531717 0.613346 0.527123 0.610323 0.521319 0.603673 0.519626 0.593093 0.521561 0.585536 0.525914 0.574351 0.529541 0.56891 0.536554 0.56226
2 11 0.54274 0.560459 0.548519 0.557797 0.557645 0.557037 0.56312 0.556277 0.567075 0.558178 0.573462 0.56122 0.581866 0.566184 0.585394 0.570366 0.585934 0.575668 0.584109 0.581752 0.580459 0.593159 0.574375 0.601524 0.569812 0.603805 0.560687 0.610269 0.55582 0.601143 0.554299 0.59468 0.553995 0.588596 0.552474 0.580991 0.544261 0.568064 0.541523 0.564642 0.540306 0.560459
3 11 0.581866 0.566184 0.585394 0.570366 0.585934 0.575668 0.590405 0.574269 0.607917 0.565865 0.62277 0.557265 0.637468 0.548861 0.649977 0.540848 0.645717 0.533108 0.635513 0.538535 0.626644 0.543563 0.615674 0.550215 0.602824 0.557634 0.593829 0.562417 0.584928 0.564859
4 11 0.60453 0.237747 0.609578 0.239429 0.614111 0.238798 0.619978 0.246133 0.647182 0.280804 0.694324 0.352162 0.710153 0.382523 0.719704 0.404015 0.723252 0.420048 0.724071 0.434376 0.724344 0.448362 0.720312 0.465571 0.717463 0.474592 0.712335 0.482901 0.707018 0.490498 0.698471 0.500231 0.686506 0.512576 0.67815 0.52041 0.668464 0.528244 0.658778 0.535604 0.649977 0.540848 0.645717 0.533108 0.652516 0.52884 0.661051 0.522839 0.668519 0.515505 0.677587 0.507504 0.686655 0.498169 0.700823 0.4835 0.709737 0.469118 0.713775 0.456549 0.716367 0.441593 0.716063 0.425497 0.712258 0.409974 0.705857 0.394821 0.698923 0.376818 0.687721 0.358816 0.67812 0.34348 0.665318 0.322144 0.647182 0.297473 0.633314 0.278137 0.620512 0.260135 0.60453 0.237747 0.583752 0.2035 0.528692 0.129125 0.517243 0.113872 0.505794 0.098619 0.490127 0.074402 0.480252 0.0537109 0.488064 0.0477431 0.512121 0.089957 0.522666 0.105021 0.534718 0.121216 0.545866 0.136657 0.556411 0.150215 0.566956 0.164903 0.577501 0.178838 0.584492 0.187576 0.583748 0.189723 0.583068 0.201619 0.583752 0.2035
4 17 0.60678 0.072137 0.596786 0.071234 0.597089 0.057744 0.598294 0.03477 0.599729 0.016028 0.600102 0 0.610416 0 0.608839 0.023848 0.607031 0.045315 0.606429 0.061886
3 17 0.597682 0.161684 0.601421 0.15956 0.607199 0.159135 0.605837 0.14289 0.604808 0.117466 0.604808 0.09526 0.60678 0.072137 0.596786 0.071234 0.59606 0.077135 0.594607 0.101645 0.594607 0.1139 0.594607 0.128879 0.59497 0.140226 0.595697 0.153389
1 17 0.627656 0.205176 0.623281 0.20625 0.597003 0.206292 0.589186 0.206717 0.584767 0.206292 0.588846 0.217338 0.593944 0.22541 0.598362 0.231358 0.60448 0.23773 0.609578 0.239429 0.614111 0.238798 0.620794 0.23688 0.627931 0.228384 0.63031 0.218188 0.63133 0.21139 0.631094 0.205078
2 17 0.583068 0.201619 0.583748 0.189723 0.588166 0.176978 0.591565 0.169331 0.594624 0.165508 0.597682 0.161684 0.601421 0.15956 0.607199 0.159135 0.614676 0.162109 0.619774 0.167207 0.623513 0.174429 0.627591 0.18675 0.631172 0.204883 0.627734 0.205078 0.623359 0.20625 0.597003 0.206292 0.589186 0.206717 0.584767 0.206292
2 23 0.730859 0.399219 0.736797 0.390039 0.742812 0.381934 0.747031 0.376367 0.751875 0.37207 0.758359 0.366504 0.760703 0.369238 0.765752 0.374076 0.7714 0.380827 0.776672 0.390705 0.777708 0.398039 0.777363 0.402785 0.775292 0.410551 0.772876 0.41659 0.769425 0.420042 0.766318 0.423062 0.762867 0.423493 0.75631 0.423493 0.751823 0.42263 0.745956 0.417885 0.741814 0.41357 0.733828 0.403418
1 23 0.730625 0.399121 0.733281 0.395801 0.736797 0.389941 0.742812 0.381641 0.747031 0.376465 0.752734 0.371191 0.758203 0.366406 0.755004 0.364454 0.750198 0.362452 0.742989 0.362452 0.736313 0.366791 0.730706 0.372131 0.728303 0.378806 0.728036 0.383813 0.727769 0.389153 0.72857 0.396496
3 23 0.766318 0.423062 0.769425 0.420042 0.772876 0.41659 0.780938 0.42826 0.78904 0.445274 0.797466 0.463907 0.803947 0.47849 0.795521 0.483756 0.791308 0.47606 0.785799 0.463502 0.783531 0.457021 0.78191 0.451755 0.777049 0.441628 0.773809 0.436362 0.770244 0.431096
4 23 0.795521 0.483756 0.803947 0.47849 0.80817 0.490061 0.814421 0.508293 0.820411 0.528479 0.828746 0.549968 0.837962 0.576168 0.845903 0.597548 0.856287 0.63038 0.865755 0.655196 0.878277 0.685356 0.88972 0.712865 0.901163 0.736858 0.914083 0.762236 0.927371 0.784384 0.939553 0.808377 0.949519 0.826834 0.959855 0.844368 0.96938 0.860994 0.99172 0.889477 1 0.900647 1 0.917402 0.969826 0.8811 0.951508 0.855968 0.939444 0.83642 0.926934 0.812963 0.916211 0.792857 0.901466 0.763257 0.891637 0.742592 0.879573 0.71746 0.867957 0.692328 0.853212 0.651557 0.842453 0.623474 0.829304 0.582381 0.821533 0.560714 0.810774 0.53307 0.798667 0.495349
2 29 0.243611 0.67589 0.252173 0.683025 0.260734 0.689268 0.268582 0.690605 0.272863 0.690605 0.277144 0.689714 0.282495 0.6857 0.286419 0.67812 0.287132 0.667418 0.287489 0.661621 0.284635 0.651365 0.280711 0.642001 0.276787 0.636204 0.275256 0.633382 0.26893 0.642475 0.264028 0.649197 0.25681 0.657608 0.249676 0.662513 0.245038 0.666972 0.240757 0.673215
1 29 0.240757 0.673215 0.245038 0.666972 0.249676 0.662513 0.25681 0.657608 0.263949 0.648999 0.268693 0.642673 0.2732 0.636347 0.275177 0.633382 0.272413 0.629853 0.263436 0.624395 0.253004 0.620149 0.245968 0.620756 0.23869 0.623788 0.232867 0.628944 0.229713 0.635312 0.229228 0.642894 0.230441 0.651082 0.231412 0.657147 0.233838 0.663212 0.236264 0.668064 0.237719 0.67049
3 29 0.272863 0.690605 0.277144 0.689714 0.282495 0.6857 0.286861 0.694693 0.292662 0.706584 0.298694 0.719344 0.303102 0.730074 0.309598 0.742255 0.316558 0.757335 0.319806 0.764005 0.310294 0.769516 0.307046 0.762555 0.303566 0.754435 0.30055 0.746605 0.29591 0.736745 0.292894 0.728624 0.290341 0.721084 0.285701 0.712964 0.281293 0.703394 0.279437 0.699913 0.277117 0.696433 0.275261 0.694113
4 29 0.319806 0.764005 0.310294 0.769516 0.316921 0.781002 0.323945 0.803145 0.326389 0.816889 0.331886 0.839414 0.336162 0.852776 0.337657 0.868136 0.336892 0.881043 0.336892 0.894428 0.335744 0.907335 0.332685 0.920719 0.326949 0.936494 0.319683 0.957528 0.313564 0.973781 0.307063 0.989078 0.301326 1 0.312416 1 0.32236 0.976171 0.328861 0.959918 0.337274 0.941275 0.340334 0.931236 0.345688 0.914505 0.346452 0.907813 0.346452 0.903032 0.34454 0.89634 0.343011 0.888691 0.343011 0.881043 0.344923 0.872916 0.347217 0.866702 0.3476 0.858097 0.343393 0.839454 0.338421 0.821767 0.333832 0.803602 0.329243 0.790217 0.325419 0.77731
0 17 0.608274 0.216797 0.603586 0.214258 0.601946 0.215332 0.602024 0.220117 0.604914 0.225195 0.609914 0.228418 0.612102 0.228223 0.612727 0.226172 0.612883 0.224219 0.611555 0.220703 0.609836 0.217773
0 11 0.539922 0.602832 0.538125 0.602246 0.536328 0.601367 0.534688 0.60127 0.533125 0.602441 0.533125 0.604785 0.534062 0.605957 0.535547 0.606641 0.537969 0.606836 0.539688 0.606543 0.540547 0.605762 0.540938 0.604687 0.541016 0.603711 0.539922 0.602832 0.546016 0.579297 0.548203 0.580078 0.549844 0.580078 0.550938 0.579687 0.55125 0.578711 0.550625 0.577441 0.549922 0.576074 0.548281 0.575 0.5475 0.574707 0.546406 0.575 0.545312 0.575 0.544375 0.575879 0.545156 0.578516 0.546016 0.579297
