4 13 0.81682 0.753234 0.846691 0.727897 0.870638 0.706254 0.910022 0.674614 0.944443 0.651733 1 0.613881 1 0.602546 0.935884 0.643184 0.869628 0.692559 0.83869 0.719896 0.813086 0.745233
3 13 0.767465 0.804502 0.784282 0.787239 0.807752 0.762569 0.81682 0.753234 0.813086 0.745233 0.789616 0.764569 0.758883 0.794775 0.76201 0.797351 0.765138 0.799926
1 13 0.725922 0.820333 0.724427 0.818694 0.721034 0.827177 0.717641 0.834447 0.717157 0.844141 0.719095 0.855047 0.724427 0.862924 0.731698 0.867771 0.741877 0.868377 0.749147 0.865953 0.757387 0.857471 0.760724 0.848116 0.750056 0.839448 0.739135 0.829463 0.728384 0.823
2 13 0.725922 0.820333 0.724445 0.818384 0.728186 0.813444 0.735121 0.805443 0.739655 0.80017 0.744189 0.796108 0.752433 0.793563 0.758883 0.794775 0.76201 0.797351 0.765138 0.799926 0.767465 0.804502 0.769792 0.809078 0.771246 0.818657 0.769792 0.827446 0.76412 0.840782 0.760724 0.848116 0.750056 0.839448 0.741843 0.83213 0.738806 0.829052 0.728548 0.822487
2 14 0.703475 0.783739 0.707564 0.769071 0.715273 0.757211 0.720578 0.743869 0.715241 0.737978 0.707564 0.734232 0.698669 0.734232 0.695095 0.736709 0.691522 0.739186 0.688494 0.74301 0.686762 0.747047 0.68503 0.751085 0.684967 0.755572 0.684904 0.760058 0.68893 0.769812 0.693925 0.777224 0.703475 0.783739 0.703366 0.783876 0.711721 0.788088 0.721172 0.790625 0.725859 0.790039 0.730254 0.788088 0.733266 0.782823 0.735309 0.777557 0.737121 0.771494 0.736994 0.764219 0.731876 0.754469 0.7252 0.746668 0.720469 0.744006 0.715164 0.757348 0.707455 0.769208 0.703366 0.783876
4 14 0.697325 0.821902 0.70807 0.867334 0.714844 0.927734 0.715973 0.95737 0.712337 1 0.722634 0.999482 0.72365 0.980514 0.724553 0.944104 0.720263 0.901203 0.711982 0.853028 0.70541 0.8203
3 14 0.68503 0.751085 0.684967 0.755572 0.684904 0.760058 0.68893 0.769812 0.692694 0.782227 0.700339 0.804141 0.70541 0.8203 0.697325 0.821902 0.689569 0.798791 0.686296 0.788056 0.684414 0.779639 0.680622 0.767855 0.677613 0.753026 0.677317 0.74822 0.679091 0.742676 0.68264 0.740088 0.686221 0.740382 0.688494 0.74301 0.686762 0.747047
2 25 0.504546 0.405564 0.501914 0.417624 0.502112 0.425049 0.505396 0.436646 0.509792 0.444676 0.516018 0.451921 0.520101 0.453641 0.524183 0.453312 0.530894 0.447031 0.533676 0.44388 0.537084 0.438381 0.539114 0.433215 0.54351 0.421576 0.54807 0.406454 0.536745 0.414057 0.530464 0.415576 0.521671 0.414057 0.51606 0.411189 0.509109 0.406992
4 25 0.505875 0.53583 0.493953 0.607278 0.488589 0.664636 0.48469 0.716069 0.48369 0.863315 0.491326 1 0.482163 1 0.474527 0.852816 0.475291 0.72587 0.478517 0.667647 0.48369 0.609424 0.496449 0.531732
3 25 0.524183 0.453312 0.516532 0.487159 0.505875 0.53583 0.496449 0.531732 0.516018 0.451921 0.520101 0.453641
0 25 0.531882 0.406197 0.529661 0.406197 0.526996 0.407861 0.526995 0.411749 0.527885 0.414527 0.531882 0.415635 0.534844 0.413968 0.535435 0.411562 0.53514 0.408416
1 25 0.50473 0.405564 0.508889 0.395351 0.513881 0.385783 0.521535 0.379544 0.529521 0.377048 0.535844 0.377464 0.541502 0.380376 0.546493 0.384535 0.548823 0.389943 0.550077 0.395285 0.54807 0.406454 0.536745 0.414057 0.530464 0.415576 0.521671 0.414057 0.51606 0.411189 0.509109 0.406992
2 26 0.200362 0.546674 0.209155 0.554525 0.215565 0.560021 0.22081 0.562008 0.225265 0.562021 0.231765 0.560021 0.238674 0.551385 0.242537 0.540587 0.241987 0.531855 0.239302 0.523122 0.235155 0.514798 0.230131 0.506441 0.222972 0.516056 0.216064 0.526262 0.207899 0.534898
4 26 0.270193 0.637957 0.297131 0.687657 0.319862 0.721298 0.346136 0.745939 0.365788 0.763222 0.386431 0.773804 0.42122 0.780073 0.4435 0.781744 0.472164 0.7785 0.505988 0.765525 0.540393 0.74319 0.580558 0.720934 0.640091 0.687236 0.688152 0.666312 0.729999 0.653147 0.78203 0.64181 0.786283 0.632099 0.74607 0.637236 0.694371 0.654132 0.65272 0.669134 0.602704 0.69218 0.569326 0.710538 0.53393 0.733211 0.507318 0.749606 0.483211 0.760605 0.471056 0.76679 0.438484 0.768949 0.415119 0.764777 0.389305 0.7582 0.37232 0.751623 0.354867 0.73647 0.330853 0.71746 0.31675 0.698207 0.277296 0.631544
3 26 0.231765 0.560021 0.248488 0.592574 0.270193 0.637957 0.277296 0.631544 0.255197 0.587642 0.238674 0.551385
1 26 0.200362 0.546674 0.19324 0.535353 0.189688 0.524008 0.187715 0.512169 0.189294 0.501316 0.195213 0.492931 0.205079 0.488491 0.213761 0.489971 0.223232 0.49737 0.230131 0.506441 0.222972 0.516056 0.216064 0.526262 0.207899 0.534898
2 36 0.381117 0.381947 0.388276 0.373686 0.396565 0.367388 0.405349 0.36336 0.412509 0.364736 0.420716 0.372105 0.425176 0.378505 0.429582 0.390897 0.430684 0.401223 0.428481 0.410861 0.423524 0.419811 0.418567 0.425905 0.409205 0.416369 0.400393 0.401912 0.389929 0.390897 0.382769 0.386078
4 36 0.48801 0.325272 0.511651 0.304948 0.5376 0.29136 0.576873 0.28042 0.599316 0.271635 0.635288 0.264055 0.679266 0.269052 0.697657 0.270052 0.725131 0.264507 0.74096 0.258581 0.768023 0.254059 0.79281 0.249062 0.834453 0.241632 0.869849 0.230487 0.900757 0.223075 0.914556 0.217998 0.92524 0.211948 0.932089 0.200349 0.932652 0.194694 0.931658 0.187092 0.925545 0.181529 0.919241 0.180375 0.912937 0.182989 0.904622 0.188604 0.899343 0.19546 0.896841 0.201713 0.899363 0.206711 0.903956 0.206083 0.911952 0.197088 0.917549 0.191091 0.920747 0.190091 0.923146 0.191091 0.923146 0.199087 0.917549 0.206083 0.898883 0.213472 0.85438 0.225074 0.83399 0.230531 0.792817 0.238687 0.740794 0.247523 0.708052 0.258058 0.687262 0.259057 0.654259 0.253334 0.63129 0.25206 0.6113 0.256059 0.59131 0.262056 0.572919 0.269052 0.554528 0.27405 0.50975 0.29304 0.48162 0.311476
3 36 0.425176 0.378505 0.439216 0.365933 0.463613 0.343424 0.48801 0.325272 0.48162 0.311476 0.451995 0.335437 0.42818 0.355042 0.417148 0.368592 0.420586 0.372228
1 36 0.381117 0.381947 0.376448 0.388209 0.373307 0.398026 0.372783 0.408498 0.376448 0.422242 0.381684 0.43075 0.391109 0.435986 0.403151 0.435986 0.413623 0.431405 0.418567 0.425905 0.409205 0.416369 0.400393 0.401912 0.389929 0.390897 0.382769 0.386078
2 37 0.538002 0.350851 0.542408 0.360489 0.551771 0.372881 0.561684 0.379077 0.569394 0.379765 0.578757 0.375635 0.583714 0.365997 0.587018 0.354982 0.58812 0.338459 0.584815 0.324002 0.577656 0.328821 0.568293 0.33364 0.55838 0.337771 0.545712 0.343278
4 37 0.616137 0.44964 0.636241 0.463269 0.660934 0.473141 0.692736 0.476214 0.727913 0.465992 0.750035 0.449329 0.766012 0.423982 0.773273 0.396235 0.774991 0.378616 0.774615 0.360996 0.767856 0.332576 0.749421 0.29417 0.739043 0.283904 0.726751 0.274027 0.717679 0.267442 0.708899 0.269271 0.703924 0.271832 0.717386 0.278417 0.730556 0.289391 0.741912 0.300439 0.753384 0.325975 0.760698 0.342475 0.763987 0.360978 0.764668 0.372894 0.764645 0.38647 0.763001 0.399627 0.753462 0.423413 0.744826 0.437492 0.728793 0.449937 0.71369 0.459376 0.688131 0.46228 0.661411 0.460828 0.638176 0.452115 0.61788 0.440927
3 37 0.569394 0.379765 0.578961 0.404622 0.585485 0.419954 0.593037 0.432256 0.60452 0.443105 0.616137 0.44964 0.61788 0.440927 0.605101 0.433792 0.594611 0.419702 0.588255 0.400992 0.578757 0.375635
1 37 0.538002 0.350851 0.536901 0.337083 0.541306 0.32056 0.548212 0.308579 0.556177 0.301973 0.564438 0.300596 0.573324 0.303164 0.580409 0.310922 0.584815 0.324002 0.577656 0.328821 0.568293 0.33364 0.55838 0.337771 0.545712 0.343278
