4 7 0.741366 0.653571 0.745521 0.665955 0.754611 0.644213 0.764512 0.607083 0.77916 0.54141 0.782667 0.499517 0.788825 0.436428 0.790904 0.381339 0.790218 0.342714 0.787429 0.319385 0.7803 0.270373 0.765151 0.228602 0.753356 0.192562 0.731532 0.143963 0.701614 0.093083 0.667895 0.0414924 0.640016 0 0.642395 0.014073 0.66797 0.05645 0.693544 0.09957 0.726397 0.153132 0.746571 0.199668 0.764176 0.251247 0.776881 0.295202 0.783458 0.34124 0.7828 0.39221 0.776881 0.487574 0.768989 0.555809 0.755177 0.61089
3 7 0.694936 0.656971 0.701373 0.650434 0.711964 0.668751 0.725067 0.682334 0.729222 0.684331 0.733696 0.673944 0.741366 0.653571 0.745521 0.665955 0.742005 0.68473 0.736892 0.696715 0.730181 0.699511 0.724428 0.697913 0.706851 0.679138
1 7 0.660337 0.596625 0.675625 0.593607 0.684476 0.588578 0.696545 0.582544 0.705798 0.578521 0.702436 0.562387 0.693174 0.54992 0.686763 0.545912 0.677501 0.545467 0.667884 0.55081 0.661116 0.55838 0.658266 0.571737 0.65791 0.583314
2 7 0.663538 0.602603 0.67482 0.627804 0.682464 0.645908 0.690108 0.655463 0.694936 0.656971 0.701373 0.650434 0.707005 0.623781 0.705798 0.598133 0.705798 0.578521 0.696545 0.582544 0.684476 0.588578 0.675625 0.593607 0.660337 0.596625
4 14 0.510191 0.138862 0.520177 0.138862 0.533764 0.077227 0.546573 0.044245 0.569257 0 0.555394 0 0.540691 0.031642 0.527669 0.063674 0.515906 0.102532
3 14 0.493559 0.217096 0.499512 0.217096 0.504472 0.22123 0.507936 0.195638 0.517922 0.149331 0.520177 0.138862 0.510191 0.138862 0.503104 0.174297 0.497305 0.204899
1 14 0.476251 0.263948 0.483857 0.261467 0.495431 0.265188 0.501384 0.273869 0.506344 0.284203 0.508328 0.284616 0.50816 0.298361 0.50345 0.312491 0.496856 0.317986 0.487436 0.318378 0.478644 0.316808 0.47519 0.312491 0.472992 0.304248 0.472992 0.286193
2 14 0.477333 0.256534 0.483969 0.233218 0.489921 0.219577 0.493559 0.217096 0.499512 0.217096 0.504472 0.22123 0.506787 0.228258 0.509433 0.250166 0.50844 0.284476 0.506456 0.284063 0.501496 0.273729 0.495543 0.265048 0.483969 0.261327 0.476363 0.263808
4 21 0.45865 0.830663 0.465965 0.835742 0.431459 0.881193 0.400947 0.927248 0.378495 0.966827 0.3618 1 0.348559 1 0.36583 0.967547 0.398068 0.914295 0.429351 0.868383
3 21 0.505973 0.769911 0.507599 0.779562 0.514507 0.783625 0.502537 0.791043 0.465965 0.835742 0.45865 0.830663 0.469216 0.815424 0.48547 0.79409
1 21 0.522228 0.721656 0.526698 0.729783 0.536106 0.739813 0.545993 0.748658 0.555589 0.757987 0.557978 0.753628 0.563318 0.735987 0.562937 0.72073 0.560096 0.71421 0.555308 0.70881 0.545823 0.705524 0.540002 0.706463 0.533898 0.709045
2 21 0.543667 0.76979 0.53107 0.779441 0.521724 0.783504 0.51441 0.783504 0.507502 0.779441 0.505876 0.76979 0.507502 0.757091 0.518473 0.727122 0.522051 0.721638 0.526601 0.729662 0.536106 0.739813 0.54609 0.748658 0.555492 0.758229 0.549967 0.763318
4 28 0.400202 0.629915 0.408186 0.636796 0.412804 0.604802 0.411065 0.575455 0.40063 0.543934 0.377587 0.523825 0.358022 0.508608 0.330631 0.500456 0.308458 0.505347 0.292212 0.519644 0.299603 0.520731 0.311066 0.516217 0.334109 0.512412 0.3515 0.51676 0.372804 0.52926 0.389326 0.547738 0.400195 0.571651 0.402804 0.595563 0.402804 0.613498 0.400202 0.629915 0.400202 0.629915 0.408186 0.636796 0.398157 0.651114 0.38984 0.662297 0.366525 0.671086 0.346912 0.673399 0.328408 0.673399 0.316936 0.668773 0.308017 0.658889 0.314094 0.660058 0.321573 0.658889 0.328038 0.661372 0.348762 0.662759 0.378738 0.656746 0.385029 0.65212 0.400202 0.629915
1 28 0.275294 0.571238 0.279969 0.569485 0.285984 0.571685 0.29072 0.572407 0.292835 0.569683 0.293369 0.565456 0.292301 0.556113 0.289276 0.545881 0.290967 0.544546 0.29506 0.550886 0.301555 0.557337 0.307161 0.555891 0.312233 0.551553 0.306125 0.532687 0.299603 0.520731 0.292212 0.519644 0.280473 0.525622 0.270039 0.541383 0.268734 0.554426
2 28 0.275294 0.571238 0.282773 0.579419 0.292123 0.59578 0.29633 0.614479 0.304277 0.65363 0.308017 0.658889 0.314094 0.660058 0.321573 0.658889 0.319263 0.632192 0.31161 0.58937 0.312224 0.581172 0.312233 0.551664 0.307161 0.55578 0.301555 0.557226 0.296128 0.552665 0.290611 0.544323 0.288742 0.545658 0.292034 0.555446 0.293547 0.565568 0.292924 0.569349 0.29072 0.572407 0.285984 0.571463 0.279969 0.569485
0 7 0.680086 0.573953 0.679138 0.57739 0.680749 0.579286 0.682361 0.580235 0.686154 0.579761 0.687197 0.57822 0.687671 0.574783 0.6853 0.572057 0.683309 0.571701 0.680844 0.573124
0 14 0.490895 0.300416 0.487371 0.303039 0.486448 0.304927 0.486532 0.307549 0.489804 0.309227 0.49358 0.309122 0.496937 0.307234 0.497776 0.304612 0.49828 0.302304 0.496937 0.299997 0.493832 0.299682 0.490895 0.300416 0.489301 0.298738 0.489972 0.29685 0.48972 0.293493 0.489385 0.289822 0.488378 0.288249 0.487203 0.287934 0.48628 0.2915 0.487119 0.297479 0.488126 0.298738 0.489301 0.298738
0 28 0.28697 0.54987 0.290972 0.560605 0.291639 0.565399 0.290305 0.569568 0.284302 0.568735 0.281634 0.565608 0.279049 0.56196 0.278715 0.556228 0.277965 0.550183 0.278632 0.544868 0.279716 0.539865 0.28155 0.539135 0.284719 0.5432 0.28697 0.54987 0.292973 0.543617 0.296975 0.551746 0.299727 0.554456 0.301978 0.552893 0.302728 0.550704 0.302561 0.546535 0.301644 0.542575 0.30031 0.538406 0.298643 0.533924 0.295891 0.530589 0.293973 0.530277 0.292473 0.531215 0.291806 0.532361 0.291222 0.536217 0.292973 0.543617
