2 4 0.024463 0.977646 0.031574 0.98209 0.044271 0.9859 0.054429 0.98463 0.060524 0.98209 0.064841 0.978599 0.067126 0.971298 0.068142 0.963044 0.066618 0.950982 0.063571 0.944633 0.057984 0.940824 0.052397 0.938919 0.046811 0.940189 0.038176 0.946538 0.029034 0.953521 0.023447 0.95987 0.021924 0.965584 0.021416 0.970663
4 4 0.10725 0.93765 0.131121 0.919873 0.182926 0.872893 0.236255 0.819564 0.2906 0.775759 0.337358 0.746035 0.36482 0.733902 0.396307 0.72236 0.416667 0.719993 0.433712 0.733606 0.445076 0.748994 0.463921 0.780062 0.489611 0.82308 0.519663 0.858827 0.553107 0.893968 0.562027 0.900509 0.569103 0.893968 0.545352 0.871551 0.502841 0.825047 0.49155 0.804903 0.477493 0.783697 0.468284 0.764309 0.461498 0.751586 0.453125 0.739228 0.441625 0.723715 0.425145 0.70978 0.413996 0.706144 0.389276 0.708568 0.357718 0.721177 0.335553 0.735159 0.288116 0.76527 0.214297 0.826715 0.166311 0.873974 0.121718 0.914568 0.101155 0.930666
3 4 0.068142 0.963044 0.078808 0.9586 0.0976 0.945903 0.10725 0.93765 0.101155 0.930666 0.088458 0.938919 0.078554 0.94749 0.066618 0.950982
2 10 0.550391 0.744922 0.541623 0.750352 0.535405 0.755904 0.53274 0.759791 0.530964 0.77145 0.531186 0.778667 0.532001 0.784402 0.536738 0.793657 0.5434 0.80032 0.549396 0.803096 0.560547 0.80332 0.561094 0.794727 0.561719 0.773633 0.557344 0.752734
4 10 0.47455 0.844724 0.467462 0.85711 0.455636 0.883692 0.452819 0.904731 0.450504 0.926198 0.451132 0.945825 0.456157 0.989005 0.461181 1 0.447992 1 0.444852 0.980369 0.439827 0.94661 0.440534 0.912067 0.444852 0.880663 0.458275 0.849617 0.469248 0.83522
3 10 0.536738 0.793657 0.522024 0.79964 0.502455 0.813724 0.480515 0.839667 0.47455 0.844724 0.469248 0.83522 0.48941 0.814465 0.51135 0.794451 0.532001 0.784402
1 10 0.560781 0.80332 0.564719 0.803651 0.578488 0.80032 0.589592 0.791992 0.594034 0.783664 0.59585 0.774951 0.596386 0.768253 0.595366 0.759791 0.593145 0.751463 0.590171 0.746686 0.586956 0.743069 0.581375 0.740636 0.575823 0.738693 0.563387 0.740914 0.550312 0.744629 0.5575 0.752637 0.561875 0.773535 0.561094 0.794141
2 15 0.797163 0.885499 0.792109 0.891116 0.790557 0.901895 0.793232 0.911475 0.801095 0.925515 0.806711 0.932692 0.815791 0.940415 0.822998 0.938854 0.829031 0.934668 0.832589 0.927626 0.833559 0.918917 0.832589 0.910207 0.828438 0.897606 0.82073 0.886487 0.813614 0.881299 0.805905 0.879816
0 15 0.827613 0.910259 0.823879 0.910259 0.821212 0.912926 0.818012 0.916926 0.816412 0.923594 0.816412 0.926928 0.818545 0.930262 0.821746 0.932262 0.82548 0.932262 0.829213 0.928928 0.83028 0.924928 0.831347 0.92026 0.831881 0.914926 0.829747 0.910926
4 15 0.767635 0.83768 0.732499 0.773141 0.70204 0.709635 0.642233 0.595001 0.652561 0.59082 0.715016 0.706094 0.740665 0.763748 0.777056 0.829044
3 15 0.792109 0.891116 0.786279 0.869262 0.767635 0.83768 0.777056 0.829044 0.785221 0.840035 0.805905 0.879816 0.799038 0.883215
2 35 0.522259 0.147692 0.519976 0.15412 0.518834 0.160058 0.519485 0.172899 0.520737 0.179558 0.524087 0.187657 0.526803 0.19281 0.531994 0.189674 0.537012 0.184807 0.548 0.17475 0.557863 0.162745 0.56259 0.154351 0.556122 0.148168 0.548132 0.142936 0.539761 0.141034 0.530973 0.14217 0.526616 0.143643
4 35 0.474673 0.103582 0.452135 0.081166 0.416252 0.042297 0.382912 0.000311007 0.397504 0 0.427946 0.041364 0.479999 0.093818
3 35 0.518834 0.160058 0.502367 0.135979 0.474673 0.103582 0.479999 0.093818 0.522259 0.147692 0.520137 0.153471
1 35 0.52689 0.192918 0.532026 0.198782 0.541302 0.206512 0.550921 0.210806 0.560197 0.209088 0.567412 0.203076 0.572185 0.193291 0.573559 0.179641 0.57016 0.163997 0.56259 0.154351 0.557863 0.163394 0.54774 0.174858 0.537185 0.184483 0.532081 0.18989
2 36 0.373587 0.537629 0.375967 0.525068 0.377851 0.515647 0.382247 0.508108 0.388939 0.503108 0.394948 0.500241 0.40208 0.500182 0.410511 0.503621 0.4175 0.508203 0.42375 0.515527 0.419304 0.520357 0.413023 0.526638 0.404858 0.532919 0.391668 0.536844 0.381619 0.538414
4 36 0.333064 0.445644 0.303428 0.377359 0.246114 0.238322 0.221017 0.175579 0.158274 0.0445272 0.160703 0.0328894 0.229113 0.167989 0.308988 0.364213 0.340682 0.442469
3 36 0.382247 0.508108 0.378225 0.501953 0.37268 0.495798 0.364045 0.491037 0.353887 0.482466 0.339159 0.458341 0.333064 0.445644 0.340682 0.442469 0.348301 0.457071 0.357443 0.472943 0.362522 0.479292 0.377251 0.48818 0.383602 0.495009 0.388939 0.503108
1 36 0.373587 0.537629 0.376344 0.550649 0.380275 0.561882 0.388699 0.573816 0.401055 0.579432 0.413411 0.580134 0.426482 0.573749 0.4305 0.568931 0.43363 0.562576 0.434676 0.551317 0.432329 0.53731 0.427682 0.522885 0.423828 0.51582 0.419304 0.520357 0.413023 0.526638 0.404858 0.532919 0.391668 0.536844 0.381619 0.538414
2 37 0.355719 0.440814 0.361098 0.43314 0.368515 0.428505 0.376858 0.426187 0.385202 0.427925 0.385202 0.435458 0.381957 0.447046 0.377322 0.462112 0.372984 0.479555 0.367373 0.478396 0.362191 0.4737 0.357389 0.467906 0.353681 0.460373 0.352837 0.45342 0.353515 0.446467
4 37 0.300622 0.419593 0.288433 0.415784 0.271621 0.409588 0.249165 0.402452 0.232816 0.402767 0.216052 0.399908 0.199043 0.391024 0.188377 0.38658 0.173863 0.371344 0.16939 0.357157 0.166254 0.33828 0.169624 0.318624 0.177986 0.292452 0.193554 0.274317 0.212308 0.265971 0.236458 0.265269 0.328061 0.301752 0.393151 0.323372 0.43078 0.341089 0.467661 0.36152 0.486446 0.374861 0.480713 0.380531 0.444058 0.358644 0.41142 0.342493 0.376864 0.327048 0.334465 0.316161 0.302835 0.303179 0.252745 0.284926 0.235896 0.278608 0.221855 0.277906 0.210623 0.281416 0.199952 0.28633 0.190966 0.298967 0.185911 0.307391 0.180295 0.32073 0.179172 0.330558 0.179172 0.339685 0.180295 0.348811 0.181418 0.355129 0.188719 0.36566 0.20276 0.377594 0.22017 0.387423 0.235334 0.390582 0.248719 0.389529 0.271278 0.395847 0.303161 0.408166
3 37 0.353515 0.446467 0.345825 0.436735 0.318398 0.425942 0.300622 0.419593 0.303161 0.408166 0.324493 0.417054 0.343793 0.423403 0.361098 0.43314 0.355719 0.440814
1 37 0.372984 0.479555 0.381828 0.48198 0.390267 0.481425 0.400038 0.478094 0.405368 0.470321 0.407589 0.458662 0.406718 0.446448 0.402259 0.438675 0.39382 0.432568 0.385202 0.427925 0.385202 0.435458 0.381957 0.447046 0.377322 0.462112
0 36 0.417734 0.537012 0.419453 0.536035 0.420312 0.53418 0.420859 0.532324 0.419922 0.529785 0.41875 0.528809 0.417578 0.528809 0.415859 0.529297 0.412266 0.532617 0.41125 0.535254 0.413047 0.537012 0.415 0.537598 0.417734 0.537012 0.422656 0.555078 0.421797 0.556055 0.420937 0.555957 0.418203 0.559277 0.417969 0.562891 0.418984 0.564258 0.42125 0.564063 0.423516 0.56377 0.425625 0.561328 0.425703 0.559766 0.425703 0.55625 0.424219 0.555078 0.422656 0.555078
0 37 0.389509 0.461989 0.387363 0.462955 0.386418 0.466282 0.387105 0.467891 0.389251 0.468213 0.391054 0.468106 0.391913 0.466711 0.39217 0.464243 0.391226 0.46274
