4 9 0.256274 0.596061 0.264755 0.591666 0.239922 0.550234 0.202695 0.491123 0.129917 0.393442 0.075809 0.310484 0.047335 0.257094 0 0.18838 0 0.200739 0.050103 0.283789 0.080555 0.33619 0.123266 0.3965 0.179028 0.475595 0.220158 0.534423 0.244678 0.576936
3 9 0.293332 0.671994 0.306025 0.663805 0.297504 0.646022 0.283238 0.617999 0.264755 0.591666 0.256274 0.596061 0.28353 0.648933
2 9 0.291899 0.680439 0.293332 0.671994 0.306025 0.663805 0.311348 0.665852 0.320356 0.670203 0.328954 0.676601 0.332434 0.681975 0.333518 0.685834 0.328386 0.691638 0.319506 0.699378 0.316736 0.701618 0.314618 0.703349 0.311767 0.705182 0.309567 0.706506 0.307856 0.707015 0.306146 0.708441 0.304109 0.709459 0.299269 0.711148 0.293332 0.699376 0.292308 0.689908
4 16 0.231919 0.435605 0.231583 0.44728 0.207954 0.444427 0.175732 0.439728 0.150491 0.436372 0.129278 0.436372 0.11639 0.437379 0.103769 0.4404 0.096519 0.443756 0.085778 0.449462 0.066445 0.460539 0.049529 0.473629 0.033686 0.491082 0.021871 0.509207 0 0.546965 0 0.529769 0.028891 0.481238 0.046011 0.461366 0.070467 0.443024 0.09523 0.430796 0.114184 0.425828 0.138335 0.422388 0.178077 0.427356 0.21568 0.43347
3 16 0.291695 0.444569 0.28869 0.458969 0.277108 0.454818 0.259076 0.451271 0.231583 0.44728 0.231919 0.435605 0.256906 0.438123 0.277442 0.441253
2 16 0.314766 0.487891 0.318438 0.488477 0.323828 0.488379 0.324375 0.48252 0.325625 0.463672 0.327578 0.439258 0.318742 0.436638 0.312565 0.43476 0.305219 0.434134 0.300043 0.436012 0.295368 0.43956 0.291695 0.444569 0.28869 0.458969 0.291194 0.47003 0.297205 0.478378 0.306053 0.485682
1 16 0.327578 0.439258 0.325703 0.463867 0.324375 0.482617 0.323751 0.488604 0.333435 0.486517 0.340447 0.480673 0.344955 0.475665 0.346958 0.469612 0.347626 0.461891 0.346791 0.455212 0.344287 0.450203 0.336106 0.443525
4 25 0.578246 0.464095 0.586754 0.470351 0.53012 0.560888 0.447003 0.71156 0.400338 0.783599 0.363796 0.861795 0.356862 0.86324 0.35744 0.857462 0.395059 0.776209 0.457878 0.675311 0.535297 0.531768
3 25 0.623792 0.407476 0.63255 0.421552 0.623541 0.429685 0.609277 0.443449 0.586754 0.470351 0.578246 0.464095 0.597515 0.43907 0.611279 0.417798
2 25 0.645347 0.358753 0.647922 0.362616 0.655735 0.373884 0.659427 0.376996 0.671617 0.388264 0.676683 0.39642 0.669385 0.40522 0.664582 0.409665 0.645063 0.418737 0.63255 0.421552 0.623792 0.407476 0.625543 0.395276 0.629047 0.382763 0.635553 0.370564
1 25 0.645433 0.358538 0.65625 0.373991 0.671703 0.388157 0.677095 0.39684 0.685854 0.385891 0.688606 0.374005 0.688106 0.365246 0.685353 0.355861 0.68185 0.350231 0.676344 0.346477 0.667585 0.344913 0.66233 0.344913 0.650568 0.351482
4 32 0.699471 0.385267 0.709263 0.388449 0.69676 0.413516 0.675486 0.441215 0.657566 0.462936 0.632054 0.485165 0.602508 0.504739 0.583007 0.512865 0.567939 0.516188 0.547847 0.516188 0.526826 0.514707 0.501164 0.508802 0.456846 0.496212 0.418735 0.47946 0.387325 0.462184 0.360103 0.443338 0.339903 0.423177 0.325266 0.399774 0.309009 0.364813 0.290582 0.327121 0.274249 0.300946 0.275505 0.294141 0.277599 0.293617 0.28095 0.298329 0.310117 0.347222 0.329691 0.385093 0.347392 0.416156 0.360522 0.430774 0.401983 0.459043 0.45241 0.482324 0.503765 0.497647 0.542828 0.504412 0.573691 0.503541 0.593375 0.497259 0.619759 0.480507 0.647446 0.460153 0.666553 0.433249 0.693412 0.398702
3 32 0.717293 0.335083 0.727672 0.332145 0.725714 0.343161 0.721405 0.360052 0.709263 0.388449 0.699471 0.385267 0.709263 0.366662 0.714942 0.349281
2 32 0.707892 0.291019 0.719531 0.293555 0.738438 0.294922 0.743828 0.295312 0.742948 0.3084 0.741185 0.316968 0.733939 0.325291 0.727672 0.332145 0.717293 0.335083 0.709531 0.332813 0.70625 0.329492 0.704563 0.323332 0.702996 0.312561 0.704955 0.299097
1 32 0.707892 0.291019 0.719766 0.293164 0.738594 0.294824 0.743984 0.295215 0.742734 0.285742 0.740989 0.278779 0.739031 0.274373 0.736094 0.271582 0.730469 0.270117 0.725391 0.270215 0.72125 0.271484 0.717109 0.274902 0.7125 0.27998
0 32 0.73377 0.281422 0.727589 0.281173 0.722604 0.28217 0.719614 0.284662 0.719016 0.2884 0.721408 0.290892 0.726991 0.290892 0.730779 0.291142 0.73357 0.293135 0.736362 0.290892 0.73676 0.286656 0.736362 0.283665
1 9 0.299318 0.711455 0.301462 0.716277 0.302533 0.720564 0.304034 0.724583 0.30607 0.728467 0.309071 0.732888 0.314429 0.739184 0.318823 0.741595 0.322574 0.742131 0.327075 0.740658 0.330397 0.739184 0.334255 0.737309 0.338649 0.735031 0.341864 0.731548 0.343471 0.726056 0.344007 0.71976 0.343686 0.713732 0.341971 0.707302 0.340471 0.702613 0.338649 0.698059 0.337148 0.69471 0.335219 0.689887 0.333826 0.685734 0.328467 0.691537 0.319669 0.699378 0.314781 0.703655 0.311359 0.705589 0.309404 0.706506 0.307775 0.706811 0.306472 0.708033 0.303946 0.709561
0 16 0.332344 0.454102 0.335859 0.456348 0.338125 0.459082 0.338516 0.465332 0.337656 0.470801 0.334297 0.472949 0.332422 0.47002 0.332266 0.466504 0.332031 0.463281 0.330781 0.460645 0.330313 0.457715 0.330625 0.455273
0 25 0.662946 0.360148 0.659169 0.363582 0.658225 0.37045 0.66226 0.374313 0.671016 0.379142 0.67342 0.381289 0.676425 0.382469 0.677541 0.380323 0.678228 0.375279 0.677198 0.371952 0.675309 0.367123 0.670587 0.361435 0.666295 0.359933 0.664062 0.359933
0 9 0.313233 0.699581 0.31193 0.697952 0.309241 0.698054 0.308182 0.700396 0.308508 0.705386 0.310219 0.706709 0.312011 0.706709 0.313233 0.705487 0.313478 0.702025 0.313233 0.699581 0.31918 0.693268 0.320158 0.694999 0.32195 0.695101 0.327897 0.709153 0.327082 0.71119 0.327001 0.714143 0.320076 0.720559 0.319099 0.718522 0.317958 0.717911 0.317306 0.717707 0.316247 0.717605 0.3147 0.721475 0.315514 0.724835 0.317144 0.725446 0.319017 0.724835 0.319995 0.723104 0.320076 0.720559 0.327001 0.714143 0.328874 0.715467 0.330993 0.715772 0.33254 0.713328 0.33254 0.712514 0.331563 0.709866 0.330667 0.709561 0.330096 0.709561 0.329282 0.709052 0.327897 0.709153 0.32195 0.695101 0.323172 0.693166 0.323172 0.691537 0.32195 0.689093 0.320402 0.688482 0.31861 0.689398 0.31918 0.693268
