4 7 0.306537 0.265414 0.311983 0.273923 0.297914 0.290374 0.275677 0.309095 0.248447 0.329517 0.20665 0.361034 0.162404 0.386355 0.12029 0.405679 0.073379 0.419673 0.008876 0.433666 0 0.433666 0 0.423671 0.015273 0.421005 0.070181 0.409677 0.126687 0.393685 0.174132 0.371696 0.216245 0.344375 0.268487 0.303728 0.297274 0.276408
3 7 0.306537 0.265414 0.32775 0.243954 0.345342 0.225963 0.362411 0.206509 0.36482 0.21253 0.368203 0.214558 0.334674 0.252934 0.311983 0.273923
1 7 0.379293 0.167645 0.385801 0.175597 0.393974 0.185174 0.39806 0.190282 0.402657 0.197305 0.410069 0.185428 0.413368 0.176001 0.41384 0.165396 0.410069 0.158325 0.403942 0.15538 0.397814 0.15538 0.38933 0.160093
2 7 0.379293 0.167645 0.385801 0.175597 0.393974 0.185174 0.39806 0.190282 0.402657 0.197305 0.397038 0.204967 0.387844 0.212628 0.380025 0.21479 0.370557 0.215969 0.36482 0.21253 0.36152 0.204281 0.361992 0.194854 0.366705 0.181893 0.375189 0.170698
4 13 0.379768 0.672324 0.389113 0.670133 0.408326 0.71044 0.429361 0.748385 0.451511 0.78633 0.4708 0.822249 0.503143 0.868087 0.535942 0.913356 0.59956 0.999023 0.587432 0.998421 0.50656 0.890579 0.462145 0.826519 0.428905 0.767761 0.4063 0.729009 0.391445 0.699945
3 13 0.361091 0.588959 0.36344 0.588959 0.368625 0.587191 0.370982 0.585227 0.372174 0.595663 0.379768 0.634359 0.389113 0.670133 0.379768 0.672324 0.376263 0.663562 0.368086 0.627058
1 13 0.340344 0.554786 0.348357 0.551251 0.352599 0.550662 0.378051 0.54536 0.383708 0.545949 0.381351 0.535344 0.376637 0.520614 0.369096 0.512366 0.362497 0.510598 0.354013 0.512366 0.348828 0.51649 0.343172 0.527095 0.340344 0.5377 0.339401 0.54536
2 13 0.340344 0.554786 0.348357 0.551251 0.352599 0.550662 0.378051 0.54536 0.383708 0.545949 0.383708 0.556554 0.383236 0.567748 0.381351 0.572462 0.377109 0.580121 0.368625 0.587191 0.36344 0.588959 0.357784 0.588959 0.352599 0.584834 0.345529 0.57364 0.341286 0.562446
4 20 0.326155 0.577415 0.323262 0.584647 0.345434 0.6019 0.374389 0.624717 0.402122 0.646069 0.447698 0.682388 0.510366 0.739357 0.57816 0.807721 0.627724 0.860418 0.678428 0.9181 0.733647 0.97727 0.736635 0.983993 0.738428 0.989969 0.736635 0.99221 0.733049 0.992957 0.729464 0.991463 0.727671 0.99221 0.725878 0.995198 0.730061 1 0.74022 1 0.745599 1 0.747391 0.995198 0.746196 0.988475 0.742013 0.976523 0.717512 0.948885 0.636838 0.85626 0.600385 0.81667 0.563335 0.780069 0.514931 0.730021 0.447404 0.67101 0.390633 0.626192 0.355973 0.600048 0.339838 0.588096
3 20 0.270312 0.555811 0.272538 0.552333 0.273707 0.548534 0.30488 0.56469 0.326155 0.577415 0.323262 0.584647 0.279873 0.559994
1 20 0.232891 0.549805 0.234531 0.545898 0.236094 0.539355 0.239141 0.530664 0.240937 0.524023 0.243672 0.517188 0.244531 0.514746 0.246172 0.511133 0.23935 0.512404 0.231053 0.517071 0.226905 0.522775 0.225245 0.531072 0.225245 0.539369 0.22744 0.543517 0.230223 0.547666
2 20 0.246172 0.511133 0.259263 0.513441 0.26756 0.520182 0.272538 0.528998 0.274613 0.537295 0.274613 0.545592 0.272538 0.552333 0.26922 0.557518 0.265071 0.56063 0.259678 0.562704 0.25304 0.563741 0.245158 0.56063 0.238203 0.55498 0.233203 0.549707 0.236172 0.539453 0.238984 0.531543 0.241016 0.524219 0.243516 0.517578
4 26 0.323721 0.661779 0.316767 0.658076 0.322665 0.643692 0.323702 0.639641 0.32405 0.63559 0.321557 0.633097 0.318067 0.633097 0.314078 0.638083 0.309591 0.644939 0.308384 0.653041 0.310909 0.658826 0.315242 0.664611 0.311322 0.674738 0.3061 0.670584 0.302111 0.665506 0.300166 0.66052 0.300117 0.655534 0.300708 0.648678 0.303109 0.641823 0.311086 0.627488 0.314896 0.624371 0.32056 0.621255 0.328607 0.623748 0.332667 0.628734 0.333594 0.636213 0.330722 0.643692 0.325371 0.657846 0.323721 0.661779 0.323721 0.661779 0.315286 0.685846 0.314546 0.696954 0.316767 0.710839 0.329356 0.726575 0.344167 0.735831 0.361199 0.744162 0.381934 0.752493 0.410814 0.760824 0.4471 0.762675 0.472597 0.762384 0.488117 0.75802 0.508841 0.75201 0.523565 0.744929 0.554983 0.724856 0.575253 0.709578 0.579959 0.717302 0.572592 0.724384 0.550542 0.740028 0.52799 0.753181 0.502866 0.763121 0.490947 0.76759 0.467704 0.77206 0.436715 0.772805 0.420624 0.771315 0.389039 0.766845 0.361625 0.756416 0.332423 0.743752 0.316928 0.730344 0.310373 0.721404 0.305605 0.710975 0.305659 0.692326 0.311322 0.674738 0.315242 0.664611 0.316767 0.658076 0.323721 0.661779
3 26 0.575253 0.709578 0.621848 0.670513 0.637332 0.656319 0.639152 0.660869 0.644394 0.664363 0.637798 0.669934 0.594917 0.70733 0.579959 0.717302
1 26 0.642658 0.61727 0.649288 0.621552 0.652824 0.624039 0.657866 0.629029 0.662839 0.634877 0.670862 0.646574 0.67606 0.655021 0.678659 0.662168 0.685617 0.656863 0.693762 0.646004 0.696476 0.637181 0.697562 0.624286 0.695391 0.612748 0.689067 0.601889 0.680188 0.597138 0.666071 0.595781 0.659013 0.599174 0.650325 0.605283
2 26 0.640191 0.621232 0.637533 0.62578 0.636553 0.636827 0.637072 0.655671 0.639152 0.660869 0.646949 0.666067 0.659425 0.668666 0.671902 0.666717 0.678659 0.662168 0.67606 0.655021 0.670862 0.646574 0.662839 0.634877 0.657866 0.629029 0.653045 0.624177 0.642879 0.617409
0 20 0.236102 0.533843 0.235797 0.538288 0.23915 0.543621 0.240471 0.544256 0.242198 0.543875 0.242096 0.53905 0.239963 0.535621 0.238337 0.533335
0 7 0.406365 0.170898 0.408252 0.174181 0.410058 0.174489 0.411699 0.174386 0.413504 0.172642 0.413751 0.168949 0.412274 0.16659 0.410304 0.165667 0.408827 0.165872 0.406201 0.168026 0.406365 0.170898 0.394794 0.181054 0.392578 0.178079 0.390937 0.17654 0.388393 0.175617 0.386834 0.177156 0.3879 0.181669 0.39266 0.187516 0.395779 0.188337 0.396681 0.187004 0.396681 0.186183 0.395943 0.184542 0.394794 0.181054
