4 7 0.089861 0.287617 0.063108 0.299904 0 0.3227 0 0.331357 0.04718 0.313755 0.09241 0.295051
3 7 0.160304 0.247004 0.147632 0.256821 0.126818 0.267971 0.097932 0.283635 0.089861 0.287617 0.09241 0.295051 0.161012 0.25585 0.160304 0.252311
1 7 0.187903 0.208967 0.197871 0.20359 0.202979 0.202088 0.207486 0.202088 0.210596 0.205416 0.212096 0.207604 0.214264 0.210731 0.216682 0.213649 0.220684 0.218027 0.222018 0.219173 0.224012 0.224624 0.224012 0.230633 0.222209 0.236267 0.219204 0.242276 0.214844 0.247266 0.211953 0.240918 0.210312 0.23623 0.207109 0.231934 0.202891 0.225391 0.19498 0.224005 0.192149 0.220024 0.192149 0.215601 0.192149 0.212947
2 7 0.187903 0.208967 0.182242 0.212505 0.177996 0.216486 0.173042 0.221793 0.169504 0.224889 0.166673 0.228428 0.165258 0.231524 0.163489 0.236389 0.161719 0.241696 0.160304 0.247004 0.160304 0.252311 0.161012 0.25585 0.162781 0.257177 0.165612 0.259388 0.170565 0.260273 0.175165 0.260715 0.179411 0.262042 0.184719 0.262484 0.188965 0.262484 0.193565 0.2616 0.197457 0.258946 0.203984 0.254883 0.214766 0.246973 0.212266 0.24082 0.210234 0.236035 0.206953 0.231934 0.202813 0.225195 0.19498 0.224005 0.192149 0.220024 0.192149 0.215601 0.192149 0.212947
4 13 0.33565 0.455492 0.324146 0.405325 0.309158 0.357317 0.293233 0.317115 0.27528 0.27417 0.244215 0.228543 0.227052 0.208283 0.202665 0.186314 0.147136 0.154763 0.096267 0.143114 0.052776 0.141172 0.007731 0.146997 0 0.151851 0 0.160103 0.024429 0.152336 0.066755 0.15088 0.110246 0.156705 0.143253 0.163015 0.195676 0.193595 0.207486 0.202088 0.210846 0.20552 0.212096 0.208126 0.214264 0.210523 0.216182 0.213337 0.220017 0.217506 0.221935 0.218965 0.224012 0.224624 0.243427 0.245179 0.263859 0.273348 0.282188 0.311659 0.309531 0.384524 0.329418 0.457117
3 13 0.341713 0.54178 0.340792 0.522925 0.335917 0.494083 0.329418 0.457117 0.33565 0.455492 0.339422 0.472553 0.343972 0.502534 0.347926 0.54178 0.346761 0.54178
1 13 0.313125 0.57959 0.312254 0.585011 0.312254 0.590865 0.314127 0.595939 0.31725 0.601794 0.319435 0.604916 0.322558 0.608039 0.325992 0.610381 0.329739 0.611551 0.333486 0.611551 0.338482 0.611161 0.342229 0.60921 0.345976 0.607258 0.35066 0.603745 0.354375 0.599414 0.358203 0.591504 0.355469 0.590527 0.350547 0.588477 0.340313 0.586719 0.335112 0.586437 0.332393 0.584495 0.327345 0.582554 0.320356 0.581583
2 13 0.341713 0.54178 0.334335 0.543722 0.324627 0.549061 0.322297 0.552945 0.318414 0.55974 0.315308 0.567506 0.314531 0.572846 0.313125 0.579395 0.320356 0.581583 0.327345 0.582554 0.332393 0.584495 0.335112 0.586437 0.340313 0.586719 0.350312 0.588281 0.355313 0.590527 0.358411 0.591291 0.359964 0.583039 0.360352 0.572846 0.359576 0.562652 0.358022 0.555857 0.355692 0.550518 0.354139 0.544207 0.351421 0.54178 0.347926 0.54178 0.346761 0.54178
3 19 0.464921 0.39407 0.445332 0.318089 0.450768 0.318575 0.455816 0.317604 0.471439 0.391114 0.470204 0.391931
4 19 0.464921 0.39407 0.470204 0.391931 0.471439 0.391114 0.482745 0.445306 0.527058 0.624086 0.570735 0.763386 0.578491 0.786858 0.584614 0.795532 0.594003 0.800635 0.606249 0.804207 0.621353 0.803697 0.630742 0.799104 0.638906 0.792471 0.651968 0.777673 0.671562 0.754202 0.706259 0.714912 0.734834 0.684297 0.749121 0.667968 0.754428 0.673071 0.720547 0.714912 0.69483 0.741445 0.665847 0.778694 0.639722 0.805738 0.632721 0.81135 0.620945 0.816963 0.603392 0.814922 0.580124 0.804717 0.569511 0.788389 0.56053 0.763897 0.533181 0.683276 0.513995 0.608779 0.492768 0.522545 0.479298 0.462335
1 19 0.435 0.260156 0.435315 0.255617 0.42914 0.251961 0.424265 0.251961 0.420366 0.255617 0.419066 0.257648 0.418416 0.261711 0.417766 0.266585 0.418047 0.271289 0.418828 0.276172 0.420391 0.281641 0.425234 0.279687 0.429141 0.276953 0.432891 0.274219 0.434375 0.270898 0.434219 0.265625
2 19 0.421645 0.284597 0.423974 0.291392 0.425916 0.299644 0.427469 0.305954 0.429799 0.309352 0.434847 0.314206 0.440672 0.316633 0.445332 0.318089 0.450768 0.318575 0.455816 0.317604 0.459311 0.312264 0.460088 0.3011 0.460088 0.293334 0.458534 0.287024 0.453875 0.280228 0.45038 0.275374 0.447273 0.271977 0.442969 0.266016 0.435313 0.255566 0.435156 0.259668 0.434063 0.265234 0.434297 0.270605 0.433359 0.273926 0.429453 0.276758 0.42625 0.279199 0.420312 0.281641
4 24 0.613902 0.544849 0.60738 0.493184 0.600611 0.441914 0.589203 0.36345 0.567625 0.281137 0.547348 0.22315 0.525972 0.175397 0.512101 0.110053 0.496737 0 0.489055 0 0.496737 0.055866 0.510455 0.139548 0.518138 0.176587 0.537892 0.221172 0.562036 0.29045 0.574657 0.336406 0.590022 0.412543 0.602094 0.506514 0.607396 0.547592
3 24 0.648988 0.620079 0.634833 0.610697 0.626602 0.588747 0.617822 0.558567 0.613902 0.544849 0.607396 0.547592 0.613432 0.572971 0.622761 0.603152 0.629506 0.61553 0.639772 0.625101 0.645137 0.626786 0.653608 0.622646
1 24 0.648475 0.559114 0.658341 0.539025 0.665617 0.53334 0.671075 0.531067 0.675623 0.530498 0.687902 0.532772 0.691995 0.536183 0.696543 0.546416 0.697453 0.553238 0.697908 0.558354 0.697453 0.564608 0.694724 0.570292 0.691995 0.575409 0.68983 0.579469 0.687827 0.576043 0.682555 0.570771 0.676197 0.567457 0.67209 0.56489
2 24 0.648475 0.559114 0.645908 0.571307 0.645549 0.57802 0.647025 0.584345 0.648501 0.58909 0.650399 0.593834 0.652582 0.598902 0.653095 0.604678 0.653095 0.609811 0.650528 0.61687 0.648988 0.620079 0.653608 0.622646 0.658229 0.619437 0.660283 0.613662 0.661309 0.611095 0.66439 0.607886 0.669523 0.603394 0.67209 0.600185 0.676711 0.596335 0.680818 0.592485 0.684412 0.586709 0.690041 0.579733 0.687616 0.576175 0.682766 0.570903 0.676197 0.567457 0.67209 0.56489
3 30 0.749621 0.214944 0.763612 0.233083 0.783684 0.258301 0.786934 0.263582 0.789534 0.258301 0.752119 0.210052
4 30 0.786934 0.263582 0.808854 0.293948 0.818843 0.306534 0.83595 0.323945 0.849711 0.335473 0.8717 0.345757 0.905944 0.358596 0.934599 0.366824 0.966914 0.369838 0.983795 0.369838 1 0.367426 1 0.358383 0.973667 0.363206 0.946657 0.360795 0.904695 0.351148 0.869004 0.336076 0.853692 0.327836 0.837257 0.315383 0.811126 0.286638 0.789534 0.258301
0 30 0.711388 0.172104 0.711109 0.177692 0.711388 0.180137 0.713623 0.182582 0.715579 0.18328 0.718094 0.18328 0.719157 0.181677 0.720329 0.179438 0.720609 0.176644 0.720609 0.173501 0.719212 0.171406 0.716697 0.170358 0.714741 0.170358
1 30 0.717344 0.162109 0.716328 0.159863 0.714485 0.158054 0.708272 0.159025 0.704001 0.163394 0.701671 0.169704 0.701671 0.176499 0.705625 0.178809 0.709297 0.181152 0.711953 0.182227 0.714687 0.183887 0.717578 0.183887 0.719609 0.182617 0.721094 0.178223 0.721641 0.175195 0.720391 0.16875
2 30 0.712075 0.197218 0.718749 0.204919 0.724396 0.210694 0.730043 0.215186 0.736717 0.215828 0.744931 0.215828 0.749621 0.214944 0.752119 0.210052 0.753659 0.204919 0.753146 0.195934 0.750579 0.1908 0.746472 0.183741 0.742878 0.177966 0.739798 0.17219 0.735 0.167285 0.728516 0.162531 0.720703 0.158887 0.714609 0.157812 0.716094 0.160059 0.717734 0.162207 0.720469 0.168652 0.721797 0.174805 0.721094 0.178418 0.719844 0.181641 0.7175 0.183691 0.715234 0.183203 0.712109 0.18252 0.709609 0.18125 0.705547 0.178711 0.701797 0.17627 0.705625 0.187598
4 36 0.231642 0.091316 0.23437 0.084495 0.31665 0.101767 0.381252 0.122049 0.501442 0.160735 0.593687 0.184773 0.660693 0.201299 0.706064 0.20806 0.722859 0.209123 0.724396 0.210694 0.730043 0.215186 0.736717 0.215828 0.744931 0.215828 0.749621 0.214944 0.751663 0.210945 0.760205 0.211486 0.760594 0.217311 0.731032 0.217021 0.697654 0.214347 0.661152 0.208522 0.570463 0.186255 0.441756 0.149303 0.3558 0.122584 0.287126 0.104392
3 36 0.819373 0.200206 0.807242 0.207117 0.760205 0.211486 0.760594 0.217311 0.809045 0.212301 0.818723 0.206705
1 36 0.844297 0.175195 0.850238 0.172875 0.858249 0.173228 0.866679 0.17596 0.873281 0.180566 0.878125 0.18623 0.881667 0.193524 0.882604 0.20172 0.882916 0.207965 0.881043 0.216161 0.878232 0.221235 0.874173 0.224748 0.869844 0.228906 0.865312 0.231348 0.859531 0.232422 0.853984 0.233008 0.853281 0.216309 0.853125 0.209277 0.852266 0.203027 0.851016 0.19707 0.849609 0.19082 0.848672 0.185938 0.846562 0.181934
2 36 0.843984 0.175195 0.838872 0.17827 0.833672 0.182738 0.828473 0.186394 0.824248 0.190863 0.821973 0.194519 0.819373 0.200206 0.818723 0.206705 0.820673 0.212799 0.823923 0.21808 0.826848 0.222142 0.829772 0.224985 0.833672 0.227423 0.841719 0.231641 0.848203 0.232617 0.854063 0.232813 0.853125 0.216406 0.853438 0.20918 0.852187 0.20293 0.851172 0.197363 0.849453 0.190723 0.848594 0.18584 0.846484 0.181543
2 44 0.412139 0.816673 0.407331 0.817424 0.403726 0.819302 0.398918 0.821931 0.394712 0.824936 0.389003 0.830194 0.3872 0.833574 0.385313 0.841699 0.384531 0.846094 0.38375 0.850488 0.383437 0.856543 0.38625 0.859863 0.391562 0.863672 0.397891 0.867578 0.406797 0.869531 0.414543 0.870382 0.420547 0.870117 0.422031 0.863379 0.422956 0.855734 0.423858 0.846345 0.421754 0.836204 0.420552 0.829067 0.420552 0.824185 0.41905 0.820429 0.417548 0.818926
4 44 0.427137 0.739367 0.436526 0.740898 0.434893 0.762328 0.431219 0.7858 0.425913 0.804169 0.422402 0.813354 0.41905 0.820429 0.417548 0.818926 0.412139 0.816673 0.42428 0.781208 0.427137 0.752123 0.427137 0.739367 0.427137 0.739367 0.425108 0.722663 0.420806 0.714596 0.416503 0.709756 0.404457 0.709756 0.397573 0.714596 0.393701 0.719974 0.389828 0.728579 0.388538 0.737184 0.388538 0.750091 0.389398 0.761923 0.39241 0.776981 0.394991 0.793653 0.397573 0.800107 0.401015 0.804947 0.407331 0.817424 0.403726 0.819302 0.398918 0.821931 0.392016 0.808343 0.387217 0.792143 0.384033 0.779759 0.382617 0.768259 0.382263 0.752779 0.382263 0.742164 0.383325 0.733318 0.383971 0.72 0.38674 0.712453 0.391463 0.706781 0.396063 0.701031 0.401017 0.698377 0.40774 0.698377 0.415878 0.700146 0.420831 0.7028 0.426493 0.707665 0.429323 0.712088 0.432508 0.722261 0.434985 0.731991 0.436526 0.740898 0.427137 0.739367
1 44 0.383494 0.856416 0.383233 0.862943 0.382972 0.868165 0.382972 0.873387 0.384016 0.878609 0.385583 0.883178 0.38741 0.887095 0.392371 0.892317 0.395765 0.894601 0.399943 0.89558 0.405948 0.895254 0.409718 0.893186 0.413427 0.890458 0.4167 0.885821 0.419319 0.877912 0.420628 0.870547 0.419609 0.870313 0.417969 0.870508 0.414543 0.870382 0.406641 0.869629 0.397969 0.867383 0.391875 0.86377 0.388906 0.861816 0.386484 0.859961
0 7 0.207891 0.222559 0.207891 0.226465 0.209766 0.231934 0.212109 0.233301 0.213281 0.233301 0.214766 0.232813 0.216406 0.230371 0.216016 0.226953 0.214531 0.224121 0.212578 0.221582 0.210156 0.221387 0.208828 0.22168 0.207891 0.222559 0.199766 0.219629 0.198047 0.217188 0.196875 0.216309 0.195469 0.216797 0.194453 0.217188 0.193828 0.217773 0.193125 0.218359 0.193672 0.220801 0.194609 0.222266 0.196328 0.222656 0.196719 0.222656 0.197734 0.222656 0.199297 0.221973 0.199766 0.219629
0 36 0.866563 0.185449 0.867969 0.187793 0.869688 0.187695 0.870781 0.187109 0.87125 0.18584 0.870547 0.183691 0.869531 0.182812 0.868359 0.182617 0.866719 0.183887 0.866563 0.185449 0.851875 0.185059 0.851172 0.183984 0.850078 0.183691 0.849219 0.183984 0.848359 0.186035 0.849375 0.188867 0.851016 0.188867 0.851875 0.186816 0.851875 0.185059
0 13 0.337031 0.597168 0.335234 0.595508 0.330937 0.593652 0.325 0.593164 0.323359 0.593848 0.322188 0.59834 0.324688 0.602148 0.327344 0.602637 0.331562 0.603516 0.335703 0.60293 0.337344 0.602148 0.337813 0.599902 0.337031 0.597168 0.346719 0.592285 0.347187 0.593945 0.348203 0.594434 0.349609 0.594434 0.351016 0.593164 0.351016 0.591016 0.349375 0.589746 0.347266 0.590234 0.346719 0.592285
1 1 0.108602 0.680052 0.116415 0.680911 0.12045 0.682628 0.123369 0.684774 0.126545 0.687028 0.130237 0.693252 0.131439 0.698081 0.132383 0.70291 0.131611 0.710315 0.130151 0.71772 0.126717 0.723944 0.119935 0.727593 0.112036 0.729846 0.105254 0.73049 0.102422 0.730762 0.102593 0.721261 0.104138 0.706344 0.103795 0.694862 0.105598 0.683594 0.105941 0.680052
0 1 0.11021 0.690667 0.108579 0.691203 0.108407 0.694745 0.110039 0.696569 0.112357 0.697535 0.116735 0.696891 0.117594 0.695067 0.116306 0.69335 0.114503 0.691847 0.112185 0.691311
2 1 0.105512 0.679838 0.105683 0.684238 0.103623 0.694647 0.10431 0.706022 0.102679 0.721583 0.102344 0.730664 0.0947802 0.728559 0.0847356 0.725661 0.0783826 0.719008 0.0710852 0.709027 0.0691106 0.70452 0.0701408 0.697759 0.0753777 0.692394 0.0801854 0.687135 0.0855082 0.683594 0.0952095 0.680374
3 1 0.0705548 0.708311 0.0459348 0.699466 0.0112341 0.688077 0.0139481 0.678505 0.0602803 0.694741 0.070361 0.697406 0.0685193 0.703828
4 1 0.0110402 0.688077 0.014142 0.678505 0.000281095 0.674022 0.000184166 0.683836
