4 7 0.040347 0.849068 0.03914 0.790989 0.031899 0.696705 0.022244 0.627312 0.020434 0.608455 0.022244 0.58809 0.030692 0.565462 0.066897 0.509646 0.095862 0.467406 0.105312 0.457209 0.113167 0.462664 0.091638 0.488526 0.058449 0.536045 0.043364 0.562445 0.035519 0.576022 0.032502 0.594124 0.031295 0.619015 0.040347 0.693688 0.048191 0.805321 0.048191 0.841526 0.047588 0.84756 0.045174 0.849068 0.040347 0.849068 0.039765 0.8507 0.0395521 0.837396 0.0357204 0.828349 0.0338045 0.795885 0.0284826 0.725903 0.0220964 0.660444 0.0140072 0.611216 0.00868529 0.604032 0.0161359 0.650598 0.0195419 0.679602 0.0223093 0.715525 0.0240123 0.741336 0.0289084 0.802537 0.03125 0.840589 0.039765 0.8507
3 7 0.105312 0.457209 0.124804 0.430935 0.161257 0.377841 0.163585 0.384632 0.166512 0.388747 0.113167 0.462664
1 7 0.170669 0.339302 0.182971 0.354169 0.19128 0.362214 0.19796 0.370259 0.205211 0.379322 0.212441 0.36957 0.217678 0.356478 0.218114 0.343931 0.214623 0.333021 0.208076 0.323747 0.198039 0.319383 0.191929 0.320474 0.1784 0.330293
2 7 0.170832 0.339302 0.162378 0.360495 0.159965 0.374072 0.163585 0.384632 0.168413 0.39142 0.17324 0.393683 0.181085 0.392929 0.188326 0.390666 0.19513 0.387858 0.202808 0.381615 0.205129 0.379525 0.198286 0.370361 0.19128 0.362214 0.183052 0.354068
4 14 0.267676 0.712373 0.26251 0.719548 0.26251 0.719548 0.241965 0.694581 0.21754 0.665629 0.188483 0.640362 0.151004 0.611411 0.109734 0.584038 0.079413 0.56193 0.068043 0.555087 0.061305 0.552455 0.052462 0.550875 0.028879 0.550349 0.017088 0.547717 0 0.5414 0 0.534557 0.022141 0.5414 0.044039 0.542453 0.063411 0.546138 0.077308 0.552455 0.122367 0.583512 0.176271 0.619833 0.21754 0.652469 0.230595 0.665103 0.24744 0.686159 0.25881 0.699845
3 14 0.26251 0.719548 0.267676 0.712373 0.290348 0.730669 0.313307 0.747529 0.325353 0.753713 0.322468 0.758521 0.321928 0.762916 0.311298 0.75578 0.286043 0.739278
1 14 0.375619 0.767234 0.374312 0.769413 0.368213 0.778126 0.364292 0.786839 0.361242 0.795552 0.3595 0.800453 0.366356 0.802936 0.377015 0.802443 0.380129 0.798988 0.383331 0.79356 0.384121 0.786159 0.382542 0.778757 0.379778 0.772836
2 14 0.370827 0.761789 0.35645 0.751442 0.349044 0.749263 0.334667 0.749263 0.326389 0.751986 0.322468 0.758521 0.321597 0.765601 0.325082 0.774314 0.327914 0.779759 0.332325 0.785699 0.34338 0.793374 0.355143 0.799909 0.3595 0.800453 0.361242 0.795552 0.364292 0.786839 0.368213 0.778126 0.374312 0.769413 0.375619 0.767234
4 22 0.746434 0.774737 0.740751 0.780262 0.754443 0.792052 0.779713 0.81405 0.799567 0.82928 0.821227 0.840561 0.864547 0.859739 0.903354 0.880045 0.939003 0.899223 0.958858 0.90994 0.973298 0.917272 0.986384 0.923477 1 0.926861 1 0.920093 0.989994 0.917272 0.966078 0.905991 0.939905 0.890762 0.904257 0.869892 0.880341 0.856354 0.858681 0.847894 0.839728 0.840561 0.832057 0.836613 0.822581 0.831536 0.802275 0.820819 0.781518 0.804461 0.756248 0.78472
3 22 0.684374 0.718319 0.687623 0.716207 0.689467 0.710444 0.704759 0.728168 0.733174 0.759345 0.746434 0.774737 0.740751 0.780262 0.717072 0.75382 0.688657 0.722643
1 22 0.647602 0.720156 0.650761 0.708308 0.652341 0.699751 0.66024 0.687902 0.664979 0.68132 0.674458 0.671446 0.661153 0.660486 0.648212 0.654659 0.63487 0.65506 0.624019 0.663098 0.622325 0.671446 0.621798 0.683953 0.626538 0.698434 0.638649 0.712257
2 22 0.674458 0.671446 0.68341 0.680662 0.689729 0.695801 0.690783 0.706333 0.687623 0.716207 0.674458 0.724764 0.660767 0.727397 0.651288 0.723447 0.647602 0.720156 0.650761 0.708308 0.652341 0.699751 0.66024 0.687902 0.664979 0.68132
4 27 0.57752 0.71521 0.583225 0.721832 0.59628 0.685545 0.605073 0.669059 0.62101 0.647765 0.654532 0.62441 0.725422 0.589377 0.760043 0.57083 0.778178 0.556405 0.790817 0.547475 0.808402 0.536484 0.821042 0.531676 0.834231 0.527554 0.851266 0.521372 0.8705 0.510381 0.877644 0.500078 0.884788 0.484965 0.891932 0.455428 0.898527 0.435507 0.901824 0.427264 0.905671 0.417648 0.90677 0.412152 0.899626 0.411465 0.896329 0.416961 0.881491 0.460236 0.874347 0.484965 0.8705 0.494582 0.862257 0.505573 0.855113 0.510381 0.83533 0.517251 0.808402 0.527554 0.788069 0.537858 0.767737 0.553657 0.753998 0.562587 0.746854 0.568769 0.725972 0.579073 0.659477 0.612045 0.631451 0.629905 0.611118 0.648452 0.600127 0.664251 0.586938 0.68898
3 27 0.540054 0.790561 0.560812 0.751886 0.57263 0.723869 0.57752 0.71521 0.583225 0.721832 0.568555 0.752395 0.554699 0.783977 0.545757 0.799024 0.541404 0.791405
0 27 0.514267 0.831393 0.516276 0.831751 0.518572 0.833545 0.51972 0.836056 0.519433 0.839644 0.518716 0.841437 0.517781 0.843231 0.515277 0.84448 0.512258 0.84359 0.510824 0.841796 0.509963 0.839285 0.51025 0.836056 0.511111 0.833545 0.511972 0.832469
2 27 0.507422 0.826258 0.511779 0.806653 0.517442 0.797395 0.526591 0.790316 0.537047 0.788682 0.541404 0.791405 0.54576 0.799029 0.546632 0.807742 0.54576 0.821357 0.540532 0.833882 0.533998 0.840961 0.525284 0.84913 0.520056 0.851308 0.513521 0.850763 0.510472 0.848041 0.506551 0.843139 0.506115 0.835515
4 33 0.598618 0.473217 0.594976 0.47868 0.624891 0.496633 0.657048 0.521262 0.676291 0.539256 0.692786 0.557251 0.71264 0.583238 0.729676 0.61415 0.742315 0.640253 0.750979 0.665499 0.753321 0.710469 0.753108 0.761825 0.751658 0.797557 0.750558 0.837398 0.746162 0.853884 0.73682 0.871057 0.710442 0.893038 0.684064 0.915707 0.672524 0.925323 0.663731 0.939062 0.660434 0.946618 0.660984 0.948679 0.666479 0.9528 0.67747 0.93494 0.690659 0.92395 0.717586 0.899221 0.740117 0.877926 0.749459 0.867622 0.754955 0.859379 0.757153 0.845641 0.761623 0.766881 0.761623 0.709139 0.760133 0.67428 0.757578 0.659113 0.74836 0.634757 0.731874 0.599038 0.714289 0.568813 0.701375 0.552671 0.686262 0.536528 0.667029 0.518668 0.654939 0.507678 0.623066 0.486383
3 33 0.536564 0.436874 0.537567 0.436874 0.541052 0.433062 0.540977 0.431935 0.565112 0.450455 0.593762 0.469271 0.598618 0.473217 0.594976 0.47868 0.5554 0.451062
0 33 0.490438 0.388387 0.492542 0.387259 0.495549 0.387259 0.498255 0.388763 0.499458 0.392521 0.49886 0.395787 0.497691 0.398304 0.49615 0.399662 0.492843 0.400038 0.490805 0.399307 0.489235 0.397407 0.488333 0.3944 0.488934 0.390642
1 33 0.482617 0.41611 0.48814 0.411754 0.494155 0.406308 0.500718 0.39582 0.508265 0.380713 0.509685 0.374248 0.501033 0.371635 0.492883 0.373163 0.486362 0.376729 0.48188 0.381313 0.478212 0.393538 0.47862 0.403217 0.48025 0.410858
2 33 0.509685 0.374248 0.520576 0.379694 0.527111 0.390041 0.532339 0.401477 0.537131 0.41727 0.540617 0.426528 0.541052 0.433062 0.537567 0.436874 0.531468 0.436874 0.506635 0.433062 0.495308 0.428706 0.486594 0.422171 0.482617 0.41611 0.48814 0.411754 0.494155 0.406308 0.500718 0.39582 0.508265 0.380713
0 14 0.37125 0.786035 0.369766 0.790527 0.369766 0.796289 0.371406 0.799902 0.373906 0.799902 0.37875 0.79668 0.381406 0.789258 0.381406 0.784277 0.378047 0.780273 0.375547 0.780664 0.372422 0.783496
0 22 0.648058 0.691146 0.65055 0.691347 0.65264 0.690643 0.653444 0.687529 0.651916 0.684314 0.649425 0.683611 0.648219 0.684716 0.647014 0.686022 0.646692 0.688232 0.648058 0.691146 0.644219 0.692871 0.642422 0.688574 0.64 0.686426 0.638281 0.686328 0.636016 0.688184 0.636641 0.695117 0.639531 0.701562 0.642891 0.704395 0.644922 0.703125 0.644922 0.701562 0.644531 0.69668 0.644219 0.692871
0 7 0.204219 0.339355 0.203516 0.34209 0.204531 0.345313 0.207187 0.345117 0.207969 0.342187 0.206406 0.339648 0.204219 0.339355 0.194844 0.333691 0.194844 0.331445 0.193359 0.330664 0.192656 0.330176 0.191172 0.330957 0.190703 0.33418 0.19125 0.335547 0.194141 0.336035 0.194844 0.333691
