2 7 0.732048 0.214093 0.736473 0.227614 0.745815 0.236834 0.754174 0.246053 0.758107 0.233146 0.763516 0.205488 0.765483 0.184591 0.754174 0.186435 0.743848 0.189508 0.737948 0.192581 0.734998 0.198727 0.733031 0.205488
4 7 0.660603 0.18886 0.620054 0.172026 0.585104 0.157882 0.556133 0.152359 0.533515 0.156046 0.515814 0.167109 0.488279 0.201528 0.47402 0.227957 0.446499 0.32618 0.423073 0.393597 0.404006 0.443309 0.366961 0.488253 0.3577 0.482124 0.390355 0.44663 0.415346 0.388655 0.446499 0.280555 0.463387 0.219948 0.482455 0.183856 0.507515 0.160022 0.527468 0.144655 0.553584 0.141559 0.600865 0.155068 0.662517 0.177863
3 7 0.732048 0.214093 0.70382 0.205677 0.660603 0.18886 0.662517 0.177863 0.699635 0.192156 0.733031 0.205488
1 7 0.754174 0.246053 0.764499 0.249126 0.778759 0.250355 0.789576 0.247282 0.797318 0.238442 0.801868 0.227614 0.803343 0.212249 0.801926 0.205796 0.797935 0.199342 0.787672 0.188894 0.777283 0.186043 0.765483 0.184591 0.763516 0.205488 0.758107 0.233146
2 16 0.288974 0.263298 0.297554 0.278313 0.308341 0.287741 0.316741 0.289817 0.322162 0.289164 0.327583 0.288511 0.331811 0.28426 0.336038 0.280009 0.341802 0.263688 0.343456 0.252574 0.336163 0.25311 0.324151 0.254182 0.306563 0.255255 0.297983 0.259009
0 16 0.311898 0.218209 0.31214 0.214877 0.310346 0.212113 0.309016 0.211087 0.307065 0.211227 0.305248 0.212667 0.303253 0.215161 0.302588 0.216546 0.302144 0.219871 0.303696 0.223474 0.305691 0.225136 0.308129 0.224028 0.311011 0.220703 0.311898 0.218209 0.330422 0.227912 0.330422 0.231366 0.307529 0.247081 0.305215 0.245428 0.303014 0.244601 0.299427 0.245841 0.297942 0.24956 0.297942 0.252453 0.298272 0.255759 0.300256 0.257412 0.302901 0.257412 0.305546 0.254933 0.307529 0.252453 0.30786 0.24956 0.307529 0.247081 0.330422 0.231366 0.332301 0.235267 0.33545 0.234645 0.337053 0.232057 0.337053 0.227912 0.336279 0.225772 0.334177 0.224425 0.331527 0.225149 0.330422 0.227912
4 16 0.348309 0.384 0.364662 0.44181 0.393017 0.52016 0.422865 0.578924 0.446743 0.612503 0.472055 0.644067 0.516886 0.677795 0.541511 0.687122 0.550264 0.676933 0.519469 0.663481 0.488531 0.636754 0.461294 0.606906 0.435334 0.571977 0.411672 0.528555 0.392271 0.480052 0.357718 0.38008
3 16 0.322162 0.289164 0.334868 0.337517 0.348309 0.384 0.357718 0.38008 0.331811 0.28426 0.327583 0.288511
1 16 0.288974 0.263298 0.283678 0.251661 0.282578 0.23287 0.286244 0.218205 0.291377 0.207663 0.299077 0.200331 0.310809 0.198497 0.317812 0.199688 0.325475 0.201706 0.334641 0.209497 0.340874 0.219579 0.342667 0.235162 0.343456 0.252574 0.336163 0.25311 0.324151 0.254182 0.306563 0.255255 0.297983 0.259009
2 25 0.436988 0.706023 0.441284 0.712193 0.44698 0.715928 0.452675 0.718838 0.462927 0.720262 0.469761 0.722036 0.470141 0.714092 0.472039 0.696056 0.47052 0.678021 0.467813 0.664444 0.459328 0.668281 0.452675 0.670902 0.445081 0.676123 0.438247 0.682767 0.436319 0.687276 0.434785 0.692278 0.435209 0.698429
0 25 0.476708 0.695948 0.474003 0.697826 0.473402 0.700831 0.474003 0.704212 0.475781 0.706873 0.47791 0.707593 0.480615 0.707593 0.482117 0.706091 0.482718 0.703461 0.482718 0.70008 0.482418 0.698202 0.480615 0.695948 0.479112 0.695572
4 25 0.371431 0.70574 0.34681 0.704738 0.32048 0.702802 0.32079 0.690799 0.371431 0.693411
3 25 0.436988 0.706023 0.413646 0.703767 0.371431 0.70574 0.371431 0.693411 0.419169 0.692918 0.436319 0.687276 0.434785 0.692278 0.435312 0.699979
1 25 0.467813 0.664314 0.472962 0.66289 0.485172 0.665366 0.493093 0.670316 0.498703 0.677329 0.500353 0.685992 0.500683 0.69713 0.497383 0.710743 0.493753 0.715694 0.486162 0.721057 0.478572 0.723119 0.469761 0.721906 0.470141 0.713962 0.472039 0.695926 0.47052 0.677891
2 32 0.494848 0.770335 0.486597 0.781061 0.480987 0.791787 0.479667 0.80045 0.479667 0.81035 0.481977 0.819013 0.484287 0.822726 0.486597 0.826439 0.490888 0.828708 0.495178 0.830977 0.505409 0.828692 0.516959 0.819204 0.523395 0.808192 0.530998 0.795721 0.51927 0.786011 0.503429 0.772398 0.497818 0.765385
0 32 0.508733 0.781999 0.510654 0.785222 0.512576 0.787288 0.516421 0.788101 0.519196 0.786496 0.519961 0.779166 0.518686 0.773429 0.515371 0.769923 0.511569 0.769589 0.508165 0.771362 0.507031 0.776326 0.508733 0.781999 0.506663 0.784241 0.505898 0.782648 0.504114 0.782008 0.502329 0.782329 0.500355 0.783923 0.498599 0.78711 0.49863 0.789735 0.500034 0.791572 0.501882 0.791812 0.504114 0.791572 0.505898 0.789341 0.506974 0.787179 0.506663 0.784241
4 32 0.439048 0.901488 0.408184 0.941618 0.364383 1 0.353656 1 0.402821 0.929326 0.430739 0.893099
3 32 0.490888 0.828708 0.472283 0.854751 0.449274 0.888705 0.439048 0.901488 0.430739 0.893099 0.484287 0.822726 0.486597 0.826439
1 32 0.497818 0.765385 0.501864 0.758351 0.508285 0.753608 0.516749 0.751419 0.522117 0.751715 0.526963 0.753973 0.533967 0.761269 0.536594 0.768565 0.537469 0.775861 0.536302 0.784252 0.530998 0.795721 0.51927 0.786011 0.503429 0.772398
0 7 0.783888 0.219384 0.787082 0.221666 0.790276 0.22178 0.79201 0.221324 0.793562 0.220411 0.793927 0.219156 0.794201 0.215962 0.794383 0.211855 0.793562 0.210029 0.791372 0.208204 0.788907 0.206151 0.785987 0.206151 0.784527 0.207405 0.783157 0.209915 0.781971 0.213224 0.782884 0.217445 0.783888 0.219384 0.770928 0.234672 0.768372 0.233417 0.76463 0.233417 0.762896 0.23296 0.759976 0.233074 0.758607 0.235812 0.761436 0.239121 0.76965 0.241517 0.773209 0.240262 0.773301 0.239007 0.772388 0.237181 0.770928 0.234672
1 1 0.274514 0.933334 0.280976 0.93468 0.285088 0.937495 0.287927 0.942757 0.289787 0.950345 0.289787 0.955607 0.289787 0.961848 0.289395 0.968456 0.286556 0.975921 0.284305 0.981306 0.281857 0.98412 0.278235 0.984977 0.271577 0.984488 0.268053 0.978246 0.268347 0.967233 0.269228 0.962827 0.270305 0.955117 0.272361 0.948264 0.272948 0.943002 0.273438 0.937495
0 1 0.272067 0.958544 0.270403 0.962582 0.269326 0.967844 0.269717 0.973841 0.271969 0.978491 0.275689 0.982162 0.278235 0.980694 0.278528 0.979103 0.276472 0.976656 0.275004 0.972984 0.275396 0.966376 0.274906 0.960379 0.273535 0.959033
2 1 0.274417 0.933334 0.269717 0.933946 0.264431 0.937128 0.257675 0.940922 0.25141 0.945939 0.245634 0.951691 0.241424 0.957687 0.237704 0.963439 0.23692 0.969068 0.23692 0.974086 0.237312 0.978124 0.238095 0.980939 0.238976 0.985222 0.241326 0.991585 0.243284 0.994278 0.246711 0.998316 0.248665 0.999023 0.260515 0.999023 0.270403 0.997337 0.275885 0.991218 0.282444 0.983998 0.278333 0.985099 0.271773 0.984732 0.268347 0.979103 0.268836 0.967722 0.269228 0.962827 0.270403 0.954383 0.27285 0.948631 0.27285 0.94288 0.273927 0.93774
