4 7 0.106146 0.652733 0.108897 0.657341 0.096277 0.667386 0.081781 0.676259 0.066242 0.683515 0.034053 0.695388 0 0.706602 0 0.698686 0.035636 0.687473 0.069936 0.674281 0.082483 0.668344 0.093155 0.661601
3 7 0.120642 0.640834 0.158451 0.609221 0.15925 0.613467 0.161696 0.616524 0.151977 0.624706 0.108897 0.657341 0.106146 0.652733
1 7 0.17983 0.570592 0.189873 0.58245 0.193138 0.587552 0.196403 0.593675 0.200893 0.602859 0.204632 0.610169 0.209484 0.604556 0.21226 0.597232 0.212834 0.59258 0.21226 0.58721 0.211611 0.58275 0.210101 0.577573 0.208198 0.573911 0.204859 0.570249 0.200233 0.566779 0.196038 0.566241 0.190981 0.566779 0.184814 0.567936
2 7 0.17983 0.570592 0.171387 0.577848 0.165449 0.586479 0.161361 0.594338 0.158194 0.604233 0.158381 0.60885 0.15925 0.613467 0.163471 0.618744 0.169276 0.622042 0.176664 0.624021 0.184185 0.622098 0.189856 0.619404 0.204632 0.610169 0.200893 0.602859 0.196403 0.593675 0.193138 0.587552 0.189873 0.58245
4 14 0.097503 0.266883 0.097131 0.273394 0.056202 0.274739 0.028071 0.274739 0.010723 0.274153 0 0.272981 0 0.267121 0.022913 0.268293 0.072143 0.267121 0.08996 0.266535
3 14 0.097131 0.273394 0.097503 0.266883 0.110064 0.266952 0.121881 0.267952 0.136363 0.272478 0.147828 0.275495 0.16231 0.275495 0.175995 0.274943 0.176357 0.281832 0.176568 0.281954 0.153311 0.283625 0.141405 0.28223 0.128011 0.278044 0.119454 0.274789
1 14 0.216018 0.257197 0.21802 0.265537 0.21802 0.27221 0.21802 0.283887 0.21802 0.293062 0.217353 0.309743 0.226694 0.313914 0.236342 0.314892 0.241315 0.310936 0.244027 0.304155 0.245383 0.293984 0.242671 0.282683 0.237246 0.271947 0.229561 0.264601
2 14 0.216018 0.257197 0.208678 0.257197 0.186659 0.267246 0.179319 0.270542 0.175983 0.274712 0.176357 0.281832 0.182053 0.285128 0.19867 0.2989 0.213349 0.308909 0.217353 0.309743 0.21802 0.293062 0.21802 0.283887 0.21802 0.27221 0.21802 0.265537
4 24 0 0.302682 0.042339 0.295649 0.084067 0.2851 0.16893 0.264002 0.240665 0.242904 0.261763 0.239387 0.280629 0.23552 0.280629 0.242547 0.237542 0.250091 0.213363 0.257197 0.208678 0.257197 0.200832 0.260778 0.168936 0.269477 0.12217 0.281703 0.069533 0.295649 0.045153 0.302096 0 0.309715
3 24 0.280629 0.23552 0.288359 0.234203 0.300655 0.232446 0.350495 0.224339 0.350073 0.224625 0.349535 0.229987 0.349938 0.233528 0.351042 0.234514 0.325248 0.237277 0.280629 0.242547
1 24 0.386484 0.204883 0.387188 0.216016 0.387656 0.228418 0.388203 0.238477 0.388984 0.251074 0.388984 0.258398 0.402108 0.260119 0.411225 0.25822 0.41781 0.253788 0.420849 0.243658 0.421862 0.230996 0.420342 0.219599 0.414771 0.208836 0.407173 0.203771 0.394511 0.203771
2 24 0.379822 0.206937 0.362229 0.216395 0.350073 0.224625 0.349535 0.229987 0.349938 0.233528 0.353484 0.236694 0.364627 0.245558 0.373237 0.251256 0.38125 0.25459 0.389219 0.258691 0.389062 0.25166 0.388203 0.238867 0.387578 0.230273 0.387422 0.21709 0.386484 0.204785
4 32 0.623521 0.429632 0.62938 0.425778 0.643929 0.448578 0.659401 0.480225 0.671123 0.506598 0.683782 0.541762 0.691752 0.563446 0.703926 0.600865 0.709014 0.616221 0.718065 0.63206 0.734961 0.654688 0.778407 0.699945 0.820044 0.738413 0.866507 0.776126 0.894265 0.797246 0.915384 0.810069 0.928056 0.814594 0.939521 0.813086 0.946159 0.809314 0.94978 0.794983 0.94978 0.781406 0.943142 0.768584 0.921419 0.750481 0.891247 0.724082 0.875558 0.70975 0.870731 0.705225 0.871938 0.699945 0.873748 0.698436 0.923229 0.74143 0.944952 0.761041 0.952797 0.771601 0.954909 0.776126 0.957021 0.784826 0.95521 0.797246 0.952193 0.807806 0.947366 0.816857 0.938918 0.820629 0.931073 0.821383 0.924584 0.820539 0.911928 0.816175 0.879197 0.7949 0.826828 0.753441 0.789733 0.721802 0.760493 0.69289 0.732126 0.665614 0.717288 0.649794 0.705068 0.632883 0.697649 0.614881 0.68315 0.569722 0.671056 0.53301 0.658387 0.498458 0.646247 0.470326 0.631321 0.44231
3 32 0.578212 0.368658 0.581214 0.367976 0.583453 0.364128 0.606251 0.392626 0.621928 0.414374 0.62938 0.425778 0.623521 0.429632 0.605326 0.404191 0.587748 0.381833
0 32 0.551994 0.316881 0.553842 0.316496 0.555382 0.316688 0.557231 0.318036 0.558001 0.320346 0.557847 0.322849 0.556793 0.324759 0.55492 0.326314 0.553072 0.326699 0.550926 0.326122 0.549841 0.324594 0.549376 0.322079 0.54953 0.319961 0.550608 0.317843
1 32 0.546484 0.340332 0.550156 0.33584 0.557188 0.328906 0.562969 0.324609 0.569766 0.319141 0.576048 0.3132 0.564658 0.301072 0.556644 0.297381 0.548629 0.297381 0.541458 0.301072 0.538084 0.306345 0.536818 0.312672 0.536396 0.317945 0.53724 0.324272 0.540193 0.333236 0.543906 0.342871
2 32 0.576172 0.313477 0.582661 0.323336 0.586187 0.335767 0.585735 0.352154 0.58483 0.36176 0.581214 0.367976 0.576241 0.369106 0.564036 0.363455 0.554091 0.356675 0.550926 0.352154 0.543594 0.342676 0.55 0.33623 0.557188 0.329297 0.562734 0.324512 0.569688 0.319336
4 39 0.877832 0.195092 0.877205 0.204267 0.939373 0.209604 0.976412 0.212534 1 0.214292 1 0.206087 0.947343 0.201985 0.897176 0.197296
3 39 0.803896 0.214731 0.815227 0.207352 0.826865 0.20099 0.841851 0.196488 0.856787 0.193845 0.877832 0.195092 0.877205 0.204267 0.852207 0.203828 0.838562 0.206324 0.828578 0.210484 0.816265 0.216724 0.809609 0.2213 0.808441 0.222322 0.808467 0.22207 0.804714 0.215186
1 39 0.766714 0.216562 0.77167 0.230331 0.779931 0.245476 0.785439 0.255802 0.789294 0.260621 0.7937 0.262686 0.787091 0.26957 0.777178 0.277831 0.766714 0.280585 0.759004 0.279896 0.750192 0.273701 0.746887 0.267505 0.744684 0.259244 0.745786 0.246164 0.746694 0.240313 0.74909 0.234461 0.755699 0.2262
2 39 0.766714 0.216562 0.776627 0.211055 0.788743 0.209678 0.799758 0.212432 0.804714 0.215186 0.808467 0.22207 0.807064 0.235718 0.805214 0.243071 0.803062 0.248918 0.799207 0.255802 0.7937 0.262686 0.789294 0.260621 0.785439 0.255802 0.779931 0.245476 0.77167 0.230331
0 24 0.410781 0.243945 0.408828 0.24375 0.407734 0.244727 0.406797 0.245117 0.405312 0.248438 0.405938 0.25127 0.406797 0.252637 0.410078 0.251855 0.411484 0.249414 0.411719 0.247754 0.411562 0.245605 0.410781 0.243945 0.416328 0.226758 0.417344 0.226562 0.418906 0.226562 0.420391 0.227637 0.410177 0.219143 0.410988 0.216101 0.409365 0.21316 0.406688 0.213059 0.405147 0.215391 0.405552 0.218129 0.407337 0.219651 0.410177 0.219143 0.420391 0.227637 0.420859 0.231152 0.420547 0.234375 0.418594 0.235547 0.416016 0.234863 0.414219 0.232617 0.413359 0.229687 0.414687 0.227539 0.416328 0.226758
0 14 0.230625 0.300586 0.229063 0.302539 0.229375 0.305957 0.231406 0.308984 0.235 0.308789 0.236016 0.307031 0.236094 0.302832 0.234609 0.300391 0.232422 0.300391
0 7 0.199453 0.591699 0.198359 0.596289 0.200078 0.6 0.201563 0.601855 0.206094 0.602441 0.209531 0.599219 0.209844 0.59541 0.208594 0.591602 0.206406 0.59082 0.203281 0.590918 0.199453 0.591699 0.192891 0.580078 0.194375 0.578027 0.195938 0.573438 0.193984 0.569434 0.192109 0.568066 0.188984 0.569043 0.187031 0.570801 0.186563 0.574414 0.187812 0.577637 0.189609 0.579297 0.192891 0.580078
