2 6 0.824295 0.169637 0.818375 0.173449 0.826655 0.182826 0.837455 0.191128 0.848498 0.194795 0.855636 0.194911 0.863104 0.193375 0.866546 0.189883 0.869988 0.186392 0.872455 0.180256 0.874922 0.17412 0.876702 0.158532 0.873082 0.142573 0.868191 0.133354 0.86229 0.136427 0.854423 0.143188 0.835739 0.164085
4 6 0.92829 0.224035 0.970506 0.236245 1 0.242178 1 0.230589 0.962322 0.223091 0.929167 0.215266
3 6 0.866546 0.189883 0.881229 0.203238 0.919228 0.220747 0.92829 0.224035 0.929167 0.215266 0.900229 0.202478 0.885321 0.193709 0.872455 0.180256 0.869988 0.186392
1 6 0.824295 0.169525 0.818532 0.173496 0.814595 0.160777 0.814258 0.151325 0.817065 0.141873 0.824032 0.129041 0.829898 0.123377 0.835764 0.120333 0.842731 0.118336 0.849697 0.118958 0.859596 0.123541 0.868191 0.133354 0.86229 0.136427 0.854423 0.143188 0.835739 0.164085
2 13 0.580196 0.44835 0.588687 0.449676 0.606887 0.45084 0.621236 0.447907 0.626543 0.443264 0.63185 0.43862 0.635189 0.432553 0.637086 0.424363 0.63468 0.416509 0.625128 0.407664 0.608223 0.398971 0.596349 0.396911 0.580904 0.396608 0.58338 0.406337 0.584128 0.422407 0.582319 0.439063
4 13 0.718082 0.440765 0.754117 0.447043 0.786113 0.452759 0.844658 0.465329 0.886567 0.48411 0.914243 0.493994 0.928477 0.495971 0.94271 0.495971 0.953781 0.491523 0.959711 0.483616 0.958525 0.469283 0.953991 0.460684 0.945873 0.455445 0.918816 0.443683 0.88459 0.438642 0.815869 0.432125 0.762815 0.425298 0.762024 0.429746 0.851774 0.444078 0.892102 0.449514 0.934407 0.460387 0.945478 0.464835 0.949827 0.471754 0.949827 0.476696 0.945083 0.481144 0.933617 0.483616 0.917406 0.482133 0.8278 0.450009 0.749768 0.436171 0.71767 0.429449
3 13 0.634576 0.433914 0.65554 0.431778 0.718082 0.440765 0.71767 0.429449 0.675412 0.424844 0.635334 0.419075 0.637086 0.424363
1 13 0.571798 0.402219 0.566841 0.40869 0.564364 0.417977 0.56401 0.426822 0.566841 0.436551 0.573249 0.443123 0.580196 0.44835 0.582319 0.439063 0.584128 0.422928 0.58338 0.406337 0.580904 0.396608 0.575639 0.398523
2 24 0.566391 0.850269 0.569761 0.862185 0.574824 0.870434 0.583257 0.877309 0.590223 0.879601 0.597264 0.878956 0.60372 0.875389 0.609586 0.868056 0.612673 0.857788 0.613431 0.846971 0.612435 0.836154 0.601223 0.835145 0.588023 0.835145 0.575191 0.840186 0.566025 0.842936
4 24 0.595728 0.950589 0.602142 1 0.610057 1 0.602652 0.948708
3 24 0.588805 0.879848 0.592718 0.914842 0.595728 0.950589 0.602652 0.948708 0.601193 0.9133 0.600587 0.877241 0.597264 0.878956
1 24 0.566025 0.842936 0.56764 0.830466 0.571742 0.81893 0.57892 0.809957 0.588149 0.80483 0.597719 0.805685 0.603872 0.810384 0.610024 0.821066 0.612435 0.836154 0.601223 0.835145 0.588023 0.835145 0.575191 0.840186
2 25 0.125535 0.672136 0.138523 0.658464 0.149803 0.649491 0.160007 0.645737 0.167948 0.646073 0.173573 0.648637 0.178173 0.656754 0.17852 0.664329 0.177831 0.671281 0.17202 0.686663 0.165526 0.696917 0.160399 0.702471 0.152196 0.688799 0.140232 0.680681 0.123142 0.675554
4 25 0.219903 0.548345 0.228102 0.54069 0.24432 0.527926 0.264482 0.517737 0.263624 0.508621 0.243033 0.516665 0.226649 0.528119 0.210858 0.543477 0.207427 0.559027 0.208235 0.567875 0.212145 0.576723 0.234453 0.591202 0.249137 0.596229 0.274349 0.60015 0.294082 0.593883 0.318598 0.573338 0.338697 0.548303 0.354141 0.528462 0.372587 0.513447 0.379451 0.51023 0.37988 0.498969 0.364008 0.504331 0.340534 0.530773 0.31435 0.564926 0.296989 0.57969 0.283358 0.586375 0.27052 0.589652 0.248463 0.586628 0.231244 0.580402 0.222412 0.572315 0.217125 0.562865 0.219903 0.548345 0.221288 0.550406 0.243097 0.501027 0.254587 0.480966 0.267376 0.470679 0.285839 0.463925 0.306056 0.459363 0.334038 0.45782 0.347617 0.45782 0.361 0.458242 0.375599 0.458334 0.379522 0.458243 0.383623 0.465506 0.37166 0.467215 0.337821 0.46807 0.306033 0.471488 0.277663 0.47747 0.261544 0.489742 0.247584 0.518914 0.220298 0.585444 0.211267 0.579799 0.221288 0.550406
3 25 0.178173 0.656754 0.193206 0.636241 0.220298 0.585444 0.211267 0.579799 0.173573 0.648637
1 25 0.123142 0.675554 0.118238 0.686402 0.116495 0.693561 0.116495 0.703834 0.119483 0.710993 0.124464 0.715662 0.132183 0.720331 0.141895 0.72002 0.15086 0.716285 0.157086 0.710059 0.160399 0.702471 0.152196 0.688799 0.140232 0.680681
2 31 0.375336 0.445764 0.378379 0.440533 0.383075 0.436003 0.38713 0.433874 0.39237 0.431805 0.400229 0.430674 0.407199 0.432699 0.406151 0.439567 0.407295 0.443386 0.406915 0.456702 0.402729 0.479055 0.39037 0.477388 0.385638 0.471007 0.383623 0.465506 0.379522 0.458243 0.376233 0.452722
4 31 0.299921 0.450594 0.224812 0.46988 0.128795 0.487165 0.0816964 0.484096 0 0.454799 0.000223214 0.444475 0.0803571 0.473772 0.129464 0.476562 0.214337 0.459808 0.298446 0.439531
3 31 0.376233 0.452722 0.332802 0.445364 0.299921 0.450594 0.298446 0.439531 0.33139 0.435843 0.357941 0.437687 0.378379 0.440533 0.375336 0.445764
1 31 0.407199 0.432699 0.416408 0.433332 0.429706 0.436013 0.435712 0.439767 0.439573 0.446738 0.441289 0.457999 0.438715 0.467115 0.429277 0.47784 0.423271 0.480521 0.402729 0.479055 0.406915 0.456702 0.407295 0.443386 0.406151 0.439567
4 39 0.331731 0.43786 0.310123 0.398092 0.283028 0.33228 0.261348 0.242132 0.252909 0.161646 0.254981 0.0779653 0.25932 0.038699 0.268446 0 0.281121 0 0.270521 0.0351243 0.265838 0.0707808 0.265404 0.138831 0.266689 0.189991 0.275544 0.245934 0.295317 0.330856 0.337845 0.432748
2 39 0.38365 0.485228 0.381433 0.491324 0.37988 0.498969 0.379451 0.51023 0.381433 0.518202 0.386088 0.526515 0.388437 0.530273 0.408359 0.522461 0.423438 0.516602 0.420145 0.506467 0.417122 0.499083 0.412452 0.489404 0.40881 0.486059 0.40493 0.483011 0.400877 0.481388 0.395842 0.480518 0.392073 0.480656 0.387418 0.481903
3 39 0.383525 0.485503 0.354853 0.462309 0.331731 0.43786 0.337845 0.432748 0.360838 0.45455 0.387418 0.481903
1 39 0.387969 0.530664 0.390395 0.533155 0.395921 0.540408 0.402276 0.544898 0.410013 0.547315 0.416644 0.545589 0.422999 0.539372 0.424518 0.535186 0.425066 0.530392 0.424795 0.523961 0.423551 0.516923 0.416172 0.519922 0.402734 0.524805 0.392578 0.528516
0 13 0.574531 0.415625 0.573438 0.418164 0.572969 0.420703 0.573594 0.424805 0.576562 0.426074 0.578437 0.425879 0.580703 0.42168 0.580859 0.41875 0.579609 0.414941 0.577734 0.41377 0.576562 0.41377 0.575234 0.414551
0 6 0.841094 0.147266 0.840391 0.15 0.840703 0.152637 0.842344 0.15498 0.84625 0.154297 0.848281 0.151563 0.848516 0.148047 0.847109 0.145508 0.844531 0.144531 0.842734 0.14502 0.841562 0.146289
0 24 0.589844 0.821484 0.588281 0.82373 0.589375 0.827539 0.594531 0.828125 0.597656 0.827148 0.597656 0.823633 0.595547 0.821387 0.59375 0.820703 0.591172 0.820801
0 31 0.426094 0.449023 0.425156 0.452148 0.425625 0.455469 0.426953 0.456934 0.429609 0.456934 0.430156 0.454004 0.430234 0.451074 0.428516 0.449023 0.427031 0.448438
0 39 0.403125 0.527051 0.401406 0.529785 0.401953 0.532324 0.402813 0.535156 0.405781 0.535645 0.408125 0.534473 0.408203 0.531055 0.407266 0.527344 0.404766 0.526367
