2 7 0.0911719 0.58125 0.094878 0.578712 0.102751 0.575098 0.110399 0.571903 0.118026 0.570541 0.124364 0.570095 0.130556 0.571222 0.135469 0.577128 0.137282 0.586648 0.137493 0.59778 0.135459 0.61208 0.130556 0.621614 0.122929 0.614123 0.106953 0.60498 0.098125 0.591016
4 7 0.212255 0.553976 0.277769 0.525194 0.360576 0.488421 0.429763 0.462544 0.47389 0.434624 0.52031 0.40268 0.535698 0.387937 0.553973 0.363802 0.575765 0.322263 0.592108 0.293661 0.583937 0.282766 0.559421 0.327029 0.545257 0.355631 0.534361 0.374017 0.516928 0.391722 0.421591 0.453691 0.305008 0.497274 0.209546 0.543816
3 7 0.137282 0.586648 0.164693 0.579186 0.205933 0.556986 0.212255 0.553976 0.209546 0.543816 0.188173 0.555481 0.16981 0.563382 0.160479 0.564888 0.149943 0.566016 0.140098 0.566843 0.130556 0.571222 0.135469 0.577128
0 7 0.114435 0.614151 0.112008 0.616152 0.110727 0.618953 0.110727 0.622554 0.111895 0.624836 0.114569 0.625355 0.117129 0.623977 0.11905 0.622154 0.120971 0.620153 0.121291 0.616552 0.120971 0.614551 0.11969 0.613351 0.11777 0.612551
1 7 0.0910156 0.580859 0.087655 0.58507 0.083366 0.594102 0.081309 0.603875 0.082132 0.619307 0.088304 0.630108 0.094888 0.635252 0.102295 0.636795 0.112583 0.635766 0.124105 0.630108 0.130556 0.621614 0.122929 0.614123 0.107031 0.604883 0.0983594 0.591406
2 15 0.425467 0.548224 0.43377 0.544764 0.443612 0.54362 0.450375 0.544764 0.457097 0.551189 0.460904 0.559591 0.463547 0.572441 0.463735 0.583313 0.460572 0.592157 0.456972 0.597984 0.451957 0.601599 0.439305 0.605553 0.435746 0.596657 0.431793 0.5759 0.427048 0.555143
4 15 0.548883 0.564912 0.60999 0.571692 0.688386 0.582599 0.753104 0.58252 0.812393 0.573665 0.835428 0.565746 0.856735 0.546311 0.891009 0.492464 0.90596 0.454273 0.910185 0.426239 0.911811 0.390079 0.90531 0.351075 0.895559 0.353513 0.90141 0.387641 0.90067 0.416894 0.897688 0.445853 0.885551 0.478695 0.856248 0.528816 0.843075 0.544277 0.829903 0.55422 0.80325 0.563158 0.753446 0.569354 0.688352 0.569178 0.608231 0.558283 0.549203 0.553708
3 15 0.463547 0.572441 0.485179 0.566112 0.516391 0.562711 0.548883 0.564912 0.549203 0.553708 0.51463 0.552507 0.481657 0.554908 0.460904 0.559591
1 15 0.425467 0.548224 0.417096 0.552006 0.408043 0.559721 0.403928 0.566922 0.40187 0.577724 0.403516 0.58904 0.40722 0.597785 0.414215 0.606015 0.420799 0.61013 0.427383 0.61013 0.439305 0.605553 0.435746 0.596657 0.431793 0.5759 0.427048 0.555143
2 22 0.885525 0.767794 0.88607 0.785499 0.888249 0.796395 0.892608 0.803886 0.901324 0.808653 0.905682 0.809334 0.913309 0.810015 0.91794 0.807291 0.921481 0.803205 0.925839 0.795033 0.926929 0.785499 0.926929 0.77188 0.913309 0.771199 0.901324 0.767794 0.885525 0.760984
4 22 0.910509 0.891512 0.917927 1 0.926835 0.999241 0.917473 0.891036
3 22 0.905682 0.809334 0.908138 0.857269 0.910509 0.891512 0.917473 0.891036 0.913309 0.810015
1 22 0.885525 0.760984 0.886615 0.749407 0.893494 0.735788 0.901324 0.731702 0.905955 0.731143 0.910585 0.733064 0.915332 0.735375 0.918757 0.738512 0.92366 0.744641 0.925839 0.756217 0.926929 0.77188 0.913309 0.771199 0.901324 0.767794
2 31 0.799382 0.603644 0.801035 0.595792 0.805994 0.585873 0.810953 0.578021 0.817896 0.572649 0.823847 0.570169 0.831723 0.571298 0.83641 0.575955 0.840708 0.585047 0.845998 0.60447 0.845781 0.612598 0.82875 0.611816 0.819688 0.610742 0.805664 0.60571
4 31 0.808439 0.480155 0.78683 0.36271 0.773477 0.247637 0.774505 0.213014 0.777463 0.178392 0.79119 0.125897 0.809072 0.078067 0.829763 0.040784 0.853387 0 0.869368 0 0.8451 0.035702 0.817256 0.092027 0.797106 0.14935 0.786044 0.199725 0.783596 0.2483 0.795022 0.352585 0.816374 0.477262
3 31 0.83641 0.575955 0.827945 0.530159 0.816374 0.477262 0.808439 0.480155 0.812737 0.502058 0.81968 0.541731 0.823847 0.570169 0.831723 0.571298
1 31 0.799382 0.603644 0.796965 0.613822 0.796965 0.630112 0.799137 0.64485 0.806273 0.656873 0.812789 0.662303 0.822718 0.664242 0.832337 0.661139 0.836215 0.65782 0.840094 0.652995 0.843178 0.645785 0.845058 0.636317 0.846054 0.618065 0.846094 0.612793 0.828828 0.612109 0.819766 0.610742 0.805664 0.60571
2 38 0.923601 0.174905 0.932084 0.182034 0.9468 0.188932 0.958022 0.188984 0.966422 0.184333 0.969937 0.179339 0.973452 0.173268 0.974261 0.167226 0.974208 0.161183 0.97108 0.151913 0.961516 0.138346 0.951706 0.127615 0.9468 0.132214 0.940056 0.141412 0.934537 0.152908 0.925953 0.166705
4 38 0.986857 0.276203 0.992306 0.286844 1 0.293296 1 0.274475 0.995736 0.26942
3 38 0.962193 0.186179 0.971743 0.227491 0.986857 0.276203 0.995736 0.26942 0.986364 0.24044 0.980508 0.217855 0.975512 0.194195 0.969937 0.179339 0.966422 0.184333
1 38 0.923601 0.174905 0.915592 0.162141 0.91273 0.153072 0.911443 0.142692 0.91248 0.133616 0.916677 0.125717 0.92407 0.119234 0.929437 0.118314 0.938152 0.117652 0.94298 0.120213 0.951706 0.127615 0.9468 0.132214 0.940056 0.141412 0.934537 0.152908 0.925953 0.166705
0 15 0.415625 0.584473 0.418906 0.591602 0.4225 0.594238 0.424687 0.593848 0.426484 0.591602 0.424766 0.589063 0.420703 0.585938 0.419688 0.582031 0.418203 0.578809 0.415703 0.578711 0.415469 0.58125
0 31 0.818047 0.642969 0.816719 0.644238 0.816641 0.647363 0.818828 0.649414 0.821641 0.648535 0.821641 0.645605 0.820078 0.643066
0 22 0.909375 0.752539 0.910781 0.750293 0.911172 0.747656 0.909766 0.743945 0.907813 0.74248 0.905703 0.742383 0.903672 0.743457 0.902656 0.744727 0.901328 0.748535 0.901953 0.752246 0.904141 0.754102 0.907422 0.754395 0.909375 0.752539 0.915156 0.759961 0.914453 0.76084 0.913984 0.761914 0.913516 0.763281 0.913672 0.766895 0.915625 0.767871 0.918281 0.766699 0.919063 0.763672 0.918359 0.760156 0.916641 0.759277 0.915156 0.759961
0 38 0.923281 0.139844 0.922344 0.143164 0.923359 0.146289 0.925625 0.14707 0.928125 0.145313 0.927891 0.141992 0.926641 0.139063 0.924766 0.139063
