4 6 0.382985 0.6628 0.319765 0.614977 0.288782 0.591089 0.219529 0.520227 0.184037 0.464752 0.100118 0.278087 0.066341 0.165899 0.073978 0.165104 0.108341 0.275672 0.154796 0.377491 0.194887 0.464991 0.229251 0.517491 0.299251 0.586696 0.386055 0.656263
3 6 0.42643 0.697896 0.392338 0.663422 0.386055 0.656263 0.382985 0.6628 0.42205 0.703298
1 6 0.436871 0.749655 0.443594 0.756289 0.45244 0.757616 0.455624 0.756732 0.461639 0.752309 0.465532 0.747886 0.467655 0.741694 0.467655 0.734617 0.465885 0.727098 0.463409 0.720906 0.462347 0.718694 0.459645 0.715792 0.456945 0.719566 0.453983 0.723732 0.447639 0.732676 0.443803 0.737575 0.441135 0.74216 0.437383 0.74685
2 6 0.42205 0.703298 0.420658 0.706386 0.418436 0.716326 0.418066 0.721418 0.418436 0.727435 0.419917 0.732526 0.422139 0.736691 0.42375 0.738574 0.429609 0.744043 0.436641 0.750098 0.4375 0.746973 0.441797 0.741602 0.444609 0.736621 0.44875 0.731348 0.453983 0.723732 0.456945 0.719566 0.459687 0.71543 0.455469 0.710059 0.452578 0.706934 0.449539 0.703367 0.445096 0.700127 0.441052 0.698387 0.4368 0.697241 0.432547 0.697241 0.429796 0.696928 0.42643 0.697896
0 12 0.702328 0.474659 0.701218 0.474659 0.698255 0.475671 0.697885 0.480676 0.699737 0.48947 0.701218 0.490858 0.70418 0.491321 0.707142 0.489933 0.707883 0.48623 0.707883 0.481601 0.707142 0.477899 0.705661 0.475584 0.70455 0.474659 0.70381 0.474659 0.702328 0.474659 0.702736 0.469165 0.70486 0.468103 0.705922 0.463855 0.705285 0.4612 0.70401 0.459873 0.703161 0.459076 0.701887 0.458811 0.700612 0.458811 0.699763 0.458811 0.698701 0.458811 0.697831 0.460453 0.697446 0.463012 0.698276 0.465979 0.700187 0.468899 0.702736 0.469165
4 12 0.597141 0.451867 0.552691 0.444929 0.522551 0.436965 0.473542 0.422263 0.440216 0.40511 0.401583 0.381427 0.360012 0.351395 0.307593 0.305405 0.284948 0.271791 0.271148 0.236849 0.270296 0.190932 0.272917 0.176255 0.266195 0.172717 0.261666 0.191424 0.262591 0.218715 0.264394 0.241557 0.271905 0.26375 0.28424 0.285944 0.29714 0.305405 0.316793 0.324866 0.359607 0.358923 0.405959 0.392537 0.455496 0.421286 0.495126 0.437651 0.527679 0.44517 0.570847 0.455785 0.596457 0.457883
3 12 0.658152 0.460512 0.613303 0.454303 0.597141 0.451867 0.596457 0.457883 0.656964 0.465667
1 12 0.679099 0.499888 0.693723 0.505169 0.701847 0.505169 0.704447 0.504762 0.707697 0.501919 0.712897 0.496638 0.715172 0.490138 0.715822 0.483639 0.715497 0.477139 0.713984 0.467871 0.712266 0.460254 0.706731 0.453578 0.701197 0.450735 0.694373 0.449516 0.692578 0.457715 0.690937 0.467871 0.689609 0.475488 0.688203 0.483691 0.686719 0.488965 0.684063 0.494336 0.681406 0.497266
4 19 0.639179 0.302225 0.6694 0.311254 0.69831 0.323054 0.72899 0.341246 0.766633 0.365671 0.813891 0.399287 0.847051 0.423112 0.877077 0.438452 0.901882 0.444979 0.933997 0.444327 0.999219 0.428871 0.999219 0.435678 0.967717 0.446712 0.940862 0.450937 0.912584 0.452574 0.876828 0.445813 0.840565 0.427019 0.805397 0.401058 0.759643 0.370319 0.714872 0.340647 0.676712 0.321116 0.637864 0.307444
3 19 0.565911 0.305708 0.585437 0.305211 0.610312 0.305484 0.63126 0.306029 0.637864 0.307444 0.639179 0.302225 0.631955 0.300523 0.616646 0.299425 0.592637 0.299425 0.565911 0.301025
1 19 0.523359 0.285547 0.517188 0.287793 0.510938 0.29209 0.504795 0.296356 0.501466 0.299625 0.499089 0.303785 0.4979 0.315078 0.498376 0.320724 0.500278 0.326964 0.502655 0.331422 0.50527 0.334096 0.507891 0.336914 0.512164 0.338554 0.515017 0.339742 0.518821 0.34004 0.523813 0.34004 0.528806 0.338851 0.534987 0.337662 0.537372 0.336614 0.536058 0.334149 0.534062 0.331543 0.531406 0.32627 0.530078 0.321875 0.528594 0.316602 0.527266 0.311426 0.526328 0.306738 0.524922 0.302051 0.524766 0.298438 0.524766 0.293945 0.524219 0.290234
2 19 0.537809 0.285803 0.549362 0.286193 0.554983 0.288535 0.559042 0.290877 0.562477 0.294389 0.564662 0.297512 0.565911 0.301025 0.565911 0.305708 0.565198 0.310392 0.563726 0.315076 0.55873 0.322101 0.555607 0.325614 0.552172 0.328346 0.54625 0.332227 0.537578 0.336621 0.536094 0.334082 0.533984 0.331543 0.531406 0.32627 0.529844 0.32168 0.528672 0.316699 0.527109 0.311328 0.526406 0.306934 0.524531 0.301855 0.524844 0.297949 0.524766 0.293848 0.524141 0.289941 0.523281 0.28584
4 25 0.09681 0.145358 0.066522 0.148678 0.035476 0.151171 0 0.15061 0 0.159584 0.047815 0.157621 0.097901 0.151563
3 25 0.117374 0.140706 0.144868 0.133887 0.157499 0.12647 0.158808 0.131202 0.16018 0.133748 0.145522 0.140433 0.1117 0.149707 0.097901 0.151563 0.09681 0.145358
1 25 0.1791 0.094021 0.182477 0.0920868 0.189266 0.0911078 0.197621 0.0907818 0.20232 0.0911078 0.208848 0.0950248 0.212242 0.0979618 0.21642 0.102205 0.219553 0.107427 0.22112 0.113954 0.221642 0.121787 0.220858 0.127336 0.21877 0.133537 0.214331 0.142675 0.209109 0.146592 0.201409 0.149679 0.195538 0.152163 0.188945 0.152276 0.188945 0.144712 0.187319 0.138277 0.186507 0.130035 0.185152 0.120213 0.18452 0.112423 0.182803 0.10644 0.182262 0.101698
2 25 0.173427 0.096563 0.168827 0.101428 0.163874 0.106736 0.160031 0.111928 0.157935 0.119496 0.157499 0.12647 0.158808 0.131202 0.161668 0.13651 0.16635 0.14035 0.171658 0.145658 0.177836 0.150018 0.183345 0.15205 0.188945 0.152502 0.188945 0.144938 0.1875 0.138615 0.186507 0.13218 0.185694 0.122245 0.184429 0.111746 0.182894 0.10644 0.182442 0.101585 0.1791 0.0941339
4 31 0.180914 0.072856 0.166535 0.065786 0.151967 0.057316 0.138076 0.043341 0.13435 0.035294 0.133672 0.026401 0.133333 0.016661 0.13735 0.011941 0.142087 0.011579 0.146349 0.012911 0.152644 0.01539 0.161453 0.023437 0.195675 0.070298 0.179006 0.0603331 0.158743 0.034024 0.152644 0.025131 0.148579 0.021743 0.144513 0.021743 0.142142 0.023437 0.140448 0.027671 0.141803 0.034447 0.145191 0.038682 0.149257 0.043341 0.16247 0.052234 0.183876 0.064988
3 31 0.240882 0.112182 0.219423 0.095072 0.180914 0.072856 0.183876 0.064988 0.243488 0.101685 0.241461 0.1053
1 31 0.261641 0.152051 0.268897 0.15877 0.275403 0.163538 0.282134 0.16494 0.286845 0.16494 0.292005 0.163818 0.297165 0.161014 0.301427 0.156527 0.302998 0.151479 0.303671 0.141944 0.303447 0.135775 0.300754 0.127081 0.298511 0.121753 0.296492 0.117546 0.292678 0.113901 0.287742 0.110535 0.283594 0.108301 0.280551 0.115801 0.275469 0.125977 0.271797 0.131348 0.269141 0.13584 0.266406 0.14082 0.263906 0.146484 0.262266 0.15
2 31 0.241539 0.105398 0.24096 0.11228 0.241539 0.117709 0.243276 0.123862 0.245882 0.129653 0.248199 0.13472 0.251963 0.139788 0.254922 0.144043 0.261484 0.152246 0.263906 0.146094 0.266328 0.141016 0.26875 0.136133 0.271797 0.131152 0.275469 0.126074 0.280629 0.115899 0.283594 0.108398 0.277891 0.10459 0.27339 0.102507 0.267309 0.100336 0.258333 0.0996117 0.251963 0.0996117 0.245303 0.100336 0.243566 0.101783
2 12 0.694063 0.449512 0.692187 0.458398 0.691016 0.468945 0.689219 0.477246 0.688281 0.484473 0.68625 0.490234 0.683516 0.495605 0.681172 0.497363 0.679141 0.499902 0.672969 0.498437 0.665781 0.490723 0.659375 0.479883 0.656797 0.469336 0.657207 0.46587 0.657969 0.462207 0.660391 0.456543 0.666719 0.450195 0.676094 0.447266 0.689922 0.447852
0 6 0.453047 0.740137 0.451797 0.740332 0.450625 0.741406 0.450078 0.743652 0.450391 0.745605 0.451641 0.746484 0.453437 0.746484 0.454609 0.744922 0.454453 0.742676 0.454219 0.741211 0.453047 0.740137 0.45625 0.732129 0.4575 0.732617 0.458281 0.732422 0.459141 0.730859 0.459375 0.729883 0.459219 0.728223 0.457734 0.727051 0.456172 0.727441 0.455469 0.728809 0.455312 0.731152 0.45625 0.732129
0 19 0.518257 0.304672 0.516801 0.302461 0.513992 0.301291 0.511391 0.302591 0.511183 0.303892 0.510039 0.306492 0.509727 0.311174 0.512015 0.313384 0.51472 0.313774 0.517425 0.312734 0.518257 0.309613 0.518257 0.304672 0.528553 0.293065 0.53157 0.296186 0.534587 0.295536 0.536147 0.293065 0.535939 0.290334 0.535003 0.286823 0.532344 0.285938 0.53001 0.286173 0.527825 0.289424 0.528553 0.293065
