2 6 0.588099 0.229077 0.586999 0.21212 0.586999 0.198829 0.586999 0.19058 0.588477 0.187601 0.591032 0.184622 0.595297 0.182923 0.599024 0.18324 0.607531 0.186913 0.617626 0.19333 0.62403 0.202496 0.622197 0.207995 0.611564 0.22037 0.602764 0.226786 0.594332 0.229536
4 6 0.546634 0.106534 0.527389 0.062239 0.51666 0.027644 0.511393 0 0.519696 0 0.527208 0.033574 0.537488 0.063228 0.556145 0.098924
3 6 0.588477 0.187601 0.561472 0.135544 0.546634 0.106534 0.556145 0.098924 0.573647 0.133642 0.599024 0.18324 0.595297 0.182923 0.591032 0.184622
1 6 0.588099 0.229077 0.592875 0.24414 0.600096 0.257837 0.610058 0.269665 0.617777 0.272778 0.626187 0.272227 0.63247 0.269354 0.63745 0.265619 0.640232 0.259237 0.641684 0.252856 0.64203 0.245852 0.641933 0.238848 0.633784 0.215814 0.62403 0.202496 0.622197 0.207995 0.611564 0.22037 0.602764 0.226786 0.594332 0.229536
2 13 0.578022 0.387793 0.574475 0.372417 0.573173 0.356835 0.576473 0.342169 0.582706 0.337586 0.588572 0.336934 0.593871 0.339122 0.59959 0.342227 0.603605 0.346752 0.609838 0.356377 0.61509 0.364122 0.610571 0.371042 0.604338 0.376084 0.595539 0.383417 0.586372 0.388
4 13 0.537359 0.254882 0.489257 0.151543 0.462089 0.071687 0.45058 0 0.463305 0.000646 0.476426 0.076799 0.499732 0.144492 0.547923 0.246879
3 13 0.576473 0.342169 0.537359 0.254882 0.547923 0.246879 0.588572 0.336934 0.581744 0.338073
1 13 0.578022 0.387793 0.583567 0.403015 0.59187 0.412899 0.601754 0.419324 0.610758 0.422461 0.616985 0.421855 0.620827 0.419432 0.6235 0.414382 0.626448 0.407689 0.627058 0.398073 0.62429 0.382258 0.619517 0.370675 0.61509 0.364122 0.610571 0.371042 0.604338 0.376084 0.595539 0.383417 0.586372 0.388
2 19 0.25625 0.970703 0.256094 0.976465 0.266641 0.979433 0.274212 0.979433 0.282835 0.976321 0.287567 0.970627 0.291457 0.962083 0.291878 0.955248 0.291037 0.948413 0.286831 0.940395 0.282624 0.934743 0.273013 0.9303 0.262074 0.930743 0.25186 0.932264 0.252812 0.943164 0.254219 0.946875 0.256094 0.951562 0.256797 0.95957
4 19 0.352876 0.977522 0.391745 0.98904 0.431487 1 0.444524 1 0.412117 0.985745 0.353572 0.967515
3 19 0.291457 0.962083 0.31598 0.970126 0.352876 0.977522 0.353572 0.967515 0.291252 0.950986 0.291878 0.955248
1 19 0.25186 0.932264 0.247587 0.933385 0.242539 0.938342 0.240376 0.944651 0.239295 0.95141 0.239295 0.959522 0.241458 0.964479 0.243359 0.967969 0.247947 0.973041 0.252344 0.975293 0.255938 0.976465 0.25625 0.970703 0.256875 0.959473 0.255938 0.95127 0.254375 0.946973 0.252734 0.943359
2 25 0.743854 0.601726 0.744127 0.611389 0.745221 0.623088 0.747422 0.633301 0.75372 0.643222 0.761875 0.650586 0.768516 0.637207 0.776662 0.61875 0.783812 0.600874 0.775754 0.592794 0.767829 0.589833 0.759302 0.589116 0.748901 0.59141 0.745957 0.593513
4 25 0.690196 0.555144 0.64335 0.523996 0.575913 0.469986 0.522396 0.41373 0.488385 0.373196 0.482328 0.365625 0.473747 0.366887 0.468699 0.371934 0.465671 0.376351 0.466175 0.384554 0.470718 0.386446 0.474252 0.387708 0.479804 0.384554 0.481823 0.379506 0.483842 0.370672 0.491309 0.380981 0.489146 0.391797 0.483017 0.398106 0.474365 0.402612 0.464271 0.397655 0.458503 0.391346 0.453816 0.380981 0.453456 0.371969 0.458863 0.361604 0.470039 0.353943 0.478691 0.35169 0.487163 0.355445 0.494374 0.363406 0.573145 0.451281 0.641281 0.508512 0.694373 0.544702
3 25 0.743854 0.601726 0.722915 0.579127 0.690196 0.555144 0.694373 0.544702 0.717209 0.559667 0.734612 0.574289 0.748901 0.59141 0.745957 0.593513
1 25 0.761797 0.650586 0.769178 0.65526 0.783059 0.659992 0.787405 0.659349 0.79063 0.656837 0.79334 0.655084 0.795677 0.650528 0.79736 0.639487 0.796098 0.626868 0.791892 0.614775 0.783812 0.600874 0.776662 0.61875 0.768516 0.636914
0 13 0.608359 0.376172 0.607812 0.378809 0.609453 0.382129 0.61125 0.382715 0.613281 0.382031 0.613672 0.380566 0.613906 0.377246 0.6125 0.374805 0.610781 0.374023 0.609141 0.374414
0 25 0.775156 0.631543 0.773047 0.6375 0.773984 0.641895 0.776172 0.642871 0.779141 0.642285 0.780391 0.63916 0.781719 0.634277 0.780859 0.631152 0.778281 0.630273 0.776484 0.62998
0 19 0.251563 0.951855 0.250078 0.953613 0.249844 0.956738 0.250156 0.958789 0.252422 0.960645 0.254609 0.960352 0.255938 0.957129 0.256016 0.954199 0.254453 0.952246 0.253203 0.95166
2 1 0.278763 0.299292 0.276515 0.312114 0.276234 0.318612 0.279606 0.326692 0.283259 0.329853 0.293236 0.332664 0.301385 0.331785 0.308692 0.322652 0.314734 0.314924 0.322603 0.304385 0.326397 0.297008 0.325413 0.287875 0.323165 0.281903 0.316982 0.277512 0.311221 0.275053 0.304758 0.276283 0.296749 0.280674 0.291971 0.284362 0.283119 0.291915
0 1 0.309688 0.287695 0.308359 0.291113 0.311094 0.293359 0.312891 0.29248 0.31375 0.291211 0.31375 0.288965 0.312031 0.2875 0.310703 0.2875
4 1 0.27351 0.319421 0.26032 0.327393 0.253798 0.3408 0.248 0.350946 0.24858 0.364535 0.257566 0.37305 0.269886 0.372326 0.279598 0.366166 0.291338 0.354751 0.294962 0.337901 0.294962 0.332466 0.288584 0.331379 0.284816 0.3408 0.279018 0.351671 0.269452 0.3591 0.258871 0.359462 0.255392 0.35457 0.259305 0.343699 0.267132 0.335909 0.274525 0.328661 0.278873 0.326487 0.276409 0.319059
