4 6 0.78831 0.150503 0.787915 0.158905 0.807653 0.157064 0.829566 0.15402 0.846122 0.14976 0.863166 0.138803 0.874365 0.12663 0.885078 0.111412 0.891409 0.097413 0.896765 0.082804 0.901635 0.054804 0.902122 0.034109 0.899687 0.007327 0.898226 0 0.892383 0 0.894818 0.018283 0.895791 0.032892 0.894331 0.056631 0.891896 0.072456 0.885565 0.091934 0.877287 0.10776 0.870957 0.116891 0.85927 0.131499 0.850992 0.138803 0.838331 0.143673 0.813983 0.148542 0.803757 0.14976
3 6 0.710349 0.154759 0.711617 0.147891 0.711393 0.146772 0.722678 0.149515 0.771309 0.149515 0.78831 0.150503 0.787915 0.158905 0.755494 0.157422 0.721887 0.157422 0.717103 0.156839
1 6 0.672578 0.168359 0.673122 0.159287 0.673359 0.149414 0.672891 0.139355 0.6725 0.129785 0.672187 0.120313 0.672616 0.114335 0.661473 0.113069 0.651849 0.114335 0.644251 0.120034 0.641212 0.128897 0.640706 0.14156 0.644758 0.149791 0.650329 0.158021 0.660966 0.163719 0.66907 0.166885
2 6 0.672266 0.120605 0.6725 0.114062 0.685278 0.1213 0.696422 0.127631 0.705539 0.133962 0.710097 0.140294 0.711617 0.147891 0.710097 0.156122 0.705539 0.162453 0.697941 0.167518 0.691356 0.170051 0.681226 0.170051 0.672578 0.168164 0.673122 0.159287 0.673438 0.149414 0.672891 0.13916 0.672578 0.129395
4 13 0.75074 0.227473 0.748822 0.235883 0.786583 0.244524 0.85329 0.256809 0.897176 0.261257 0.939877 0.262245 1 0.262056 1 0.252821 0.93192 0.253481 0.880206 0.250842 0.832713 0.244246 0.787859 0.235671
3 13 0.684515 0.205028 0.685105 0.203922 0.685182 0.203776 0.685999 0.197144 0.685846 0.196653 0.705877 0.20492 0.72511 0.214669 0.742837 0.223798 0.75074 0.227473 0.748822 0.235883 0.73738 0.230774 0.726842 0.224534 0.695323 0.209539
1 13 0.651097 0.175551 0.65093 0.186425 0.650428 0.193221 0.650846 0.199913 0.651767 0.209637 0.651304 0.217042 0.650896 0.226736 0.640692 0.224185 0.630079 0.216531 0.620691 0.205817 0.617018 0.197144 0.617834 0.184898 0.621099 0.176225 0.62763 0.169082 0.633345 0.166021 0.6411 0.16347 0.651516 0.163945
2 13 0.651014 0.17576 0.651432 0.16405 0.66559 0.169592 0.672937 0.173073 0.67906 0.179796 0.683141 0.18796 0.685999 0.197144 0.685182 0.203776 0.681917 0.209899 0.665998 0.222144 0.659467 0.225205 0.653345 0.226736 0.650896 0.226736 0.651304 0.217042 0.651767 0.209741 0.651097 0.200018 0.650596 0.193744 0.65093 0.186739
4 21 0.585552 0.434642 0.586776 0.444336 0.637324 0.416022 0.68753 0.388367 0.728971 0.368017 0.824668 0.326816 0.902988 0.292264 0.929112 0.277147 0.938927 0.271011 0.945119 0.262107 0.950209 0.249073 0.961727 0.21884 0.98361 0.160533 1 0.12886 1 0.125261 0.995704 0.123102 0.989369 0.132459 0.976124 0.161973 0.943299 0.246194 0.935812 0.26275 0.926023 0.269949 0.848855 0.305941 0.739439 0.35273 0.684731 0.379364 0.631174 0.409597 0.606412 0.422554
3 21 0.510004 0.440975 0.509251 0.449272 0.525187 0.454117 0.539573 0.457091 0.548044 0.458677 0.55481 0.458867 0.565463 0.456236 0.586776 0.444336 0.585552 0.434642 0.566368 0.445357 0.556571 0.449438 0.549633 0.450459 0.542694 0.449949 0.529632 0.446377 0.519428 0.443826
0 21 0.459742 0.427745 0.4619 0.426974 0.463848 0.427832 0.466095 0.429938 0.466376 0.432748 0.465814 0.435557 0.46469 0.437664 0.462724 0.438717 0.460196 0.438717 0.458537 0.437839 0.457667 0.436961 0.457106 0.434503 0.457106 0.431694 0.457948 0.429587
1 21 0.469453 0.418848 0.469297 0.430273 0.468125 0.441406 0.467764 0.455306 0.466558 0.46134 0.467161 0.46662 0.457231 0.465284 0.444561 0.458085 0.439379 0.448008 0.437651 0.433611 0.44053 0.420654 0.446865 0.413455 0.456655 0.409136 0.465293 0.408417 0.471172 0.408301
2 21 0.469375 0.419238 0.470937 0.408301 0.48285 0.410804 0.492505 0.416084 0.501556 0.431169 0.510004 0.440975 0.509251 0.449272 0.505027 0.451535 0.497863 0.456815 0.494315 0.462095 0.487074 0.465866 0.478626 0.467375 0.467161 0.46662 0.466558 0.46134 0.467764 0.455306 0.468047 0.441504 0.469297 0.430469
4 31 0.580107 0.450847 0.582216 0.458229 0.64797 0.431027 0.704192 0.406335 0.760921 0.379111 0.847027 0.337324 0.92048 0.299861 0.949849 0.276826 0.95676 0.263149 0.967701 0.235795 0.984978 0.196924 1 0.16813 1 0.155893 0.984402 0.181087 0.967126 0.218519 0.948698 0.261709 0.942363 0.272507 0.923359 0.289063 0.832371 0.335133 0.71662 0.39056 0.623904 0.431591
3 31 0.511401 0.481553 0.540558 0.467947 0.580107 0.450847 0.582216 0.458229 0.528962 0.482261 0.516035 0.488516 0.515287 0.485244 0.512334 0.481553
1 31 0.468672 0.4875 0.472422 0.494531 0.476328 0.501953 0.478125 0.507617 0.48125 0.516504 0.485391 0.527441 0.489531 0.536426 0.484553 0.539717 0.4772 0.543177 0.471691 0.543878 0.467051 0.542468 0.462644 0.538544 0.457472 0.528847 0.453737 0.518791 0.452875 0.506581 0.455749 0.49832 0.462357 0.491497
2 31 0.477323 0.483662 0.484494 0.480825 0.495462 0.480498 0.506429 0.481553 0.512334 0.481553 0.515287 0.485244 0.516131 0.488935 0.513178 0.496316 0.50896 0.507916 0.505585 0.517407 0.500102 0.524262 0.494766 0.531445 0.489531 0.536426 0.485078 0.527246 0.481406 0.516309 0.477813 0.507617 0.476641 0.501855 0.472422 0.494824 0.468281 0.4875 0.473203 0.485352
4 37 0.422823 0.464362 0.427564 0.448351 0.444353 0.386345 0.464959 0.306214 0.477932 0.25661 0.48608 0.219303 0.489132 0.190685 0.491587 0.147861 0.491204 0.0973329 0.490823 0.041974 0.486327 1e-06 0.494722 0 0.49793 0.0475347 0.499483 0.0821347 0.498707 0.113825 0.497774 0.178387 0.493195 0.221314 0.485564 0.263287 0.474116 0.304306 0.447411 0.405381 0.443986 0.416727 0.44053 0.420654 0.437651 0.433611 0.438003 0.436545 0.428529 0.467928
3 37 0.39283 0.543168 0.402377 0.522015 0.420921 0.469711 0.422823 0.464362 0.428529 0.467928 0.416641 0.50775 0.405705 0.538657 0.400419 0.550404 0.400231 0.548916 0.397301 0.543789
1 37 0.360388 0.560634 0.365662 0.565761 0.372107 0.572353 0.379724 0.579677 0.389684 0.586268 0.396129 0.591395 0.401403 0.592127 0.397887 0.603113 0.39027 0.615564 0.379724 0.621423 0.369177 0.624352 0.358631 0.618493 0.350428 0.609705 0.346912 0.594324 0.34867 0.578944 0.355115 0.567226
2 37 0.360388 0.560634 0.36947 0.55331 0.377966 0.548184 0.38529 0.544522 0.392028 0.543057 0.397301 0.543789 0.400231 0.548916 0.401988 0.562832 0.402574 0.584071 0.401403 0.592127 0.396129 0.591395 0.389684 0.586268 0.379724 0.579677 0.372107 0.572353 0.365662 0.565761
0 13 0.632891 0.186035 0.632109 0.188086 0.631797 0.19082 0.634688 0.195117 0.637344 0.194824 0.639922 0.193359 0.640313 0.191113 0.640547 0.188281 0.639844 0.185742 0.637031 0.183789 0.635 0.183984
0 31 0.464344 0.517255 0.461701 0.520314 0.463365 0.52472 0.467967 0.53194 0.4711 0.53243 0.471883 0.52986 0.470121 0.52472 0.466792 0.520559 0.465128 0.518112
0 37 0.370625 0.582617 0.373281 0.583594 0.377578 0.587305 0.37875 0.589453 0.377188 0.590918 0.373516 0.59082 0.370156 0.588281 0.369844 0.585742 0.370156 0.583496
