4 7 0.421482 0.232457 0.427769 0.294283 0.434883 0.378981 0.437594 0.435729 0.434049 0.547375 0.42466 0.645344 0.414047 0.730557 0.39731 0.819342 0.383431 0.866285 0.379349 0.89486 0.378941 0.906595 0.378125 0.918331 0.376084 0.933129 0.378125 0.93568 0.383023 0.932108 0.385064 0.927516 0.38833 0.917311 0.38833 0.908636 0.387922 0.888736 0.387922 0.881083 0.390371 0.870878 0.39282 0.861693 0.396086 0.847916 0.400576 0.832608 0.405883 0.811178 0.411189 0.784644 0.417312 0.754539 0.427518 0.686675 0.442659 0.549136 0.44635 0.422797 0.442509 0.371353 0.427629 0.231759
3 7 0.415418 0.151036 0.420406 0.220144 0.421482 0.232457 0.427629 0.231759 0.422044 0.150544
1 7 0.39709 0.103755 0.396526 0.092592 0.397637 0.085649 0.401328 0.0797852 0.405783 0.07593 0.408745 0.074078 0.413929 0.072227 0.418002 0.072227 0.426888 0.074078 0.430221 0.077781 0.433183 0.083335 0.434664 0.088426 0.436145 0.094443 0.436145 0.100923 0.436172 0.105371 0.43366 0.104831 0.431079 0.104831 0.428359 0.105176 0.424297 0.105176 0.418906 0.103418 0.415 0.103613 0.409219 0.101562 0.405938 0.100293 0.402578 0.100586
2 7 0.397168 0.103657 0.396737 0.112262 0.397168 0.12248 0.398028 0.128934 0.400179 0.13485 0.403191 0.140228 0.406633 0.14453 0.409645 0.147219 0.412656 0.148833 0.415496 0.150938 0.422122 0.150446 0.425564 0.147219 0.429436 0.141841 0.432878 0.135925 0.435029 0.129472 0.435889 0.121943 0.435889 0.114413 0.436094 0.105859 0.433738 0.104733 0.431157 0.104733 0.428359 0.105273 0.424219 0.105078 0.419141 0.103418 0.414766 0.103711 0.41 0.102148 0.406016 0.100391 0.402734 0.100488
4 13 0.596594 0.365485 0.619252 0.442931 0.638353 0.486705 0.65518 0.515129 0.70066 0.566862 0.70482 0.571237 0.706853 0.562767 0.678733 0.533123 0.656711 0.506866 0.64587 0.485692 0.628591 0.451389 0.611334 0.397255 0.602717 0.362424
3 13 0.594277 0.279409 0.587571 0.301063 0.584777 0.31224 0.585616 0.322717 0.591204 0.346118 0.596594 0.365485 0.602717 0.362424 0.59537 0.329257 0.592512 0.31446 0.592512 0.306295 0.599194 0.282817 0.596229 0.282817 0.594704 0.280776
0 13 0.615885 0.215446 0.612794 0.218121 0.608516 0.222266 0.606875 0.224609 0.606376 0.227333 0.608753 0.233276 0.611368 0.233276 0.614458 0.232385 0.616836 0.231196 0.618975 0.230602 0.621115 0.230602 0.624681 0.22971 0.627771 0.22763 0.62896 0.225253 0.627771 0.219904 0.625394 0.217527 0.622304 0.215446 0.620164 0.214258 0.619213 0.213961
1 13 0.593757 0.228816 0.601929 0.216189 0.607797 0.210601 0.617576 0.207108 0.620649 0.207108 0.631267 0.211998 0.633223 0.214792 0.635458 0.22038 0.637414 0.227016 0.637414 0.231556 0.637414 0.236795 0.636296 0.243081 0.634061 0.24832 0.632943 0.251114 0.631406 0.257324 0.630156 0.260059 0.626544 0.256284 0.622462 0.252201 0.619196 0.24863 0.615523 0.244037 0.607767 0.239445 0.603685 0.235873 0.598786 0.231791
2 13 0.592663 0.231791 0.588581 0.246589 0.587765 0.254753 0.589397 0.264448 0.590214 0.26904 0.59103 0.272101 0.592255 0.275163 0.594704 0.280776 0.596229 0.282817 0.599194 0.282817 0.608991 0.279755 0.61389 0.276694 0.620421 0.272101 0.624911 0.26853 0.630312 0.259961 0.626544 0.256284 0.622462 0.252201 0.619196 0.24863 0.615523 0.244037 0.607767 0.239445 0.603685 0.235873 0.598786 0.231791 0.593757 0.228816
4 19 0.719871 0.523119 0.750723 0.382773 0.766641 0.315691 0.785288 0.232123 0.799841 0.173568 0.807572 0.144007 0.814394 0.110465 0.810301 0.107623 0.807118 0.112739 0.804389 0.118993 0.802115 0.125815 0.80166 0.135479 0.801205 0.144007 0.800296 0.151397 0.798477 0.164472 0.793019 0.189486 0.783014 0.230417 0.768005 0.294657 0.764367 0.312849 0.761638 0.31228 0.763457 0.290109 0.772741 0.254962 0.788274 0.192346 0.794329 0.161109 0.794329 0.148149 0.794329 0.135652 0.79618 0.124081 0.797291 0.11575 0.800253 0.10927 0.804326 0.102328 0.81025 0.097699 0.812842 0.098162 0.816175 0.100013 0.819137 0.105105 0.818767 0.114824 0.817286 0.120378 0.815434 0.127784 0.813213 0.140744 0.793958 0.215261 0.764694 0.348511 0.737589 0.464676 0.724378 0.525373
3 19 0.698851 0.597077 0.709955 0.555796 0.719871 0.523119 0.724378 0.525373 0.702734 0.599019
1 19 0.672578 0.631934 0.669772 0.637091 0.667953 0.643913 0.667043 0.650166 0.666589 0.655851 0.667498 0.66381 0.669317 0.668926 0.67341 0.675748 0.676139 0.678591 0.680232 0.682002 0.685235 0.684276 0.693876 0.684844 0.700243 0.684844 0.707065 0.680865 0.712978 0.672337 0.717525 0.663241 0.718435 0.655851 0.718655 0.646102 0.715161 0.6495 0.708171 0.649985 0.700793 0.6495 0.694192 0.648044 0.681377 0.640277 0.677882 0.636394
2 19 0.697298 0.598048 0.694192 0.602417 0.691085 0.6063 0.687978 0.608727 0.684872 0.612125 0.676717 0.623289 0.673999 0.628143 0.672813 0.631836 0.677882 0.636394 0.681377 0.640277 0.694192 0.648044 0.700793 0.6495 0.708171 0.649985 0.715161 0.6495 0.718655 0.646102 0.717102 0.639307 0.714384 0.633967 0.711666 0.627657 0.710501 0.621832 0.708948 0.616008 0.705064 0.605329 0.702734 0.599019 0.698851 0.597077
4 25 0.691792 0.484931 0.712801 0.51642 0.729627 0.5352 0.736238 0.539331 0.742848 0.541585 0.748557 0.54196 0.757271 0.541209 0.766886 0.539331 0.776802 0.536702 0.782811 0.534448 0.834192 0.506655 0.909935 0.469876 0.954655 0.456252 1 0.447311 1 0.439424 0.951377 0.448438 0.922532 0.457452 0.896991 0.46872 0.851319 0.490129 0.798736 0.518674 0.763581 0.532195 0.75667 0.532946 0.748557 0.533322 0.740444 0.531819 0.733834 0.528063 0.729627 0.525434 0.696666 0.480868
3 25 0.691109 0.426482 0.683342 0.434559 0.680092 0.444308 0.679117 0.454058 0.679117 0.462182 0.680417 0.467463 0.682042 0.472744 0.689192 0.482493 0.691792 0.484931 0.696666 0.480868 0.691142 0.471932 0.687892 0.467057 0.685942 0.460557 0.685942 0.45487 0.685942 0.448371 0.687242 0.442683 0.68874 0.437809 0.69154 0.432936
0 25 0.725901 0.430998 0.725311 0.43344 0.726355 0.436704 0.728183 0.438009 0.730794 0.438335 0.732883 0.43703 0.734188 0.435072 0.734188 0.431482 0.733666 0.42985 0.732622 0.429197 0.731316 0.428871 0.729489 0.428871 0.726878 0.429197
2 25 0.716494 0.396365 0.708319 0.395828 0.699284 0.397979 0.697133 0.401206 0.694551 0.407121 0.69283 0.413037 0.69154 0.418953 0.691109 0.426482 0.69154 0.432936 0.693261 0.436701 0.697993 0.440465 0.702296 0.442616 0.706168 0.44423 0.712191 0.446381 0.716924 0.446381 0.722891 0.446777 0.723378 0.441541 0.722087 0.432936 0.722517 0.426482 0.722517 0.421104 0.721953 0.415332 0.722109 0.409766 0.721562 0.405371 0.720796 0.400668 0.721657 0.396365
1 25 0.721657 0.396365 0.730013 0.395682 0.734285 0.399079 0.736226 0.401992 0.738168 0.405875 0.739333 0.410729 0.739333 0.416554 0.739333 0.422864 0.739333 0.426747 0.738168 0.431115 0.737003 0.434999 0.735838 0.438396 0.734285 0.441794 0.731178 0.444221 0.727109 0.446875 0.722734 0.446582 0.723378 0.441541 0.722087 0.432936 0.722517 0.426482 0.722517 0.421104 0.722109 0.414648 0.722187 0.409473 0.721719 0.405078 0.720796 0.400668
4 33 0.84343 0.57584 0.852316 0.568897 0.859703 0.578391 0.859189 0.586092 0.859189 0.592509 0.861243 0.599568 0.864837 0.606627 0.867917 0.609194 0.872666 0.610042 0.878188 0.615657 0.908921 0.672586 0.945948 0.738773 0.967794 0.776263 0.985197 0.804959 1 0.821622 1 0.83597 0.97557 0.807737 0.937062 0.742476 0.882631 0.64065
3 33 0.819732 0.572137 0.820102 0.564731 0.821583 0.557326 0.825656 0.552697 0.831211 0.550383 0.836765 0.550846 0.841948 0.552697 0.847873 0.558252 0.852316 0.568897 0.84343 0.57584 0.841208 0.569823 0.839727 0.566583 0.837135 0.562417 0.834543 0.561954 0.831581 0.563806 0.831211 0.567971 0.833432 0.573525 0.838986 0.586022 0.841948 0.59389 0.845651 0.602685 0.852316 0.61009 0.856759 0.610553 0.860832 0.609627 0.864546 0.606056 0.864837 0.606627 0.867917 0.609194 0.872666 0.610042 0.87157 0.612404 0.866387 0.61657 0.852686 0.618884 0.845281 0.616107 0.842689 0.613793 0.839357 0.610553 0.836765 0.60685 0.833802 0.602222 0.832321 0.598982 0.831211 0.59713 0.828248 0.592039 0.825286 0.587874 0.823064 0.584634 0.821954 0.580931 0.820473 0.577228
1 33 0.875618 0.55208 0.883218 0.546132 0.891364 0.541504 0.89988 0.537338 0.906545 0.535024 0.909508 0.534561 0.917283 0.534561 0.921356 0.537338 0.9258 0.542429 0.929132 0.547984 0.930243 0.553538 0.930243 0.559555 0.927281 0.566034 0.924318 0.572051 0.921727 0.57668 0.920986 0.578994 0.918394 0.583622 0.91247 0.590565 0.907422 0.596094 0.90125 0.587402 0.891719 0.579004 0.889062 0.572852 0.886797 0.566699 0.885078 0.56377 0.882805 0.560422
2 33 0.875462 0.552178 0.866734 0.557954 0.862627 0.561804 0.860574 0.568221 0.859547 0.578489 0.859033 0.58619 0.859033 0.592607 0.861087 0.599666 0.864681 0.606725 0.867761 0.609292 0.874948 0.610576 0.881109 0.610576 0.886756 0.60865 0.89189 0.606725 0.896511 0.6048 0.901131 0.602233 0.9075 0.596289 0.901641 0.587402 0.891328 0.578906 0.890312 0.575781 0.889375 0.572852 0.887187 0.566406 0.882649 0.56052
0 7 0.422031 0.0897461 0.422969 0.0875 0.4225 0.0836914 0.42 0.081543 0.417969 0.080957 0.415391 0.081543 0.412969 0.0830078 0.4125 0.0857422 0.413203 0.0878906 0.414687 0.0908203 0.416719 0.0925781 0.418906 0.0924805 0.422031 0.0897461 0.425781 0.0994141 0.423984 0.102734 0.425625 0.104883 0.428672 0.104395 0.429766 0.103027 0.430703 0.101074 0.429375 0.0990234 0.428203 0.0990234 0.425781 0.0994141
0 19 0.68007 0.6575 0.67821 0.661505 0.679346 0.66383 0.681207 0.666284 0.683997 0.666801 0.686167 0.663959 0.686064 0.659438 0.682963 0.6575 0.681207 0.6575
0 33 0.912422 0.556152 0.915469 0.555859 0.918906 0.552441 0.920078 0.546973 0.918516 0.543945 0.915312 0.542578 0.9125 0.543555 0.910703 0.546191 0.909609 0.550586 0.910234 0.55332 0.912422 0.556152 0.906094 0.567773 0.903281 0.565039 0.899375 0.559961 0.895469 0.555957 0.892578 0.554883 0.889766 0.555664 0.888906 0.557227 0.888828 0.560059 0.889609 0.565039 0.891797 0.568066 0.893437 0.573145 0.894609 0.57627 0.895859 0.57998 0.899062 0.581934 0.904453 0.581934 0.907734 0.579297 0.907891 0.574219 0.906094 0.567773
