4 12 0.05714 0.433616 0.055376 0.440966 0.055376 0.440966 0.036653 0.436161 0.021795 0.434185 0 0.431814 0 0.423121 0.019267 0.425887 0.036653 0.428653
3 12 0.055376 0.440966 0.05714 0.433616 0.067136 0.436189 0.092421 0.444274 0.109728 0.450174 0.109408 0.451406 0.110978 0.457914 0.100066 0.454564 0.073311 0.446479
1 12 0.141069 0.421723 0.141069 0.433596 0.139486 0.442831 0.137903 0.453385 0.136848 0.463938 0.135792 0.480429 0.142115 0.482722 0.151023 0.482722 0.161338 0.478034 0.166964 0.472173 0.171184 0.462796 0.172122 0.451661 0.171184 0.442284 0.165558 0.431735 0.157587 0.42353 0.147741 0.421186
2 12 0.135792 0.421723 0.128932 0.425021 0.119434 0.434256 0.110885 0.445732 0.109408 0.451406 0.111095 0.458397 0.117323 0.467236 0.125238 0.475811 0.132098 0.47911 0.135792 0.480429 0.136848 0.463938 0.137903 0.453385 0.139486 0.442831 0.141069 0.433596 0.141069 0.421723
4 23 0.507596 0.625204 0.506837 0.632155 0.506837 0.632155 0.463177 0.627081 0.41109 0.625686 0.313036 0.631482 0.220516 0.636937 0.164944 0.635986 0.13822 0.6354 0.116629 0.630794 0.100614 0.62162 0.089938 0.612445 0.081931 0.600768 0.073257 0.587423 0.059911 0.564903 0.052571 0.545719 0.045899 0.529872 0.046566 0.52737 0.052571 0.524867 0.066584 0.55823 0.078595 0.578248 0.093942 0.601602 0.10662 0.612445 0.121299 0.62162 0.141317 0.626624 0.212047 0.628292 0.361125 0.620126 0.422234 0.618283 0.464272 0.619117 0.492297 0.623288
3 23 0.506837 0.632155 0.507596 0.625204 0.510882 0.625836 0.542983 0.632155 0.55209 0.634712 0.569022 0.641032 0.567629 0.646255 0.567807 0.647805 0.544753 0.639422 0.534642 0.63721
1 23 0.605079 0.628356 0.603427 0.637305 0.601775 0.645566 0.599021 0.657958 0.596818 0.668972 0.592963 0.675856 0.605855 0.679757 0.615055 0.680236 0.622339 0.677361 0.62924 0.672569 0.632307 0.664423 0.63269 0.654839 0.63154 0.646693 0.625406 0.638067 0.616972 0.631837
2 23 0.596859 0.626614 0.587592 0.627016 0.576757 0.631139 0.569832 0.637994 0.567629 0.646255 0.56818 0.651073 0.576441 0.6614 0.589108 0.673103 0.592963 0.675856 0.596818 0.668972 0.599021 0.657958 0.601775 0.645566 0.603427 0.637305 0.605079 0.628356
4 32 0.569495 0.639259 0.55977 0.618999 0.539944 0.577695 0.504697 0.511607 0.46229 0.442766 0.433652 0.389759 0.435304 0.385628 0.43916 0.384251 0.456783 0.41523 0.482667 0.459976 0.523972 0.528818 0.554814 0.588021 0.574448 0.633425 0.569832 0.637994 0.569495 0.639259 0.583905 0.668295 0.589108 0.673103 0.592963 0.675856 0.593605 0.676051 0.595055 0.682264 0.606866 0.707046 0.615724 0.722864 0.630066 0.7429 0.646095 0.762409 0.661703 0.775591 0.682097 0.786226 0.680433 0.793297 0.662546 0.785082 0.646095 0.772954 0.627957 0.752391 0.613193 0.731827 0.59843 0.706518 0.583905 0.668295
3 32 0.680433 0.793297 0.682097 0.786226 0.688753 0.78789 0.705392 0.790386 0.720368 0.789554 0.734345 0.784562 0.742814 0.777732 0.742814 0.781231 0.745248 0.787318 0.746496 0.788358 0.745993 0.788722 0.738172 0.792881 0.730352 0.797041 0.723862 0.798497 0.716707 0.799121 0.699402 0.797873 0.688087 0.794961
1 32 0.77057 0.745319 0.7769 0.766014 0.778361 0.775144 0.780796 0.782449 0.784205 0.79097 0.793457 0.783666 0.800761 0.771492 0.802222 0.761144 0.798813 0.750188 0.791509 0.742275 0.781283 0.741666 0.774953 0.743493
2 32 0.77057 0.745319 0.762292 0.748362 0.750605 0.756275 0.744762 0.76784 0.742814 0.77697 0.742814 0.781231 0.745248 0.787318 0.749631 0.79097 0.766674 0.794014 0.777874 0.794014 0.784205 0.79097 0.780796 0.782449 0.778361 0.775144 0.7769 0.766014
4 39 0.571395 0.285907 0.57445 0.292453 0.555949 0.305977 0.550519 0.314274 0.549312 0.320308 0.549715 0.324833 0.552932 0.329359 0.572242 0.335393 0.592758 0.339919 0.625343 0.342936 0.634394 0.337656 0.638618 0.329359 0.639222 0.321816 0.634998 0.308239 0.625343 0.298434 0.609654 0.28712 0.5825 0.278823 0.53664 0.272789 0.504055 0.272034 0.49621 0.275051 0.483539 0.282594 0.447937 0.312765 0.402076 0.356513 0.368285 0.383667 0.356216 0.388947 0.349579 0.390455 0.345958 0.390455 0.344148 0.388192 0.349579 0.385175 0.366474 0.376124 0.417765 0.332376 0.465436 0.289383 0.482332 0.275051 0.496814 0.266 0.510089 0.263737 0.53845 0.264491 0.590344 0.272034 0.615085 0.280331 0.628964 0.290137 0.638618 0.300697 0.643446 0.313519 0.644653 0.324079 0.643446 0.335393 0.639222 0.342182 0.634394 0.348216 0.625343 0.351233 0.598792 0.34897 0.562587 0.340673 0.549314 0.334747 0.544037 0.33013 0.540871 0.321555 0.541927 0.31364 0.546148 0.305724 0.560924 0.294511
3 39 0.571395 0.285907 0.606751 0.255712 0.621234 0.241354 0.622057 0.242897 0.625505 0.245332 0.627496 0.245185 0.604126 0.267905 0.57445 0.292453
1 39 0.624005 0.191159 0.630336 0.191767 0.633744 0.192985 0.639101 0.195419 0.647379 0.200898 0.651761 0.207593 0.655657 0.214289 0.659066 0.222202 0.660527 0.228289 0.666379 0.220399 0.668158 0.215784 0.66941 0.20689 0.668933 0.196713 0.667792 0.1893 0.665193 0.180367 0.658472 0.173448 0.650169 0.171471 0.641866 0.173448 0.633563 0.177896 0.628028 0.183827
2 39 0.617675 0.20455 0.620596 0.195419 0.624005 0.191159 0.630336 0.191767 0.633744 0.192985 0.639101 0.195419 0.647379 0.200898 0.651761 0.207593 0.655657 0.214289 0.659066 0.222202 0.660527 0.228289 0.653222 0.237419 0.644457 0.24168 0.633744 0.244723 0.625505 0.245332 0.622057 0.242897 0.62011 0.239245 0.618649 0.232549 0.617675 0.224028 0.617675 0.213071
4 47 0.182011 0.922256 0.188994 0.918983 0.191612 0.92062 0.195783 0.919368 0.197315 0.918196 0.197365 0.913608 0.193358 0.909709 0.190303 0.906436 0.181138 0.903709 0.171101 0.905891 0.161142 0.910287 0.128752 0.929674 0.096098 0.953144 0.085894 0.958756 0.075282 0.964369 0.075381 0.966279 0.108708 0.964596 0.133441 0.963424 0.15589 0.96401 0.173546 0.966561 0.210794 0.972532 0.217325 0.975593 0.220182 0.979165 0.220182 0.986308 0.1961 0.980185 0.172382 0.975952 0.143038 0.974063 0.078547 0.975593 0.071608 0.975593 0.054465 0.974063 0.032424 0.975083 0.016097 0.976104 0 0.974573 0 0.96743 0 0.964879 0.038546 0.965389 0.058955 0.961712 0.069567 0.958246 0.085894 0.950593 0.100588 0.94192 0.128633 0.922261 0.144671 0.912327 0.152426 0.907735 0.159773 0.902633 0.176338 0.89498 0.186375 0.89498 0.198159 0.901527 0.203396 0.908618 0.205141 0.917346 0.204268 0.923347 0.200469 0.928257 0.195719 0.92975 0.19197 0.930215 0.186926 0.928802 0.183757 0.926075
3 47 0.178084 0.907527 0.181138 0.896617 0.188557 0.88407 0.196442 0.874178 0.205141 0.866614 0.216568 0.860365 0.216739 0.862937 0.219903 0.869153 0.220983 0.869436 0.212124 0.875342 0.199468 0.885707 0.192485 0.894435 0.187685 0.905345 0.187685 0.913528 0.188994 0.918983 0.182011 0.922256 0.180266 0.920074 0.17852 0.91571
0 47 0.248884 0.824355 0.248483 0.826862 0.246879 0.828616 0.245074 0.828867 0.24367 0.828867 0.242612 0.82799 0.241865 0.827112 0.241253 0.825608 0.241264 0.824104 0.242066 0.821598 0.242868 0.820344 0.24416 0.819648 0.245876 0.819592 0.247525 0.820094 0.248683 0.821848 0.248884 0.824355 0.268079 0.821388 0.267836 0.818351 0.269294 0.81592 0.271239 0.815009 0.273426 0.81592 0.274641 0.818351 0.274641 0.820781 0.273669 0.822604 0.271725 0.823515 0.26978 0.823211 0.268079 0.821388
1 47 0.232109 0.821688 0.237986 0.824513 0.248835 0.839205 0.252903 0.848246 0.256972 0.854461 0.25878 0.861242 0.269629 0.853331 0.277314 0.841465 0.279574 0.831294 0.279574 0.821123 0.274602 0.809256 0.267369 0.804736 0.257876 0.804171 0.249739 0.805866 0.24115 0.810952
2 47 0.232109 0.821688 0.22578 0.831294 0.219903 0.845985 0.216287 0.856156 0.216739 0.862937 0.219903 0.869153 0.22444 0.870342 0.236287 0.868666 0.249349 0.865782 0.25878 0.861242 0.256972 0.854461 0.252903 0.848246 0.248835 0.839205 0.237986 0.824513
0 32 0.779453 0.766211 0.778125 0.769922 0.778125 0.773633 0.780391 0.77627 0.784219 0.775977 0.786484 0.774023 0.786797 0.768945 0.785156 0.765723 0.782656 0.765625 0.782031 0.765625
0 39 0.658203 0.208789 0.658125 0.210547 0.658438 0.213086 0.659687 0.214844 0.660859 0.214941 0.661797 0.213965 0.662188 0.212012 0.661953 0.209082 0.660469 0.208008 0.660391 0.208008 0.659141 0.208008
0 23 0.620391 0.652539 0.622656 0.653223 0.623906 0.652246 0.624141 0.649707 0.62375 0.647168 0.621641 0.645898 0.620234 0.646973 0.619531 0.647461 0.619531 0.650586 0.620391 0.652539 0.601328 0.664551 0.606875 0.664062 0.609531 0.659961 0.612187 0.663867 0.613594 0.658203 0.617734 0.657617 0.621875 0.660156 0.624609 0.665527 0.628516 0.666699 0.629766 0.667578 0.630703 0.669336 0.629531 0.671875 0.626172 0.674316 0.623594 0.67627 0.621328 0.678027 0.617422 0.67998 0.614219 0.680469 0.612734 0.67998 0.612578 0.678223 0.611563 0.673242 0.612266 0.667773 0.612187 0.663867 0.609531 0.659961 0.610703 0.659961 0.61125 0.661133 0.611953 0.663867 0.611094 0.669531 0.610859 0.672559 0.607891 0.674121 0.605938 0.676758 0.602422 0.677441 0.599375 0.672266 0.598516 0.669531 0.597109 0.667188 0.598203 0.663867 0.601328 0.664551
