3 6 0.578657 0.062839 0.589936 0.058883 0.601825 0.054711 0.621851 0.046889 0.641041 0.037241 0.643753 0.045846 0.633115 0.051582 0.619139 0.05784 0.597028 0.067227 0.585972 0.071138 0.58034 0.070356
1 6 0.543442 0.059066 0.535086 0.062544 0.523195 0.071532 0.519323 0.0781 0.517664 0.086397 0.517387 0.095039 0.519323 0.101607 0.522641 0.108175 0.526513 0.112669 0.531215 0.116817 0.537022 0.119929 0.542277 0.119929 0.55085 0.116472 0.558906 0.113477 0.556875 0.112305 0.554845 0.109373 0.554174 0.1056 0.554174 0.10015 0.553168 0.0947 0.550485 0.091346 0.545119 0.088831 0.539417 0.089669 0.536064 0.095538 0.531368 0.095119 0.530697 0.090508 0.531368 0.084639 0.533716 0.074577 0.538076 0.065773
2 6 0.578657 0.062839 0.57262 0.056131 0.564571 0.052777 0.559205 0.051939 0.549814 0.05655 0.543442 0.059066 0.538076 0.065773 0.533716 0.074577 0.531368 0.084639 0.530697 0.090508 0.531368 0.095119 0.536064 0.095538 0.539417 0.089669 0.545119 0.088831 0.550485 0.091346 0.553168 0.0947 0.554174 0.10015 0.554174 0.1056 0.554845 0.109373 0.557266 0.111914 0.559297 0.113477 0.565913 0.107277 0.570273 0.102246 0.575639 0.092185 0.578657 0.081285 0.579999 0.069546
4 6 0.641041 0.037241 0.658424 0.032078 0.675009 0.025167 0.685624 0.020744 0.701767 0.013834 0.731178 0.003054 0.736706 0 0.75506 0 0.740465 0.007753 0.72963 0.012175 0.710833 0.020744 0.681422 0.031801 0.662184 0.039265 0.650242 0.043964 0.643753 0.045846
4 11 0.364308 0.517224 0.355875 0.527894 0.343506 0.546203 0.334067 0.562071 0.322675 0.577939 0.309981 0.595841 0.292404 0.624728 0.277757 0.647106 0.264086 0.674772 0.255298 0.697964 0.249439 0.721562 0.242278 0.745974 0.236745 0.771199 0.231537 0.817582 0.230886 0.837925 0.231212 0.850944 0.229584 0.862744 0.229584 0.870067 0.231863 0.881052 0.232244 0.89459 0.232008 0.908795 0.231534 0.927438 0.22991 0.942896 0.227631 0.958357 0.224051 0.972597 0.217216 1 0.204847 1 0.213961 0.981548 0.217541 0.968935 0.222749 0.948592 0.223074 0.9372 0.223074 0.918484 0.222423 0.907499 0.221772 0.895293 0.220796 0.884714 0.22047 0.873322 0.22047 0.862337 0.221447 0.843621 0.223725 0.82816 0.224051 0.814734 0.224051 0.803341 0.224702 0.789508 0.226329 0.776895 0.228282 0.767537 0.235769 0.735802 0.243255 0.710983 0.249765 0.691861 0.255623 0.677214 0.277106 0.634086 0.289475 0.614963 0.304122 0.590552 0.326906 0.555968 0.347087 0.526267 0.359309 0.512761
3 11 0.401712 0.463667 0.396089 0.472589 0.385733 0.487765 0.373949 0.502495 0.364308 0.517224 0.359309 0.512761 0.367522 0.499816 0.377163 0.486426 0.385733 0.473928 0.39466 0.463215 0.397602 0.456948
1 11 0.445234 0.435352 0.447448 0.432452 0.451419 0.423233 0.451987 0.411887 0.451419 0.401604 0.448583 0.394158 0.443193 0.38813 0.437236 0.385294 0.430428 0.386003 0.4205 0.390613 0.414827 0.39664 0.412656 0.400391 0.41752 0.402805 0.419733 0.40399 0.420998 0.406361 0.423516 0.410059 0.426057 0.412685 0.429851 0.415056 0.434593 0.418218 0.438672 0.424023 0.440937 0.428613
2 11 0.401712 0.463667 0.411513 0.461295 0.419417 0.456553 0.429218 0.45102 0.435547 0.444922 0.439922 0.441504 0.445391 0.435352 0.440859 0.428516 0.438438 0.424121 0.434593 0.418218 0.429851 0.415056 0.426057 0.412685 0.423906 0.410449 0.420998 0.406361 0.419733 0.40399 0.41752 0.402805 0.412578 0.400391 0.410234 0.408008 0.408203 0.413086 0.404241 0.42296 0.399815 0.43284 0.396969 0.440745 0.396969 0.445882 0.397286 0.452996 0.397602 0.456948
4 20 0.609631 0.852235 0.624996 0.855036 0.633318 0.855436 0.641961 0.851835 0.649643 0.849034 0.659887 0.849034 0.678453 0.853835 0.697659 0.86824 0.702781 0.876243 0.706942 0.886646 0.708862 0.89825 0.708542 0.906252 0.705341 0.914655 0.699259 0.918256 0.689016 0.919456 0.679093 0.918256 0.672051 0.913855 0.656046 0.901051 0.63908 0.885846 0.626596 0.870641 0.621474 0.862238 0.630757 0.862238 0.63748 0.871041 0.643882 0.879844 0.652524 0.888647 0.660527 0.897049 0.675252 0.907853 0.684855 0.911854 0.689976 0.911854 0.696378 0.911054 0.6999 0.908253 0.70246 0.903051 0.703101 0.893848 0.698619 0.884645 0.693818 0.875442 0.684535 0.86744 0.675572 0.860638 0.662448 0.858237 0.651884 0.857837 0.6394 0.860237 0.614112 0.860237 0.604189 0.857837 0.595546 0.853835 0.583382 0.847833 0.569618 0.83623 0.557774 0.826226 0.54689 0.816623 0.536327 0.804219 0.525444 0.794616 0.510399 0.789415 0.485874 0.773136 0.468023 0.763303 0.455619 0.754226 0.445029 0.747041 0.429902 0.733426 0.417195 0.721324 0.405698 0.711113 0.401529 0.708981 0.41059 0.698772 0.431236 0.720855 0.444173 0.732008 0.464471 0.746785 0.478725 0.759807 0.489569 0.765832 0.504832 0.775371 0.516882 0.77989 0.534153 0.789931 0.546203 0.803989 0.563876 0.82106 0.58195 0.837126 0.598427 0.847033 0.609631 0.852235 0.609631 0.852235 0.624996 0.855036 0.617444 0.849857 0.612122 0.842872 0.60893 0.833892 0.606535 0.824912 0.603608 0.819923 0.597222 0.817927 0.593763 0.817927 0.591102 0.819258 0.587643 0.821918 0.587377 0.824579 0.588708 0.826907 0.592167 0.826907 0.596158 0.826242 0.598819 0.82857 0.600681 0.831564 0.60281 0.836885 0.604938 0.842207 0.606003 0.845533 0.609631 0.852235
3 20 0.327972 0.649155 0.334801 0.64759 0.338582 0.64698 0.346632 0.64759 0.352975 0.648657 0.358708 0.652316 0.368344 0.65994 0.388895 0.678991 0.398977 0.687446 0.41059 0.698772 0.401529 0.708981 0.391064 0.697177 0.378686 0.684575 0.37039 0.67628 0.359798 0.667346 0.349206 0.660806 0.337083 0.656658 0.331185 0.657274 0.329971 0.652153
1 20 0.278359 0.668066 0.276771 0.668755 0.268769 0.673957 0.263647 0.680359 0.262367 0.686361 0.262367 0.691162 0.263047 0.697559 0.263967 0.701166 0.267109 0.706738 0.270078 0.709473 0.273203 0.711719 0.276771 0.712769 0.280391 0.71377 0.284609 0.713672 0.289141 0.713184 0.293516 0.71084 0.297734 0.708203 0.300547 0.706055 0.302031 0.704102 0.299922 0.702637 0.298008 0.700542 0.295703 0.698145 0.290781 0.69375 0.286484 0.690918 0.284062 0.687695 0.28154 0.681463 0.279687 0.674512 0.279219 0.671875
2 20 0.279933 0.674936 0.278438 0.668164 0.283146 0.664895 0.289975 0.659372 0.295196 0.655858 0.306041 0.650837 0.314074 0.647825 0.320902 0.648327 0.327972 0.649155 0.329971 0.652153 0.331185 0.657274 0.328132 0.666903 0.32532 0.675941 0.316885 0.687488 0.311511 0.694453 0.306953 0.699316 0.302422 0.704297 0.300156 0.70293 0.298008 0.700542 0.295469 0.698242 0.290234 0.693848 0.286562 0.690723 0.284297 0.687695 0.28154 0.681463
4 26 0.944601 0.738482 0.951291 0.726934 0.960368 0.714454 0.966721 0.703865 0.978823 0.689872 0.986387 0.681174 1 0.669072 1 0.684577 0.992438 0.687603 0.984572 0.693654 0.978823 0.70273 0.968234 0.717102 0.955527 0.733742 0.949403 0.743683
3 26 0.937994 0.828734 0.939479 0.821708 0.94236 0.812105 0.943641 0.805703 0.942681 0.799701 0.94108 0.792099 0.939479 0.786497 0.938199 0.781695 0.936278 0.773293 0.936919 0.76609 0.94044 0.759288 0.944601 0.750485 0.949403 0.743683 0.944601 0.738482 0.939159 0.742483 0.931797 0.756087 0.928276 0.762489 0.925715 0.770092 0.925715 0.777294 0.926995 0.786097 0.930837 0.7957 0.933077 0.798101 0.933077 0.804503 0.931477 0.810905 0.930837 0.818907 0.930197 0.822509 0.931198 0.827885
1 26 0.916808 0.900902 0.917623 0.904771 0.919762 0.912695 0.921939 0.916972 0.924739 0.92125 0.92785 0.923194 0.934694 0.923972 0.93936 0.923583 0.943715 0.92125 0.947759 0.918528 0.951803 0.913862 0.952653 0.910168 0.953141 0.904059 0.952245 0.894079 0.950046 0.894996 0.948253 0.895097 0.94615 0.895423 0.942062 0.895607 0.939537 0.895505 0.937174 0.895912 0.93359 0.896523 0.930331 0.898662 0.925421 0.900096 0.920324 0.90052
2 26 0.931198 0.827885 0.928139 0.828734 0.923042 0.833831 0.919984 0.843176 0.917945 0.855495 0.915906 0.869512 0.915906 0.886503 0.916156 0.893977 0.917052 0.901207 0.920324 0.90052 0.925421 0.900096 0.929842 0.899069 0.933427 0.89693 0.937907 0.89581 0.940759 0.895607 0.942551 0.895708 0.94615 0.895423 0.949801 0.894894 0.952327 0.894181 0.950616 0.877786 0.949208 0.861866 0.947439 0.852023 0.94513 0.842327 0.940713 0.833407 0.937994 0.828734
3 31 0.71275 0.574275 0.720033 0.5674 0.735234 0.555568 0.749289 0.543737 0.762483 0.531905 0.7817 0.518281 0.778832 0.508601 0.772808 0.510752 0.761335 0.518281 0.752731 0.526169 0.743265 0.534415 0.736382 0.540868 0.726343 0.549115 0.718598 0.554134 0.711715 0.56238 0.706633 0.567904
4 31 0.778832 0.508601 0.791739 0.499996 0.803212 0.489599 0.815545 0.480635 0.83046 0.470955 0.843367 0.463067 0.86029 0.453029 0.875491 0.444424 0.886677 0.438329 0.901305 0.434026 0.915933 0.429724 0.93343 0.42578 0.948631 0.423988 0.963546 0.421119 1 0.415282 1 0.424085 0.977724 0.426085 0.958198 0.429286 0.938672 0.433688 0.920426 0.437289 0.905701 0.44049 0.893537 0.444891 0.881053 0.450093 0.846713 0.471124 0.825216 0.485848 0.807253 0.497259 0.790174 0.509774 0.7817 0.518281
1 31 0.660781 0.576758 0.658476 0.579569 0.655676 0.585401 0.653499 0.591234 0.652565 0.598233 0.652254 0.604844 0.652876 0.610288 0.655054 0.615343 0.656609 0.619231 0.660964 0.62312 0.665942 0.624675 0.670608 0.625064 0.676518 0.625064 0.681185 0.623897 0.680468 0.62185 0.677749 0.619301 0.67639 0.615903 0.672652 0.611655 0.669593 0.605708 0.667555 0.598912 0.665516 0.59424 0.662797 0.587443 0.661641 0.581055
2 31 0.706633 0.567904 0.699497 0.56493 0.691342 0.564506 0.683866 0.564506 0.673671 0.567054 0.668914 0.570877 0.663125 0.575293 0.660625 0.576855 0.661875 0.581055 0.662797 0.587443 0.665516 0.59424 0.667555 0.598912 0.669593 0.605708 0.672652 0.611655 0.67639 0.615903 0.677749 0.619301 0.680469 0.621777 0.681172 0.623828 0.684922 0.62207 0.689643 0.618876 0.6944 0.613779 0.699837 0.609531 0.704595 0.604434 0.709012 0.596363 0.71275 0.587018 0.71275 0.578523 0.71275 0.574275
4 39 0.709012 0.596363 0.709552 0.60474 0.710296 0.612494 0.710048 0.621799 0.709303 0.636067 0.709552 0.645682 0.709303 0.654366 0.703348 0.653436 0.704341 0.637307 0.706326 0.62397 0.706326 0.610944 0.704595 0.604434 0.709012 0.596363 0.718598 0.554134 0.716572 0.545949 0.716334 0.537341 0.716572 0.5225 0.718709 0.50944 0.721084 0.494006 0.728919 0.463731 0.733431 0.449484 0.739842 0.436424 0.747203 0.425442 0.756226 0.413569 0.767387 0.40229 0.783296 0.390418 0.794694 0.382997 0.80253 0.380029 0.808703 0.377655 0.817014 0.374686 0.821526 0.372906 0.826512 0.369641 0.833873 0.36133 0.842659 0.3548 0.85002 0.349754 0.858093 0.346489 0.872578 0.337585 0.882076 0.333132 0.894186 0.326306 0.899885 0.321556 0.904634 0.317104 0.909146 0.313839 0.91152 0.3082 0.91152 0.305528 0.907483 0.304044 0.905821 0.304341 0.901785 0.306419 0.89941 0.308497 0.897273 0.311465 0.892761 0.315917 0.889674 0.315917 0.8892 0.31473 0.8892 0.312058 0.889437 0.309981 0.890862 0.307606 0.892999 0.305528 0.895611 0.303154 0.899885 0.299889 0.902972 0.297811 0.905109 0.297218 0.909146 0.297218 0.912232 0.297218 0.914132 0.299592 0.915557 0.303451 0.916269 0.307309 0.915794 0.312058 0.913895 0.317995 0.911045 0.321853 0.907721 0.325415 0.902734 0.328383 0.897035 0.333429 0.889912 0.336694 0.883501 0.341146 0.876615 0.345302 0.869254 0.350051 0.86213 0.351535 0.855244 0.355097 0.849783 0.357768 0.842184 0.364298 0.838385 0.369344 0.832211 0.37528 0.824613 0.379732 0.818439 0.381513 0.811553 0.383888 0.791132 0.393683 0.780447 0.400806 0.771423 0.409414 0.765962 0.415647 0.759551 0.424551 0.754564 0.430191 0.749103 0.438798 0.743167 0.450374 0.739605 0.459279 0.732244 0.483321 0.729157 0.4946 0.726307 0.508253 0.724408 0.523094 0.723221 0.537341 0.726343 0.549115 0.718598 0.554134
3 39 0.698695 0.744406 0.701345 0.730348 0.703572 0.718519 0.704871 0.708314 0.706726 0.693238 0.708211 0.675379 0.709303 0.654366 0.703348 0.653436 0.702108 0.665222 0.702108 0.674837 0.699874 0.690655 0.698386 0.703372 0.696152 0.715468 0.694416 0.727255 0.692679 0.735939 0.690366 0.743953
0 39 0.689997 0.805908 0.690642 0.802081 0.689836 0.797649 0.687258 0.794224 0.684679 0.791001 0.682423 0.78959 0.679683 0.789993 0.678071 0.791001 0.677749 0.793015 0.677104 0.79644 0.677265 0.798454 0.678394 0.801678 0.679038 0.803289 0.679844 0.804095 0.681617 0.805707 0.683551 0.806513 0.685485 0.807117 0.68758 0.807117
1 39 0.670391 0.801172 0.672734 0.806152 0.676172 0.811621 0.679063 0.815039 0.684403 0.816676 0.688394 0.817009 0.694248 0.815679 0.69957 0.812685 0.704625 0.808694 0.70702 0.804703 0.709414 0.798716 0.705575 0.800534 0.701229 0.801892 0.698695 0.801439 0.693987 0.799628 0.689642 0.793744 0.685296 0.789218 0.681675 0.785596 0.678778 0.785596 0.67733 0.786954 0.676243 0.790123 0.676243 0.794197 0.674795 0.798271 0.673346 0.800534
2 39 0.690366 0.743953 0.683848 0.746216 0.677692 0.75029 0.672622 0.75708 0.671174 0.761154 0.670449 0.768849 0.67 0.774512 0.669844 0.77959 0.67 0.786426 0.669844 0.793555 0.669609 0.798242 0.67 0.801367 0.673346 0.800534 0.674795 0.798271 0.676243 0.794197 0.676243 0.790123 0.67733 0.786954 0.678778 0.785596 0.681675 0.785596 0.685296 0.789218 0.689642 0.793744 0.693987 0.799628 0.698695 0.801439 0.701229 0.801892 0.705575 0.800534 0.709297 0.798828 0.709844 0.791113 0.710547 0.784082 0.710644 0.772922 0.710282 0.762964 0.707748 0.754364 0.70304 0.748027 0.698695 0.744406
0 11 0.431406 0.405469 0.432031 0.402637 0.432031 0.399902 0.43 0.397754 0.428047 0.397754 0.426094 0.398633 0.423984 0.401855 0.42375 0.405176 0.425938 0.407227 0.429297 0.406543 0.431406 0.405469 0.438594 0.411914 0.437266 0.41582 0.438125 0.420215 0.440156 0.421191 0.442422 0.42002 0.443359 0.418262 0.444453 0.416016 0.444375 0.412793 0.443203 0.411035 0.441797 0.409961 0.440312 0.409961 0.439531 0.410059 0.439453 0.411035 0.438594 0.411914
0 31 0.664609 0.600195 0.665781 0.596875 0.665312 0.593555 0.663906 0.58877 0.662188 0.588086 0.661172 0.589551 0.661016 0.590723 0.661016 0.596387 0.662891 0.599902 0.664609 0.600195 0.667109 0.618164 0.666016 0.618652 0.664844 0.619824 0.666094 0.622363 0.668125 0.623437 0.67125 0.623633 0.672344 0.622461 0.672656 0.620898 0.671328 0.61875 0.669063 0.618164 0.667109 0.618164
0 26 0.933834 0.901004 0.932694 0.902633 0.932856 0.907114 0.93693 0.91027 0.940025 0.909557 0.94304 0.908336 0.94361 0.905179 0.94304 0.900087 0.940188 0.898662 0.937093 0.899069 0.934975 0.900087
0 6 0.542188 0.0959961 0.542031 0.102637 0.544453 0.107813 0.547656 0.108594 0.549922 0.108301 0.551172 0.107324 0.552656 0.105566 0.5525 0.103223 0.551328 0.0990234 0.549531 0.0953125 0.545703 0.0944336 0.544766 0.0944336
0 20 0.276094 0.678418 0.274609 0.67998 0.274219 0.682129 0.276484 0.683301 0.28 0.681543 0.281719 0.679883 0.282187 0.677832 0.281484 0.675879 0.279844 0.676172 0.278438 0.676953 0.276953 0.677441
