4 6 0.244352 0.468056 0.243539 0.475168 0.256544 0.482958 0.268195 0.489732 0.284722 0.500231 0.29556 0.507004 0.31543 0.520943 0.332727 0.536162 0.346506 0.547357 0.364831 0.563719 0.384071 0.577124 0.401316 0.589294 0.415756 0.600974 0.433595 0.612654 0.452707 0.623803 0.463767 0.630218 0.47304 0.635018 0.491799 0.645128 0.513867 0.655126 0.530855 0.659373 0.547844 0.66362 0.567806 0.670522 0.573752 0.674238 0.577574 0.680609 0.581043 0.687511 0.580972 0.69543 0.575876 0.700253 0.570354 0.701315 0.560161 0.701315 0.549543 0.700253 0.538076 0.696006 0.522361 0.691227 0.504947 0.688042 0.483287 0.683795 0.471819 0.681671 0.460352 0.681671 0.439116 0.679017 0.421471 0.678104 0.409263 0.676578 0.39624 0.676069 0.383625 0.676069 0.369382 0.674034 0.365312 0.676578 0.364091 0.67963 0.366533 0.681156 0.3763 0.681665 0.385253 0.681665 0.392578 0.681665 0.410077 0.683191 0.430017 0.686751 0.454435 0.689295 0.471527 0.69133 0.49106 0.694891 0.504083 0.697434 0.51385 0.699469 0.526872 0.70303 0.535418 0.705064 0.541115 0.706591 0.549661 0.708625 0.560242 0.711677 0.571637 0.71066 0.578148 0.708117 0.585066 0.702521 0.587915 0.695908 0.586287 0.682682 0.580394 0.671667 0.57123 0.664369 0.563905 0.661825 0.554952 0.659282 0.536639 0.654195 0.51914 0.648599 0.501641 0.64046 0.482514 0.630795 0.468271 0.622147 0.448737 0.609939 0.425541 0.594678 0.412519 0.584504 0.387694 0.567208 0.374201 0.556658 0.35684 0.54374 0.343744 0.530582 0.327059 0.516848 0.301421 0.501587 0.279038 0.485817 0.259911 0.474117
3 6 0.191606 0.502911 0.195853 0.500569 0.199105 0.498537 0.202627 0.493796 0.205336 0.49007 0.2094 0.484651 0.213735 0.479571 0.21807 0.475168 0.222947 0.471443 0.226741 0.468733 0.230805 0.467717 0.23812 0.467717 0.244352 0.468056 0.243539 0.475168 0.228908 0.475846 0.222947 0.478555 0.218341 0.481603 0.214277 0.487699 0.208317 0.497183 0.202085 0.503617 0.194791 0.507936 0.192812 0.503916
1 6 0.141146 0.511165 0.146797 0.513379 0.151328 0.514453 0.153672 0.516699 0.152734 0.521484 0.151172 0.525977 0.150313 0.535547 0.151406 0.543457 0.153536 0.54774 0.159862 0.555319 0.154854 0.556966 0.147209 0.558284 0.139565 0.558284 0.13192 0.552353 0.127176 0.545433 0.126648 0.53456 0.128494 0.524675 0.13192 0.518744 0.136138 0.51479
2 6 0.194921 0.5082 0.191494 0.512813 0.190967 0.515778 0.190967 0.522698 0.190176 0.527311 0.187804 0.532912 0.185695 0.538184 0.180686 0.541809 0.172778 0.54741 0.166452 0.551365 0.159862 0.555319 0.153536 0.54774 0.15125 0.543262 0.150234 0.537012 0.150625 0.534082 0.151172 0.526855 0.152656 0.521484 0.153672 0.516211 0.151406 0.514258 0.146016 0.513086 0.141146 0.511165 0.147736 0.504575 0.15169 0.50161 0.15459 0.498644 0.158017 0.496338 0.163816 0.496008 0.169352 0.497656 0.173569 0.500292 0.178841 0.50161 0.185958 0.501939 0.19044 0.501939 0.192812 0.503916
2 12 0.891358 0.534878 0.889188 0.544822 0.886296 0.552053 0.882318 0.561093 0.877618 0.57194 0.872556 0.580528 0.868579 0.584143 0.862422 0.576367 0.855547 0.566895 0.847422 0.556934 0.841328 0.549121 0.837121 0.541206 0.840376 0.538494 0.845799 0.534878 0.853392 0.531263 0.861709 0.529907 0.871833 0.528551 0.884488 0.525387
4 12 0.956763 0.479492 0.95955 0.489944 0.965682 0.483823 0.975094 0.475979 0.984856 0.465957 1 0.44809 0.999846 0.434581 0.994268 0.44286 0.985553 0.454191 0.977883 0.461599 0.969168 0.469878
3 12 0.885195 0.526364 0.898514 0.517466 0.913007 0.508059 0.924712 0.501092 0.933631 0.496214 0.943107 0.489944 0.949238 0.484369 0.956763 0.479492 0.95955 0.489944 0.946451 0.49935 0.928893 0.511543 0.914679 0.518859 0.899071 0.527917 0.890291 0.533405
1 12 0.837121 0.541206 0.841484 0.548828 0.847578 0.557031 0.855703 0.567285 0.862266 0.576758 0.868579 0.584143 0.86424 0.590019 0.85737 0.594991 0.851584 0.598607 0.842432 0.599369 0.833506 0.597109 0.825778 0.591827 0.821744 0.576699 0.823743 0.562901 0.830975 0.54889
2 18 0.590358 0.391721 0.585408 0.390819 0.582155 0.390412 0.578577 0.392039 0.574348 0.392852 0.570444 0.395699 0.563938 0.398545 0.552552 0.400172 0.547998 0.398952 0.538239 0.396105 0.541817 0.384313 0.543047 0.375977 0.546094 0.364551 0.548047 0.360938 0.551719 0.353711 0.554504 0.348529 0.561661 0.350563 0.568281 0.352246 0.572422 0.35498 0.574998 0.357882 0.579553 0.364388 0.585408 0.369268 0.588336 0.373334 0.591914 0.37984 0.591914 0.386346
4 18 0.655321 0.401406 0.653855 0.413013 0.680735 0.413624 0.710547 0.409348 0.743293 0.400795 0.772128 0.392242 0.798519 0.386133 0.83664 0.378802 0.864009 0.374525 0.888446 0.373304 0.909461 0.37086 0.939763 0.369638 0.961267 0.368416 0.987659 0.368416 0.998899 0.368416 0.999877 0.358641 0.984726 0.358641 0.965666 0.35742 0.942207 0.358641 0.906529 0.359863 0.868408 0.36414 0.831753 0.370249 0.806828 0.373304 0.777993 0.378802 0.762353 0.383689 0.746225 0.387966 0.728631 0.392242 0.71739 0.395908 0.699795 0.400184 0.679757 0.402628 0.668028 0.402628
3 18 0.590552 0.391052 0.591914 0.386346 0.591914 0.380784 0.602538 0.383689 0.613778 0.389187 0.626974 0.392853 0.638215 0.395908 0.655321 0.401406 0.653855 0.413013 0.64408 0.41057 0.630395 0.406904 0.621109 0.403239 0.614267 0.400795 0.608891 0.405682 0.60547 0.406293 0.600583 0.400795 0.598139 0.395297 0.594374 0.392868
1 18 0.538239 0.396105 0.541817 0.384313 0.542969 0.375781 0.546172 0.364355 0.54875 0.35957 0.552187 0.352051 0.554504 0.348529 0.54995 0.34731 0.54442 0.34731 0.539866 0.349343 0.534661 0.352189 0.527179 0.357069 0.52295 0.361948 0.519697 0.367641 0.518396 0.37496 0.520022 0.38228 0.52295 0.386753 0.528155 0.392039 0.533034 0.394072
2 24 0.081143 0.895532 0.089557 0.898897 0.098308 0.901422 0.109077 0.903525 0.118501 0.903525 0.129607 0.90016 0.129271 0.891325 0.128261 0.883332 0.127925 0.868607 0.132973 0.85809 0.136675 0.849676 0.136002 0.843365 0.128934 0.843365 0.121867 0.844627 0.116145 0.847572 0.107731 0.852621 0.101337 0.85851 0.095952 0.864821 0.091576 0.871131 0.088547 0.87618 0.081816 0.881228 0.080133 0.883332 0.079797 0.890483
4 24 0.01981 0.919312 0.020913 0.926207 0.012639 0.931954 0 0.939309 0 0.931264 0.010984 0.925058
3 24 0.01981 0.919312 0.030843 0.914025 0.045369 0.90713 0.06008 0.898625 0.072216 0.89081 0.080025 0.885642 0.079797 0.890483 0.080793 0.894219 0.071296 0.900234 0.060999 0.90598 0.046105 0.914255 0.034336 0.919542 0.020913 0.926207
1 24 0.136002 0.843365 0.136675 0.849676 0.132973 0.85809 0.127925 0.868607 0.128261 0.883332 0.129271 0.891325 0.129607 0.90016 0.136338 0.896373 0.144416 0.891746 0.148594 0.886328 0.151562 0.880859 0.1525 0.875098 0.151328 0.865527 0.148455 0.856407 0.145089 0.849255 0.14206 0.845469
2 30 0.272357 0.600975 0.27382 0.603718 0.275283 0.607984 0.275283 0.612555 0.272114 0.619259 0.270407 0.624744 0.26992 0.630839 0.26992 0.633581 0.270407 0.640285 0.271626 0.645161 0.273576 0.652475 0.276989 0.660702 0.283047 0.656348 0.289609 0.651953 0.296016 0.647363 0.300547 0.644043 0.307969 0.638281 0.31892 0.633277 0.313557 0.625049 0.309412 0.619564 0.305024 0.614079 0.297223 0.610422 0.289178 0.607984 0.285034 0.606765 0.282352 0.602499 0.280158 0.596404 0.278939 0.594271 0.276258 0.595185 0.274551 0.597318
4 30 0.252664 0.527805 0.258009 0.524804 0.254449 0.506273 0.25255 0.491615 0.252719 0.473822 0.255041 0.459252 0.260918 0.427565 0.27002 0.393573 0.281109 0.34294 0.293139 0.302507 0.309158 0.25181 0.32239 0.21637 0.337766 0.164794 0.35547 0.111339 0.369362 0.070481 0.385705 0.035751 0.400414 0.002043 0.388157 0 0.379985 0.021451 0.371814 0.043923 0.360373 0.071502 0.353019 0.088867 0.346482 0.107253 0.339944 0.127682 0.326386 0.171447 0.306441 0.238 0.290098 0.286008 0.27784 0.326866 0.2664 0.374875 0.255777 0.420841 0.247719 0.47414 0.248557 0.504037
3 30 0.252664 0.527805 0.257982 0.525867 0.259533 0.537222 0.262192 0.549963 0.266401 0.567135 0.271055 0.58126 0.276732 0.595024 0.276258 0.595185 0.274551 0.597318 0.273786 0.598595 0.269725 0.590677 0.264629 0.57849 0.258868 0.559657 0.255544 0.545531
1 30 0.276989 0.660702 0.283203 0.656543 0.288594 0.652734 0.294297 0.648438 0.3 0.643945 0.306719 0.63916 0.31892 0.633277 0.321845 0.6412 0.324283 0.650951 0.324283 0.658265 0.323308 0.668321 0.32087 0.676548 0.317457 0.681424 0.31185 0.686605 0.306975 0.687823 0.299905 0.687823 0.294298 0.684167 0.288691 0.678377 0.28284 0.670454
0 18 0.529922 0.374414 0.529922 0.378809 0.531172 0.381152 0.531953 0.383105 0.53375 0.384375 0.535703 0.384375 0.536172 0.383398 0.536172 0.381348 0.533906 0.379004 0.532734 0.376758 0.532188 0.374121 0.530859 0.373926
0 12 0.850078 0.566504 0.85 0.569434 0.852031 0.573535 0.854766 0.574023 0.855781 0.57207 0.855781 0.569824 0.853047 0.566016 0.851641 0.56543
0 30 0.302734 0.660352 0.302813 0.663281 0.30375 0.664941 0.305547 0.665234 0.307344 0.663574 0.306875 0.659375 0.305391 0.658496 0.304375 0.658887 0.303359 0.659473
0 6 0.145156 0.518457 0.143672 0.521094 0.145469 0.52373 0.148672 0.523145 0.150547 0.521875 0.151016 0.518848 0.148438 0.516895 0.146719 0.516797
0 24 0.132578 0.87002 0.131562 0.872754 0.131875 0.878027 0.135156 0.882031 0.136797 0.881836 0.141328 0.880664 0.143594 0.877344 0.143359 0.873047 0.142578 0.868359 0.139063 0.866211 0.135547 0.866504 0.133359 0.868066
