4 5 0.395693 0.180616 0.404712 0.180616 0.416483 0.126708 0.435909 0.065134 0.444928 0.039117 0.458804 0 0.449785 0 0.433828 0.049524 0.417177 0.099823 0.404689 0.141451
3 5 0.378303 0.295691 0.385576 0.294393 0.386674 0.270808 0.39153 0.237854 0.399162 0.203164 0.404712 0.180616 0.395693 0.180616 0.386674 0.213571 0.381123 0.249128 0.378348 0.277746
1 5 0.365315 0.366475 0.37103 0.363877 0.379342 0.359331 0.392849 0.359331 0.406356 0.358682 0.406876 0.37102 0.404798 0.385307 0.397525 0.394398 0.389732 0.398295 0.382459 0.398295 0.375186 0.391151 0.368952 0.377514
2 5 0.365315 0.366475 0.364276 0.35024 0.367393 0.327511 0.373627 0.302835 0.378303 0.295691 0.385576 0.294393 0.39233 0.303484 0.399083 0.324914 0.406356 0.358682 0.392849 0.359331 0.379342 0.359331 0.37103 0.363877
4 10 0.372675 0.493887 0.37383 0.48378 0.339177 0.471507 0.30337 0.459235 0.286621 0.459235 0.271605 0.462122 0.256012 0.459235 0.231177 0.450572 0.198835 0.446962 0.164183 0.446962 0.143969 0.450572 0.12722 0.459235 0.118557 0.466454 0.110471 0.48378 0.101231 0.50616 0.096033 0.523486 0.089102 0.554529 0.081017 0.56608 0.058493 0.573299 0 0.598566 0 0.606508 0.044054 0.589903 0.076396 0.579796 0.08968 0.571855 0.096207 0.563047 0.100537 0.548249 0.108739 0.514823 0.123177 0.480171 0.133573 0.466454 0.151477 0.458513 0.190749 0.457069 0.22829 0.459957 0.245616 0.466454 0.258322 0.472951 0.268717 0.474395 0.281423 0.473673 0.291819 0.470786 0.306835 0.472951 0.347841 0.485224
3 10 0.445445 0.501106 0.45122 0.505438 0.452953 0.511935 0.449488 0.518433 0.443135 0.522764 0.436204 0.522764 0.415413 0.513379 0.392889 0.504716 0.379605 0.497497 0.372675 0.493887 0.37383 0.48378 0.390579 0.491721 0.406172 0.498219 0.420033 0.50616 0.431584 0.50977 0.438514 0.510491 0.44198 0.50616
1 10 0.449674 0.430766 0.461616 0.433967 0.473744 0.44263 0.496268 0.458513 0.502044 0.438299 0.500889 0.426026 0.496846 0.415919 0.488183 0.4087 0.478365 0.405812 0.468546 0.405812 0.457573 0.413753 0.451798 0.42386
2 10 0.449914 0.430616 0.445445 0.460679 0.44429 0.489556 0.445445 0.501106 0.45122 0.505438 0.462771 0.497497 0.480097 0.480893 0.489915 0.466454 0.496268 0.458513 0.473744 0.44263 0.461616 0.433967
4 15 0.287333 0.87808 0.288488 0.867973 0.277441 0.857746 0.258105 0.839154 0.239513 0.815914 0.221665 0.787096 0.201585 0.741546 0.174813 0.668107 0.15622 0.606753 0.147296 0.588161 0.134654 0.56678 0.101932 0.524948 0.081109 0.485905 0.045412 0.381789 0.035744 0.376212 0.035 0.37993 0.05508 0.442214 0.076646 0.49706 0.102675 0.540752 0.129448 0.578865 0.142834 0.603035 0.149527 0.620697 0.174069 0.695066 0.191917 0.742475 0.217202 0.798252 0.243231 0.840084 0.268517 0.864253
3 15 0.342199 0.832598 0.347397 0.838374 0.342199 0.847759 0.334691 0.865807 0.325451 0.876636 0.320253 0.880967 0.311012 0.883133 0.295419 0.881689 0.287333 0.87808 0.288488 0.867973 0.298306 0.87086 0.312167 0.868695 0.321408 0.862919 0.329493 0.854978 0.335846 0.842705
1 15 0.354905 0.775566 0.363617 0.789636 0.37289 0.802387 0.388075 0.829047 0.397066 0.821047 0.407461 0.810219 0.411504 0.79578 0.411504 0.781342 0.405729 0.768347 0.398798 0.762571 0.38898 0.756796 0.379162 0.756796 0.366456 0.764737
2 15 0.350285 0.779176 0.343354 0.793614 0.339889 0.805887 0.339312 0.815994 0.341044 0.826101 0.342199 0.832598 0.347397 0.838374 0.360103 0.839818 0.373387 0.836208 0.388018 0.829239 0.373641 0.80327 0.364004 0.790038 0.354905 0.775566
4 21 0.334799 0.580237 0.332198 0.589177 0.373118 0.602463 0.429067 0.617872 0.481222 0.627355 0.539067 0.62854 0.567515 0.627355 0.603549 0.617872 0.635091 0.602156 0.684566 0.575946 0.704067 0.568088 0.72398 0.560976 0.748636 0.558605 0.762386 0.558012 0.782864 0.551303 0.800027 0.540327 0.816712 0.52423 0.825446 0.50431 0.829239 0.486299 0.824498 0.464963 0.810274 0.453109 0.789411 0.451924 0.770446 0.457851 0.788463 0.457851 0.810274 0.464963 0.81786 0.47326 0.81786 0.494596 0.811222 0.508821 0.794153 0.527786 0.773291 0.53964 0.747687 0.544381 0.718291 0.547937 0.697429 0.556234 0.678463 0.563346 0.642429 0.583497 0.600705 0.604834 0.56467 0.614316 0.517256 0.616687 0.463204 0.61076 0.403463 0.600092 0.352256 0.585868
3 21 0.250853 0.569112 0.2533 0.555349 0.291238 0.567234 0.334799 0.580237 0.332198 0.589177 0.301641 0.58105 0.265881 0.57211
0 21 0.196553 0.541763 0.192397 0.540464 0.191358 0.535918 0.193956 0.532022 0.197592 0.532671 0.19967 0.535918 0.19967 0.538516
1 21 0.209869 0.575994 0.209257 0.553055 0.208646 0.543879 0.207422 0.521705 0.1958 0.521705 0.187236 0.526293 0.183566 0.538527 0.184177 0.550761 0.189071 0.56223 0.197635 0.572935
2 21 0.209869 0.575994 0.225162 0.577523 0.239842 0.575229 0.248406 0.57217 0.250853 0.569112 0.2533 0.555349 0.244124 0.540056 0.229443 0.527822 0.207422 0.521705 0.208646 0.543879 0.209257 0.553055
0 10 0.474995 0.432072 0.472724 0.432356 0.472724 0.435621 0.475563 0.438176 0.479651 0.440589 0.482717 0.440589 0.481922 0.437466 0.477834 0.433775
2 1 0.927365 0.103463 0.930884 0.116308 0.937359 0.125282 0.946368 0.13971 0.951717 0.153259 0.957911 0.166104 0.962979 0.17191 0.965231 0.170678 0.968328 0.158537 0.967202 0.13795 0.967765 0.120003 0.96509 0.108038 0.957891 0.0881836 0.955261 0.0894955 0.944929 0.0926878 0.943072 0.0968959 0.938777 0.10241 0.93425 0.103861 0.929954 0.103426
1 1 0.927578 0.103516 0.92625 0.0977539 0.925781 0.0907227 0.926875 0.0866211 0.930469 0.0807617 0.936406 0.0776367 0.9425 0.0767578 0.948984 0.078125 0.952812 0.0813477 0.958047 0.0880859 0.954297 0.0897461 0.944453 0.0928711 0.943125 0.097168 0.938125 0.101953 0.934062 0.104004 0.929219 0.103809
0 1 0.933516 0.0951172 0.931953 0.0982422 0.933047 0.101562 0.934062 0.102637 0.936016 0.103027 0.938516 0.102148 0.939219 0.1 0.939766 0.0972656 0.938047 0.0947266 0.935781 0.0939453 0.934375 0.0939453
3 1 0.963449 0.178223 0.996931 0.234026 0.999107 0.23856 0.999107 0.226562 0.965078 0.169922 0.962187 0.171875
