4 6 0.69362 0.352671 0.701633 0.350667 0.702434 0.311604 0.708845 0.251505 0.720063 0.196415 0.737692 0.154346 0.745705 0.131309 0.74891 0.110274 0.749712 0.060192 0.743301 0.013115 0.736089 0 0.728878 0 0.735288 0.021128 0.738493 0.050176 0.740897 0.082228 0.740897 0.109273 0.733685 0.143328 0.720063 0.170372 0.710447 0.195413 0.704037 0.227466 0.696825 0.279551 0.694421 0.32763
3 6 0.683358 0.458228 0.688104 0.438452 0.69157 0.41535 0.69362 0.381718 0.69362 0.352671 0.701633 0.350667 0.703236 0.379715 0.703236 0.407761 0.697626 0.44983 0.691037 0.464805 0.688311 0.459353
1 6 0.647408 0.504904 0.653358 0.509552 0.665237 0.515754 0.68608 0.521637 0.69013 0.523191 0.686824 0.533721 0.677899 0.548595 0.672673 0.552057 0.666744 0.555102 0.656333 0.556032 0.646665 0.548595 0.642203 0.533721 0.642946 0.520707
2 6 0.647408 0.504904 0.659307 0.488171 0.666744 0.471438 0.674181 0.461212 0.68013 0.457494 0.688311 0.459353 0.692029 0.46679 0.693517 0.487241 0.690052 0.523191 0.68608 0.521637 0.66555 0.51595 0.653358 0.509552
4 12 0.824809 0.371512 0.831373 0.373563 0.848235 0.322001 0.872776 0.247455 0.899549 0.182561 0.933983 0.118049 0.965737 0.062642 0.976148 0.048698 1 0.026387 1 0.013182 0.983984 0.027317 0.967968 0.04405 0.945657 0.076586 0.924834 0.115629 0.903093 0.154713 0.881772 0.199293 0.856935 0.264366 0.835735 0.332418
3 12 0.789802 0.448091 0.789802 0.457663 0.799101 0.455612 0.809493 0.445356 0.814416 0.4351 0.825356 0.400229 0.831373 0.373563 0.824809 0.371512 0.817698 0.395443 0.809493 0.422109 0.801289 0.4351 0.796366 0.441253
0 12 0.727992 0.466552 0.72471 0.462449 0.72471 0.454928 0.728539 0.450826 0.733462 0.452193 0.73565 0.458347 0.734009 0.464501
1 12 0.746042 0.427579 0.744855 0.444269 0.745685 0.46872 0.75102 0.485317 0.742761 0.48638 0.726898 0.482278 0.718693 0.476124 0.712129 0.464501 0.711582 0.448775 0.717052 0.438518 0.725804 0.432365
2 12 0.746042 0.427579 0.760264 0.428946 0.772298 0.434416 0.782691 0.441253 0.789802 0.448091 0.789802 0.457663 0.78105 0.46997 0.767922 0.479543 0.75102 0.484873 0.745329 0.468572 0.745211 0.444269
4 17 0.369508 0.7373 0.375222 0.742495 0.356584 0.778948 0.335716 0.817098 0.314697 0.840563 0.289617 0.874206 0.274325 0.897145 0.25108 0.943023 0.238846 0.971315 0.229059 1 0.219883 1 0.240069 0.95067 0.261479 0.904792 0.277995 0.8765 0.306745 0.83674 0.331803 0.808294 0.360575 0.753395
3 17 0.412627 0.666516 0.417822 0.67366 0.408471 0.691842 0.394964 0.711973 0.383535 0.729507 0.375222 0.742495 0.369508 0.7373 0.387171 0.710025 0.403276 0.68405
1 17 0.424056 0.60937 0.438603 0.629501 0.457305 0.642489 0.461461 0.629501 0.465098 0.611318 0.461981 0.600279 0.455746 0.595084 0.447954 0.594434 0.440161 0.595084 0.431849 0.601578
2 17 0.419381 0.617163 0.414705 0.633398 0.411588 0.650931 0.412627 0.666516 0.417822 0.67366 0.428212 0.670413 0.442239 0.663269 0.45211 0.653529 0.457305 0.642489 0.438603 0.629501 0.424056 0.60937
4 22 0.335658 0.941776 0.341775 0.949422 0.316084 0.973126 0.286722 1 0.273876 1 0.308743 0.967773 0.327094 0.950951
3 22 0.403515 0.88804 0.407472 0.896079 0.399276 0.905838 0.379701 0.918072 0.36502 0.929542 0.346057 0.944834 0.341164 0.948658 0.335658 0.941776 0.355233 0.923425 0.375419 0.908132 0.388265 0.902015 0.397441 0.892839
1 22 0.420333 0.826208 0.428743 0.847849 0.441604 0.869491 0.448034 0.858361 0.45496 0.837956 0.455949 0.822498 0.453476 0.813223 0.44754 0.810132 0.44012 0.809513 0.433689 0.813223 0.424785 0.820643
2 22 0.413903 0.835483 0.406978 0.855269 0.403515 0.873201 0.403515 0.88804 0.407472 0.896079 0.416871 0.894842 0.427753 0.888659 0.438141 0.876292 0.441604 0.869491 0.428743 0.847849 0.420333 0.826208
4 30 0.335164 0.252165 0.336387 0.240695 0.265888 0.231658 0.201783 0.22665 0.091202 0.217635 0.054342 0.217635 0.03511 0.22064 0.024293 0.222643 0.011071 0.227652 0 0.233661 0 0.247684 0.027097 0.236666 0.05915 0.229655 0.108831 0.233661 0.226624 0.242676 0.294735 0.247684
3 30 0.43963 0.251691 0.43963 0.263776 0.414686 0.259047 0.382877 0.259047 0.351068 0.254459 0.335164 0.252165 0.336387 0.240695 0.371866 0.245283 0.406122 0.245283 0.431202 0.247577
0 30 0.456165 0.316035 0.459627 0.319127 0.461606 0.32531 0.460122 0.330257 0.454681 0.330875 0.451218 0.325929 0.450229 0.320364 0.452207 0.315417 0.456165 0.316035 0.460587 0.268292 0.456544 0.266126 0.451924 0.261073 0.451924 0.254576 0.455967 0.249522 0.460587 0.249522 0.462897 0.254576 0.46463 0.260351 0.463475 0.266126 0.460587 0.268292
1 30 0.432193 0.30189 0.447066 0.30189 0.456734 0.305608 0.476814 0.3242 0.472352 0.340003 0.463428 0.353018 0.453016 0.356736 0.446323 0.353947 0.438886 0.341862 0.434424 0.32513
2 30 0.432193 0.30189 0.438886 0.285157 0.441861 0.275861 0.43963 0.263776 0.43963 0.251691 0.446323 0.237747 0.455247 0.234958 0.466402 0.238677 0.472352 0.248902 0.474583 0.261917 0.474583 0.278649 0.473095 0.293523 0.476814 0.307932 0.476814 0.3242 0.456734 0.305608 0.447066 0.30189
0 6 0.657722 0.520353 0.657252 0.5228 0.658348 0.524854 0.659522 0.525246 0.661244 0.524169 0.661871 0.523582 0.662184 0.521919 0.661636 0.518788 0.6596 0.518494 0.658426 0.519081
1 1 0.597606 0.173933 0.605867 0.167048 0.611955 0.164693 0.621521 0.162519 0.628624 0.163062 0.632392 0.165418 0.635581 0.16886 0.639784 0.1781 0.641524 0.18571 0.640799 0.196581 0.637175 0.20564 0.629058 0.217598 0.620942 0.201835 0.604708 0.179369
0 1 0.628203 0.197949 0.627578 0.201758 0.628594 0.205078 0.631016 0.204785 0.6325 0.20332 0.633125 0.201367 0.633516 0.198633 0.633359 0.196875 0.6325 0.196289 0.630078 0.196387 0.628672 0.19707
2 1 0.597359 0.173876 0.591404 0.181319 0.583306 0.193526 0.57747 0.205138 0.571873 0.215112 0.569491 0.225532 0.569133 0.232529 0.568538 0.238781 0.560559 0.244289 0.558058 0.248309 0.562822 0.252477 0.569491 0.250393 0.575088 0.242503 0.583186 0.239675 0.593667 0.241908 0.609625 0.236548 0.625703 0.220769 0.629156 0.217642 0.621296 0.20216 0.60498 0.179533
4 1 0.558063 0.262828 0.531057 0.253424 0.507716 0.224971 0.503665 0.192178 0.505208 0.163243 0.512539 0.148052 0.544753 0.151427 0.565394 0.172888 0.574846 0.200617 0.570602 0.213638 0.566165 0.231723 0.560571 0.241368 0.55787 0.247878 0.562693 0.253906 0.56385 0.259693
