2 8 0.338751 0.255037 0.339721 0.26303 0.340148 0.270491 0.339721 0.276353 0.338442 0.287011 0.334606 0.2998 0.330769 0.305129 0.325653 0.306728 0.319684 0.304064 0.314142 0.295004 0.307321 0.282215 0.303484 0.269958 0.297516 0.251306 0.301779 0.250241 0.312863 0.249708 0.326505 0.249708 0.338016 0.250241
4 8 0.44174 0.710112 0.448135 0.708513 0.443537 0.685206 0.438539 0.654443 0.435872 0.635295 0.433396 0.632404 0.430458 0.62919 0.428254 0.632404 0.428254 0.642964 0.43156 0.667759 0.435233 0.682911 0.439273 0.701736 0.44174 0.710112 0.44174 0.710112 0.448135 0.708513 0.450693 0.719171 0.454529 0.732493 0.45794 0.741553 0.46263 0.747415 0.466893 0.749546 0.468901 0.747502 0.468166 0.742911 0.465962 0.733269 0.427026 0.636846 0.397273 0.577615 0.378906 0.541342 0.364213 0.503232 0.355398 0.471091 0.348419 0.438032 0.344378 0.411861 0.341807 0.396249 0.341258 0.389388 0.348237 0.386633 0.350793 0.404658 0.353601 0.423612 0.364272 0.469947 0.377189 0.508558 0.389545 0.535938 0.407068 0.571286 0.435872 0.635295 0.452941 0.678635 0.464676 0.711306 0.473211 0.733976 0.476945 0.749978 0.474278 0.758646 0.471077 0.75998 0.46521 0.759313 0.459342 0.756646 0.449208 0.738644 0.44174 0.710112
3 8 0.322953 0.305523 0.325653 0.306728 0.330769 0.305129 0.331944 0.303497 0.333544 0.309495 0.336115 0.319137 0.33753 0.329375 0.339788 0.341636 0.344196 0.362757 0.348237 0.386633 0.341258 0.389388 0.334646 0.357706 0.326197 0.320055
1 8 0.297516 0.251306 0.301779 0.250241 0.312863 0.249708 0.326505 0.249708 0.338016 0.250241 0.335509 0.236316 0.329186 0.223421 0.322198 0.218429 0.314544 0.216765 0.305226 0.220509 0.299901 0.224669 0.296241 0.232989 0.295575 0.24006 0.296241 0.246716
2 20 0.608589 0.613071 0.592815 0.613071 0.580026 0.616268 0.570647 0.621597 0.567662 0.625327 0.566383 0.630656 0.56681 0.637584 0.569794 0.649308 0.573631 0.66263 0.576615 0.666894 0.580452 0.67169 0.584425 0.662557 0.588607 0.659998 0.596704 0.660554 0.604001 0.663446 0.60667 0.66556 0.609962 0.664781 0.613166 0.651434 0.614411 0.628633 0.615837 0.614669
4 20 0.512738 0.423987 0.517854 0.427717 0.512859 0.433819 0.506869 0.439643 0.497219 0.445883 0.491228 0.445883 0.48424 0.440475 0.475588 0.433403 0.468599 0.423004 0.464938 0.41094 0.464938 0.389725 0.469265 0.360607 0.475255 0.344799 0.481578 0.3344 0.491561 0.327744 0.49023 0.341055 0.483574 0.348127 0.479581 0.354783 0.476586 0.362686 0.474589 0.375166 0.472925 0.392637 0.474256 0.409692 0.477584 0.420508 0.48191 0.426331 0.485904 0.430075 0.490563 0.432155 0.495555 0.432571 0.503209 0.430491 0.509864 0.426331 0.512738 0.423987 0.512738 0.423987 0.523823 0.405335 0.534054 0.386151 0.537891 0.372828 0.540875 0.361105 0.540875 0.352045 0.536186 0.339789 0.531923 0.33446 0.524675 0.332328 0.514017 0.332328 0.502933 0.335525 0.496112 0.34192 0.491849 0.351512 0.490996 0.362703 0.492701 0.379223 0.496112 0.393612 0.499096 0.411197 0.499949 0.422921 0.499949 0.434112 0.49867 0.447434 0.496538 0.470349 0.492275 0.492198 0.49057 0.51085 0.489717 0.526837 0.491422 0.541758 0.49398 0.556146 0.497391 0.566804 0.501654 0.578528 0.50555 0.586431 0.508977 0.591821 0.504636 0.60366 0.504636 0.60366 0.498717 0.593795 0.488456 0.57357 0.481748 0.544959 0.482537 0.516349 0.488438 0.474612 0.490996 0.450632 0.491422 0.426118 0.488864 0.406401 0.486306 0.388283 0.484601 0.375493 0.482896 0.357374 0.485027 0.341387 0.486733 0.331795 0.492275 0.324335 0.501654 0.320604 0.517428 0.317407 0.530644 0.320071 0.537891 0.325933 0.54386 0.336058 0.547696 0.349381 0.547696 0.364302 0.545139 0.380822 0.536186 0.400539 0.517854 0.427717 0.512738 0.423987
3 20 0.504636 0.60366 0.508977 0.591821 0.519237 0.600207 0.535417 0.610073 0.556332 0.621912 0.567328 0.626722 0.566383 0.630656 0.566727 0.636245 0.557122 0.631778 0.537785 0.622405 0.518448 0.611553
1 20 0.580452 0.67169 0.584247 0.66289 0.58834 0.659887 0.596437 0.660777 0.604179 0.663558 0.606848 0.665337 0.610318 0.66467 0.612988 0.651768 0.614589 0.628521 0.615837 0.614669 0.625216 0.625327 0.629479 0.637051 0.629905 0.649308 0.629905 0.661565 0.627774 0.669558 0.622231 0.678617 0.614984 0.685545 0.608163 0.687677 0.597931 0.686611 0.588126 0.681815 0.584289 0.677552
2 25 0.707248 0.476591 0.703251 0.484919 0.700142 0.492137 0.697477 0.49991 0.697033 0.505462 0.697477 0.515455 0.700142 0.524338 0.701122 0.52843 0.703862 0.532327 0.712578 0.531 0.728124 0.525448 0.739227 0.51601 0.743225 0.509903 0.74056 0.498244 0.733453 0.48603 0.724126 0.478812 0.71702 0.474371 0.71169 0.473816
4 25 0.668984 0.378351 0.677432 0.373759 0.672327 0.350956 0.667078 0.331511 0.665786 0.315915 0.669792 0.266815 0.679052 0.171538 0.688313 0.098522 0.696861 0 0.686176 0 0.676915 0.118112 0.66623 0.208936 0.659974 0.276224 0.658035 0.293795 0.656881 0.307218 0.658185 0.322271 0.660459 0.337418 0.664821 0.361048
3 25 0.668984 0.378351 0.677432 0.373759 0.688452 0.404064 0.705349 0.451357 0.714581 0.474117 0.71169 0.473816 0.707248 0.476591 0.705993 0.479206 0.701675 0.46605 0.688819 0.43299 0.677065 0.40085
1 25 0.703673 0.531973 0.712578 0.531 0.728124 0.525448 0.739227 0.51601 0.743225 0.509903 0.745001 0.522673 0.745001 0.534887 0.742781 0.542659 0.738339 0.549322 0.732565 0.551543 0.723238 0.550432 0.71702 0.548211 0.709469 0.541549 0.70636 0.537663
2 31 0.835947 0.203151 0.827821 0.199342 0.816647 0.192993 0.81106 0.189184 0.807505 0.18474 0.805981 0.178391 0.805473 0.156171 0.814108 0.152362 0.826297 0.150457 0.8329 0.149187 0.844581 0.149187 0.846105 0.156171 0.846613 0.165059 0.846613 0.173312 0.845089 0.184105 0.842042 0.193628 0.838994 0.201247
4 31 0.825582 0.291901 0.834021 0.293011 0.832244 0.319661 0.830023 0.351862 0.828247 0.382397 0.826414 0.417194 0.826414 0.434971 0.825906 0.450842 0.822859 0.473698 0.819304 0.490839 0.807622 0.53528 0.800511 0.570197 0.790354 0.633684 0.780704 0.681934 0.775117 0.711138 0.773085 0.732089 0.772069 0.751135 0.772069 0.762562 0.773593 0.772085 0.776133 0.778434 0.77918 0.780339 0.782227 0.777799 0.78629 0.767006 0.790861 0.748595 0.792893 0.727645 0.792893 0.709868 0.790354 0.692092 0.786798 0.672411 0.786798 0.660983 0.789338 0.644477 0.794925 0.63051 0.797464 0.62924 0.797972 0.634319 0.796956 0.643207 0.794417 0.65146 0.793401 0.658444 0.792893 0.669237 0.793401 0.674316 0.797464 0.683204 0.798988 0.692092 0.800004 0.701615 0.800511 0.714312 0.800004 0.733993 0.797464 0.754944 0.793401 0.77145 0.790354 0.781608 0.786798 0.787957 0.782735 0.789862 0.778164 0.789862 0.774101 0.787322 0.768006 0.777164 0.764451 0.765102 0.763943 0.74796 0.771561 0.687648 0.792893 0.570832 0.797972 0.542263 0.798988 0.528931 0.804067 0.513059 0.808638 0.493378 0.813717 0.469888 0.816256 0.453382 0.818796 0.424813 0.820319 0.399418 0.822351 0.356247 0.824382 0.308632
3 31 0.825582 0.291901 0.827358 0.276356 0.830023 0.254148 0.832688 0.235271 0.834465 0.212508 0.833657 0.202078 0.835947 0.203151 0.838994 0.201247 0.840405 0.197721 0.841571 0.210843 0.841127 0.224168 0.83935 0.24471 0.837574 0.261921 0.834909 0.279132 0.834021 0.293011
1 31 0.805473 0.156171 0.814108 0.152362 0.826297 0.150457 0.8329 0.149187 0.844581 0.149187 0.841026 0.135855 0.835947 0.128872 0.83036 0.125063 0.825789 0.124428 0.820202 0.126967 0.815123 0.130776 0.81106 0.137125 0.806489 0.147283
0 20 0.605335 0.66923 0.601598 0.665782 0.596348 0.662223 0.591276 0.662557 0.586649 0.66378 0.584514 0.667562 0.585226 0.67101 0.590298 0.67646 0.596526 0.679352 0.603022 0.679685 0.60578 0.677683 0.606136 0.67468 0.605335 0.66923 0.612632 0.66378 0.614144 0.668674 0.618237 0.670565 0.621263 0.668674 0.621619 0.664002 0.622775 0.656995 0.62242 0.644538 0.621352 0.632859 0.619216 0.626964 0.616369 0.625963 0.615034 0.627965 0.614322 0.637419 0.612632 0.656884 0.612632 0.66378
0 8 0.308359 0.230664 0.312578 0.231348 0.316172 0.23457 0.316562 0.239551 0.315312 0.24668 0.313906 0.248633 0.3075 0.248926 0.304453 0.248535 0.301406 0.24707 0.301016 0.242188 0.302969 0.236426 0.305469 0.233008
