4 5 0.317429 0.408963 0.325881 0.410588 0.317945 0.451477 0.3151 0.495335 0.311307 0.54749 0.301824 0.586606 0.277169 0.663654 0.243979 0.770335 0.209841 0.866348 0.187083 0.930356 0.179497 0.965917 0.176652 1 0.169066 1 0.17191 0.954063 0.18329 0.910205 0.213635 0.827231 0.243031 0.744257 0.267686 0.663654 0.290445 0.591348 0.302772 0.545119 0.306566 0.489408 0.30941 0.447921
3 5 0.317429 0.309 0.32198 0.311438 0.329782 0.311438 0.329782 0.333381 0.331083 0.358575 0.329782 0.388645 0.325881 0.410588 0.317429 0.408963 0.32068 0.386207 0.32068 0.35695 0.31808 0.324441
1 5 0.296624 0.249672 0.300525 0.250485 0.323281 0.251298 0.350716 0.249604 0.350588 0.240733 0.345386 0.226104 0.338885 0.216351 0.327832 0.212288 0.316129 0.211475 0.303776 0.217977 0.297924 0.229355
2 5 0.298575 0.267552 0.308327 0.293559 0.317429 0.309 0.32198 0.311438 0.329782 0.311438 0.338885 0.297622 0.346037 0.279743 0.350852 0.249775 0.323281 0.251298 0.300525 0.250485 0.296624 0.249672
4 12 0.405495 0.072891 0.412718 0.073455 0.409107 0.04411 0.408655 0.0142 0.405947 0 0.400529 0 0.403238 0.013071 0.402786 0.028873 0.402786 0.043545 0.404141 0.058218
3 12 0.405491 0.160492 0.413284 0.167635 0.414976 0.156976 0.417233 0.138918 0.417233 0.119166 0.415427 0.104493 0.413621 0.088692 0.412718 0.073455 0.405495 0.072891 0.406849 0.087563 0.408204 0.099979 0.41001 0.112958 0.411364 0.127067 0.410461 0.140046 0.408655 0.151333
0 12 0.381004 0.225921 0.380289 0.222344 0.381362 0.21966 0.383509 0.21966 0.385655 0.221002 0.386013 0.223685 0.38494 0.226368 0.383151 0.226816 0.381004 0.225921 0.3743 0.22642 0.3743 0.229534 0.373054 0.232129 0.369611 0.232644 0.367656 0.230053 0.367241 0.22642 0.369317 0.224344 0.372224 0.224344 0.3743 0.22642
1 12 0.359255 0.213742 0.371723 0.214391 0.395621 0.218937 0.384192 0.235171 0.373801 0.244263 0.363931 0.244912 0.359255 0.240367 0.356658 0.234522 0.356138 0.224781
2 12 0.362372 0.202702 0.371204 0.181922 0.382114 0.169583 0.394582 0.161791 0.405491 0.160492 0.413284 0.167635 0.413804 0.184519 0.404562 0.205592 0.395621 0.218937 0.371723 0.214391 0.359255 0.213742
4 17 0.493947 0.267412 0.50122 0.266113 0.494967 0.230956 0.486063 0.189528 0.477654 0.168505 0.469739 0.146864 0.457373 0.119658 0.43907 0.067718 0.424725 0.021962 0.414337 0 0.408401 0 0.420273 0.033092 0.429672 0.062772 0.443028 0.102345 0.458857 0.141917 0.469739 0.167887 0.478643 0.193856 0.485074 0.222299 0.49101 0.250124
3 17 0.509585 0.359692 0.515002 0.3659 0.516806 0.355079 0.518364 0.338845 0.516806 0.320662 0.51265 0.301829 0.50122 0.266113 0.493947 0.267412 0.50122 0.288192 0.506416 0.304427 0.509013 0.318714 0.510572 0.334299 0.510572 0.349884
1 17 0.46489 0.412175 0.473016 0.411046 0.482497 0.417818 0.493332 0.427976 0.503716 0.439827 0.498298 0.45055 0.48972 0.456193 0.482948 0.457886 0.473016 0.455064 0.466244 0.447728 0.463987 0.436441 0.463535 0.424026
2 17 0.46489 0.412175 0.470307 0.395809 0.479788 0.378879 0.49288 0.366464 0.503716 0.359692 0.509585 0.359692 0.515002 0.3659 0.518163 0.38283 0.518163 0.400324 0.511842 0.420076 0.503716 0.439827 0.493332 0.427976 0.482497 0.417818 0.473016 0.411046
4 22 0.599278 0.64095 0.606208 0.639507 0.615356 0.664122 0.629231 0.68667 0.649351 0.701413 0.673634 0.714422 0.722893 0.723962 0.774927 0.728298 0.836674 0.730032 0.864425 0.731767 0.892177 0.739572 0.912297 0.749979 0.956005 0.76212 1 0.779464 1 0.791606 0.962249 0.773394 0.919928 0.762987 0.903277 0.758651 0.888014 0.749979 0.874138 0.744775 0.847774 0.739572 0.812391 0.739572 0.747175 0.735236 0.709711 0.731767 0.671552 0.723094 0.644495 0.71182 0.620212 0.692741 0.606337 0.666724
3 22 0.574443 0.545656 0.585417 0.544212 0.589459 0.557929 0.592347 0.573811 0.597545 0.598357 0.606208 0.639507 0.599278 0.64095 0.590614 0.601245 0.583106 0.568758 0.579064 0.557207
1 22 0.540368 0.497287 0.546144 0.497287 0.56774 0.492883 0.589248 0.486162 0.584839 0.474186 0.580286 0.465866 0.573866 0.459747 0.562574 0.455455 0.553652 0.456137 0.545566 0.465523 0.539213 0.479239
2 22 0.543834 0.51317 0.55654 0.535549 0.564625 0.541325 0.574443 0.545656 0.585417 0.544212 0.590614 0.527608 0.593502 0.51317 0.592925 0.498009 0.589353 0.486294 0.567529 0.493147 0.546144 0.497287 0.540368 0.497287
4 28 0.584268 0.350775 0.577514 0.354022 0.572839 0.349476 0.565566 0.350126 0.561409 0.353373 0.556214 0.363763 0.551539 0.387141 0.547383 0.442988 0.543493 0.469998 0.539213 0.479239 0.540368 0.497287 0.542707 0.508006 0.542707 0.524811 0.538551 0.55728 0.530239 0.581308 0.51881 0.598841 0.500107 0.619622 0.45241 0.680402 0.430283 0.716784 0.420411 0.73806 0.408154 0.760539 0.403478 0.790411 0.398283 0.823529 0.393608 0.849505 0.385815 0.86509 0.373866 0.877429 0.385296 0.857947 0.389971 0.835218 0.393348 0.812738 0.397263 0.788909 0.40271 0.759549 0.412582 0.738485 0.425688 0.712103 0.453871 0.665728 0.477249 0.635207 0.501146 0.608582 0.515693 0.588451 0.523485 0.574165 0.530758 0.548838 0.536473 0.52546 0.535434 0.504031 0.535434 0.485198 0.536992 0.466366 0.538551 0.452729 0.542188 0.415065 0.543746 0.389089 0.545824 0.372854 0.551019 0.355321 0.555695 0.346229 0.565566 0.339736 0.574397 0.339086 0.580631 0.341034 0.584268 0.350775 0.584268 0.350775 0.577514 0.354022 0.576995 0.367659 0.568163 0.384543 0.548941 0.40922 0.532836 0.43 0.520368 0.448833 0.509458 0.463119 0.496471 0.471561 0.487639 0.476756 0.491276 0.485848 0.512576 0.470262 0.524005 0.456625 0.532836 0.442988 0.544785 0.425455 0.555695 0.410519 0.57128 0.394934 0.579592 0.380647 0.585307 0.362464 0.584268 0.350775
3 28 0.424778 0.533253 0.430493 0.537799 0.435168 0.538448 0.441403 0.531954 0.453871 0.517018 0.471015 0.499485 0.479846 0.491692 0.491276 0.485848 0.487639 0.476756 0.474132 0.484549 0.4653 0.49364 0.450234 0.507927 0.439325 0.522214 0.434129 0.526759 0.428934 0.52611
1 28 0.384776 0.520915 0.393608 0.508576 0.406076 0.491692 0.414908 0.478705 0.406076 0.466366 0.395166 0.46182 0.384256 0.46182 0.375425 0.466366 0.371269 0.476756 0.371269 0.488445 0.375944 0.505329
2 28 0.384776 0.520915 0.398283 0.533902 0.409193 0.535851 0.417505 0.535851 0.424778 0.533253 0.428934 0.52611 0.430493 0.513122 0.427376 0.499485 0.414908 0.478705 0.406076 0.491692 0.393608 0.508576
4 35 0.640976 0.823844 0.639418 0.834235 0.672155 0.841405 0.702741 0.846758 0.729044 0.849051 0.755347 0.845228 0.77064 0.845993 0.792661 0.85211 0.815294 0.858227 0.844656 0.86205 0.864843 0.866638 0.888087 0.880401 0.938247 0.91481 0.972503 0.947689 0.982902 0.954571 0.994524 0.9561 1 0.9561 1 0.947689 0.98963 0.94616 0.976173 0.940807 0.962715 0.92475 0.920508 0.891871 0.874018 0.863579 0.857502 0.854404 0.830587 0.850581 0.811012 0.846758 0.787768 0.840641 0.760853 0.834523 0.744337 0.834523 0.721092 0.836053 0.693565 0.835288 0.656863 0.827642
3 35 0.557518 0.822805 0.561189 0.809041 0.570842 0.812155 0.588506 0.814104 0.598896 0.818649 0.609286 0.819948 0.621235 0.821896 0.640976 0.823844 0.639418 0.834235 0.619676 0.834884 0.595779 0.832286 0.576557 0.82839 0.570323 0.827741
0 35 0.508515 0.803294 0.508515 0.806704 0.506878 0.809433 0.503877 0.810115 0.501422 0.808409 0.499785 0.80534 0.500058 0.80193 0.501968 0.799884 0.504423 0.799884 0.506878 0.801589 0.508515 0.803294 0.523247 0.783175 0.521337 0.781129 0.521337 0.778401 0.522428 0.775331 0.524883 0.774649 0.527612 0.775331 0.529248 0.77806 0.529248 0.780788 0.527066 0.783175 0.523247 0.783175
1 35 0.509806 0.827392 0.512864 0.815923 0.520204 0.803689 0.524486 0.79069 0.527545 0.772339 0.517146 0.768516 0.506135 0.768516 0.495736 0.774633 0.488396 0.784573 0.487172 0.795278 0.489008 0.805983 0.495125 0.819746 0.50063 0.825098
2 35 0.509806 0.827392 0.527545 0.830451 0.542226 0.830451 0.55079 0.827392 0.557518 0.822805 0.561189 0.809041 0.552163 0.791137 0.540183 0.778586 0.527545 0.772339 0.524486 0.79069 0.520204 0.803689 0.512864 0.815923
0 5 0.322684 0.238059 0.322117 0.239831 0.322778 0.241838 0.32429 0.243019 0.326368 0.242074 0.327029 0.239358 0.325707 0.237823 0.324006 0.237823
