2 6 0.809941 0.479378 0.8071 0.487367 0.806035 0.496686 0.804615 0.504675 0.80426 0.512663 0.80497 0.523314 0.8071 0.527309 0.812781 0.530415 0.818817 0.530859 0.828048 0.52864 0.837634 0.522427 0.844025 0.516657 0.84855 0.511109 0.845445 0.506894 0.840474 0.501568 0.833728 0.495355 0.826273 0.490917 0.818817 0.485591 0.814911 0.481153 0.811006 0.477603
1 6 0.811006 0.477603 0.814911 0.481153 0.818817 0.485591 0.826273 0.490917 0.833728 0.495355 0.840474 0.501568 0.845445 0.506894 0.84855 0.511109 0.854299 0.504295 0.856959 0.495316 0.857491 0.48434 0.857757 0.476691 0.856693 0.467046 0.85217 0.459729 0.847647 0.456403 0.839399 0.45474 0.828756 0.457068 0.821572 0.460727 0.817049 0.466381 0.81226 0.474695
3 6 0.80497 0.523314 0.8071 0.527309 0.812781 0.530415 0.806736 0.540609 0.79409 0.56016 0.778782 0.580959 0.7678 0.593023 0.760479 0.585119 0.771461 0.574304 0.785105 0.555168 0.799082 0.533121
4 6 0.7678 0.593023 0.760479 0.585119 0.745798 0.600841 0.734561 0.612669 0.724803 0.624867 0.717115 0.634108 0.704103 0.647785 0.690205 0.656656 0.681629 0.659983 0.674237 0.666267 0.666252 0.672181 0.661521 0.674399 0.653537 0.678095 0.647031 0.679943 0.636977 0.682531 0.626331 0.685118 0.61332 0.686227 0.594395 0.686227 0.550157 0.680051 0.53353 0.673657 0.516904 0.666196 0.488766 0.652873 0.460629 0.643814 0.441019 0.634755 0.424818 0.633689 0.421408 0.644347 0.442724 0.649143 0.466598 0.658735 0.495588 0.667795 0.519888 0.680051 0.545041 0.689111 0.564225 0.694973 0.591936 0.696038 0.614531 0.697104 0.637126 0.693374 0.656737 0.688578 0.681463 0.672591 0.704484 0.658735 0.7258 0.635821 0.752232 0.607044
2 12 0.248491 0.819819 0.256278 0.816574 0.265103 0.814952 0.277302 0.815276 0.282753 0.817548 0.288983 0.820468 0.291838 0.822739 0.293395 0.825659 0.294174 0.832473 0.290281 0.839286 0.285868 0.848046 0.282753 0.853238 0.276783 0.860376 0.274188 0.863296 0.271332 0.865243 0.260313 0.869727 0.258047 0.864746 0.256094 0.860254 0.254766 0.854199 0.252109 0.844043 0.249789 0.836691 0.247972 0.828255 0.245636 0.821117
1 12 0.245636 0.821117 0.247972 0.828255 0.249789 0.836691 0.252031 0.844238 0.255312 0.857031 0.256797 0.8625 0.258828 0.867188 0.260077 0.869741 0.249656 0.871098 0.242492 0.871098 0.234242 0.86947 0.229031 0.864856 0.224689 0.859157 0.224038 0.847759 0.225992 0.838261 0.230117 0.832291 0.235544 0.827677 0.241719 0.823145
0 12 0.241095 0.83744 0.242572 0.834487 0.244344 0.833195 0.246411 0.83301 0.247888 0.83301 0.249461 0.834302 0.250347 0.836164 0.249987 0.838282 0.248626 0.840417 0.246854 0.8415 0.244325 0.84199 0.242129 0.840947 0.241538 0.840024
3 12 0.291838 0.822739 0.293395 0.825659 0.294174 0.832473 0.304651 0.829526 0.317202 0.825097 0.326061 0.821959 0.339351 0.814945 0.352492 0.807193 0.365782 0.798518 0.362681 0.790581 0.356036 0.794826 0.344076 0.802763 0.332263 0.808854 0.324142 0.813653 0.31292 0.817529 0.303322 0.819744 0.294462 0.821774
4 12 0.362681 0.790581 0.365782 0.798518 0.386059 0.787427 0.401809 0.775409 0.422265 0.760067 0.445175 0.741146 0.467062 0.719923 0.513674 0.680579 0.534622 0.661496 0.56267 0.642856 0.600659 0.614009 0.657786 0.575822 0.695796 0.553224 0.729919 0.532432 0.764053 0.506596 0.805425 0.465685 0.83531 0.44108 0.826324 0.433358 0.803297 0.451611 0.775777 0.476884 0.752751 0.500051 0.74208 0.510581 0.701081 0.535854 0.660644 0.557617 0.618522 0.587103 0.5662 0.626546 0.527115 0.656527 0.484032 0.69317 0.453385 0.719264 0.419185 0.749244 0.395201 0.770341 0.370328 0.785887
2 18 0.204772 0.624475 0.214351 0.624143 0.223131 0.626471 0.230315 0.630795 0.235636 0.635451 0.237499 0.639774 0.237232 0.649419 0.234572 0.656404 0.230581 0.667712 0.224993 0.676691 0.221534 0.679685 0.216213 0.681348 0.213692 0.682216 0.209989 0.68391 0.207641 0.678604 0.205202 0.67262 0.201319 0.661105 0.199332 0.652411 0.197796 0.643718 0.196712 0.633445 0.196893 0.625316
1 18 0.196803 0.632993 0.197887 0.644057 0.199874 0.652863 0.201409 0.660879 0.205383 0.672733 0.207641 0.679394 0.209989 0.684249 0.207175 0.684585 0.200162 0.684585 0.190489 0.683376 0.181057 0.678539 0.173772 0.674426 0.168443 0.667088 0.166548 0.65889 0.167999 0.646194 0.171868 0.638637 0.176946 0.631987 0.182508 0.628057 0.188764 0.624977 0.196893 0.624752
0 18 0.188743 0.666801 0.190366 0.664097 0.192168 0.662971 0.194151 0.662971 0.195953 0.664322 0.196985 0.666436 0.197195 0.669209 0.195953 0.670856 0.195052 0.671983 0.192889 0.672884 0.190366 0.672434 0.189104 0.67018
3 18 0.235636 0.635451 0.237499 0.639774 0.237232 0.649419 0.262485 0.645966 0.297526 0.64023 0.315254 0.636841 0.314229 0.625348 0.295431 0.628205 0.277503 0.631083 0.254351 0.634233 0.238291 0.63658
4 18 0.314229 0.625348 0.315254 0.636841 0.347308 0.63086 0.374034 0.626529 0.40571 0.620342 0.426249 0.613228 0.450748 0.604566 0.469308 0.595286 0.49095 0.58067 0.508702 0.559368 0.516158 0.541616 0.524774 0.520292 0.529295 0.503005 0.529295 0.491023 0.527253 0.457785 0.520877 0.422404 0.519949 0.402223 0.522176 0.391553 0.52818 0.382022 0.530664 0.373054 0.521711 0.370922 0.515742 0.374652 0.512332 0.389574 0.511053 0.405561 0.510626 0.42208 0.512758 0.437535 0.516169 0.453522 0.517021 0.472173 0.5183 0.49189 0.5183 0.502548 0.515742 0.516937 0.508921 0.533989 0.502526 0.547845 0.493574 0.561167 0.481637 0.575556 0.467994 0.585148 0.452647 0.59101 0.441989 0.597938 0.428773 0.600069 0.406604 0.608063 0.38742 0.613392 0.362693 0.617655 0.33413 0.622451 0.320914 0.625115
2 24 0.528691 0.185797 0.526866 0.201386 0.526866 0.215455 0.52717 0.22382 0.529907 0.235607 0.531359 0.241085 0.534677 0.243531 0.539945 0.245113 0.548767 0.24131 0.56063 0.22496 0.566409 0.211272 0.569755 0.202527 0.564584 0.199485 0.556371 0.195683 0.546637 0.19112 0.539337 0.186938 0.530212 0.182755
1 24 0.530212 0.182755 0.539337 0.186938 0.546637 0.19112 0.556371 0.195683 0.564584 0.199485 0.569755 0.202527 0.573498 0.191988 0.575153 0.179575 0.575153 0.168344 0.574207 0.159182 0.569951 0.151497 0.563567 0.145586 0.559784 0.144108 0.549144 0.148246 0.541342 0.155635 0.535903 0.164797 0.533066 0.171595 0.530465 0.178984
0 24 0.558959 0.166263 0.561536 0.163847 0.564597 0.163645 0.566692 0.165458 0.567658 0.170492 0.567175 0.17311 0.565886 0.173916 0.562825 0.174318 0.56057 0.174318 0.55912 0.172909 0.558476 0.171499 0.558476 0.169485
3 24 0.531359 0.241085 0.534677 0.243531 0.539945 0.245113 0.536643 0.255617 0.528807 0.276841 0.525261 0.287336 0.52097 0.298531 0.517052 0.316256 0.515559 0.326052 0.51407 0.336158 0.513857 0.342008 0.503432 0.340413 0.506198 0.32552 0.510453 0.306106 0.516836 0.283235 0.523218 0.264619 0.529175 0.246535
4 24 0.513857 0.342008 0.503432 0.340413 0.501884 0.350628 0.500894 0.371972 0.500399 0.389295 0.500399 0.404452 0.501389 0.429198 0.502626 0.449614 0.505922 0.485474 0.509471 0.514918 0.516158 0.541616 0.521087 0.556865 0.52625 0.582275 0.532703 0.610509 0.538834 0.637129 0.543997 0.654876 0.544161 0.666358 0.539975 0.692992 0.53541 0.716297 0.530844 0.73865 0.52818 0.760053 0.5278 0.772419 0.530844 0.788589 0.536171 0.801906 0.545683 0.82426 0.552912 0.833296 0.561663 0.82426 0.548346 0.804284 0.542639 0.78526 0.541117 0.768614 0.540736 0.755297 0.54378 0.736748 0.548346 0.712016 0.55101 0.693943 0.552912 0.677772 0.553293 0.666833 0.553293 0.653992 0.547585 0.633065 0.541878 0.608809 0.526839 0.543733 0.516173 0.500562 0.513125 0.468819 0.511094 0.44025 0.50957 0.411046 0.51211 0.379302 0.51211 0.352003
2 30 0.71465 0.703056 0.712396 0.708499 0.70601 0.719142 0.704414 0.72912 0.702551 0.734774 0.701753 0.740095 0.701753 0.744419 0.70335 0.750073 0.70601 0.754396 0.710534 0.755394 0.724369 0.750405 0.732351 0.743421 0.736874 0.738099 0.74074 0.734074 0.737673 0.727124 0.73448 0.72014 0.73 0.709863 0.728516 0.704102 0.727891 0.698535 0.727344 0.694629 0.727031 0.689258 0.71825 0.696859
1 30 0.727266 0.694531 0.728047 0.699316 0.728437 0.704004 0.729766 0.70918 0.73448 0.72014 0.737673 0.727124 0.74074 0.734074 0.744345 0.725958 0.74695 0.716188 0.747818 0.707504 0.74695 0.698549 0.744345 0.692307 0.741956 0.687693 0.739785 0.685794 0.733706 0.685794 0.727193 0.688508 0.727578 0.69043 0.727422 0.69375
4 30 0.711671 0.813228 0.706074 0.81556 0.702528 0.803199 0.700663 0.794103 0.69917 0.785707 0.697677 0.775911 0.697677 0.766582 0.699916 0.757953 0.700103 0.751656 0.700663 0.747458 0.701753 0.744419 0.70335 0.750073 0.70601 0.754396 0.703835 0.764017 0.703648 0.773113 0.703648 0.781509 0.7057 0.790138 0.707566 0.797602 0.709432 0.806231 0.711671 0.813228 0.711671 0.813228 0.706074 0.81556 0.709356 0.827043 0.711606 0.83497 0.713038 0.843664 0.713038 0.848266 0.712219 0.851846 0.707105 0.85517 0.704446 0.854147 0.701173 0.850823 0.698923 0.845709 0.696673 0.839061 0.696673 0.832669 0.69831 0.823464 0.700764 0.812725 0.702528 0.803199 0.700663 0.794103 0.69917 0.785707 0.696673 0.793292 0.694014 0.808122 0.692173 0.820651 0.69115 0.830623 0.69115 0.837527 0.691764 0.843152 0.692582 0.848777 0.695446 0.85517 0.698514 0.859261 0.705264 0.862329 0.711606 0.861051 0.715901 0.85875 0.719174 0.854914 0.719992 0.848777 0.719992 0.843664 0.718765 0.837783 0.717129 0.831902 0.715288 0.823975 0.712628 0.81656 0.711671 0.813228
