2 7 0.38616 0.586709 0.388628 0.573339 0.391097 0.55277 0.394388 0.530145 0.397772 0.516643 0.404261 0.51986 0.413828 0.52472 0.424401 0.53243 0.431058 0.539528 0.435525 0.545571 0.42812 0.553799 0.418247 0.564083 0.409197 0.576424 0.396856 0.588766 0.390274 0.592879 0.387806 0.592879
4 7 0.334544 0.666744 0.340845 0.672803 0.322591 0.705532 0.304801 0.735182 0.284639 0.766314 0.26092 0.801152 0.215259 0.8775 0.174936 0.943471 0.136391 1 0.125124 1 0.160111 0.9494 0.182052 0.914562 0.20162 0.881947 0.241351 0.816718 0.27693 0.761125 0.316068 0.696637 0.328521 0.677365
3 7 0.334544 0.666744 0.354487 0.630973 0.365137 0.613366 0.37407 0.599194 0.381628 0.589317 0.386633 0.584149 0.38616 0.586709 0.387806 0.592879 0.390274 0.592879 0.390374 0.592817 0.383015 0.606156 0.368958 0.624938 0.353448 0.649174 0.340845 0.672803
1 7 0.397674 0.516398 0.404261 0.51986 0.413925 0.524842 0.424597 0.53243 0.431156 0.539772 0.435659 0.545646 0.439488 0.538372 0.441156 0.524278 0.437911 0.51211 0.43374 0.504577 0.426786 0.498783 0.418443 0.497045 0.412416 0.498203 0.405 0.503418 0.399901 0.510372
2 14 0.41952 0.79047 0.415027 0.79398 0.406041 0.796788 0.400424 0.798192 0.392562 0.79398 0.387374 0.787988 0.380573 0.779177 0.381891 0.765899 0.384137 0.751858 0.386384 0.740625 0.38863 0.732903 0.393685 0.733605 0.401548 0.739221 0.411657 0.74905 0.41615 0.754666 0.419636 0.758546 0.421543 0.762382 0.422889 0.765899 0.422889 0.775727 0.422889 0.782747
4 14 0.489906 0.843805 0.494372 0.837364 0.498701 0.842927 0.505487 0.85141 0.513242 0.858075 0.52536 0.863528 0.542324 0.868981 0.55832 0.873726 0.589826 0.883522 0.618908 0.893216 0.639751 0.903516 0.659139 0.915028 0.676104 0.930175 0.695492 0.953198 0.713911 0.976828 0.726998 1 0.718758 1 0.70664 0.981675 0.689676 0.961075 0.67368 0.942293 0.656715 0.92654 0.640235 0.914422 0.622786 0.905334 0.598551 0.896245 0.573346 0.887763 0.553714 0.881352 0.532872 0.876403 0.518574 0.870798 0.504517 0.862922 0.4924 0.850198
3 14 0.419089 0.790806 0.41952 0.79047 0.421898 0.785019 0.426005 0.787119 0.432189 0.788408 0.446962 0.792702 0.457269 0.796137 0.467919 0.800861 0.476507 0.808591 0.484409 0.820186 0.494372 0.837364 0.489906 0.843805 0.481317 0.830922 0.473416 0.819757 0.465514 0.812886 0.455551 0.806444 0.445931 0.80215 0.436999 0.799573 0.428067 0.796567 0.421539 0.792702
1 14 0.380573 0.778866 0.381891 0.765899 0.384137 0.751858 0.386384 0.740625 0.38863 0.732903 0.381891 0.731499 0.37459 0.732201 0.368412 0.735711 0.365604 0.739923 0.365604 0.746944 0.368973 0.758878 0.377398 0.775025
2 19 0.547349 0.633173 0.541533 0.62772 0.534262 0.622267 0.527476 0.614997 0.52166 0.608938 0.515358 0.597426 0.517297 0.592579 0.523598 0.587126 0.532323 0.582885 0.543472 0.579855 0.552031 0.576953 0.556074 0.584702 0.558013 0.593185 0.558013 0.608332 0.556559 0.621055 0.556074 0.629538 0.552196 0.633779
4 19 0.553295 0.711364 0.560673 0.713414 0.554967 0.749936 0.552058 0.773566 0.552058 0.79053 0.550604 0.801436 0.546727 0.814766 0.543334 0.828095 0.538487 0.851725 0.536063 0.869901 0.535094 0.892925 0.535578 0.924431 0.537032 0.95836 0.538002 1 0.530731 1 0.527823 0.96139 0.527823 0.932307 0.527338 0.912919 0.526854 0.887472 0.528308 0.865054 0.532185 0.842031 0.538002 0.81416 0.54091 0.804466 0.542364 0.796589 0.542849 0.782654 0.544788 0.764477 0.551089 0.722066
3 19 0.548641 0.633335 0.552196 0.633779 0.556074 0.629538 0.556282 0.625905 0.562312 0.637589 0.564361 0.646811 0.564771 0.663205 0.562722 0.687797 0.560673 0.713414 0.553295 0.711364 0.555754 0.669866 0.555754 0.657057 0.554525 0.652446 0.553295 0.643737 0.550836 0.637077
1 19 0.515358 0.597426 0.517297 0.592579 0.523598 0.587126 0.532323 0.582885 0.543472 0.579855 0.551875 0.57666 0.550257 0.568949 0.546864 0.562891 0.541048 0.554408 0.534262 0.548955 0.52893 0.546532 0.52166 0.548349 0.514874 0.552591 0.511481 0.558649 0.508573 0.568949 0.509057 0.578644 0.511966 0.590761
2 25 0.8874 0.609576 0.880466 0.606909 0.874599 0.603575 0.868198 0.59224 0.86393 0.576238 0.86233 0.56757 0.867946 0.56467 0.8757 0.562481 0.884955 0.559459 0.896468 0.556235 0.90607 0.556235 0.908203 0.566236 0.908203 0.572904 0.908203 0.579572 0.90767 0.584906 0.905003 0.592907 0.900736 0.599574 0.896468 0.605575 0.892735 0.607576
4 25 0.90523 0.689066 0.913747 0.686405 0.919462 0.709801 0.929543 0.750569 0.932508 0.77159 0.931915 0.788373 0.931915 0.811351 0.933101 0.824694 0.934287 0.842483 0.934287 0.873615 0.932508 0.890664 0.930729 0.909195 0.925392 0.927726 0.914718 0.965529 0.901079 1 0.891591 1 0.900486 0.982578 0.908195 0.961082 0.918276 0.926244 0.922427 0.914384 0.924799 0.896594 0.925392 0.878063 0.924206 0.853602 0.92302 0.824694 0.92302 0.803198 0.924206 0.78689 0.923658 0.773548 0.920648 0.757982 0.91709 0.743157 0.911753 0.724626 0.907602 0.70313
3 25 0.887837 0.609412 0.892735 0.607576 0.896468 0.605575 0.897398 0.604268 0.901884 0.625188 0.908272 0.660929 0.913747 0.686405 0.90523 0.689066 0.899411 0.657788 0.892409 0.623825
0 25 0.874363 0.562551 0.871615 0.56341 0.869891 0.565331 0.86921 0.567275 0.86921 0.570281 0.870241 0.571569 0.872302 0.572428 0.874363 0.571569 0.875737 0.569422 0.876081 0.566416 0.875701 0.564122
1 25 0.86233 0.56757 0.867863 0.56467 0.876034 0.562273 0.885039 0.559146 0.896468 0.556235 0.90607 0.556235 0.902336 0.536899 0.899136 0.527564 0.893801 0.52223 0.883667 0.521563 0.876199 0.52223 0.866598 0.528231 0.86073 0.536899 0.85913 0.546233 0.860197 0.558235
0 14 0.381071 0.747765 0.380656 0.751912 0.380822 0.75751 0.383061 0.759687 0.385301 0.759065 0.386047 0.755125 0.386213 0.750046 0.385383 0.74621 0.383559 0.745484 0.381817 0.745795
0 7 0.415394 0.512115 0.413925 0.516398 0.414317 0.518234 0.416862 0.518846 0.420876 0.517989 0.422932 0.516643 0.424695 0.513461 0.423128 0.510647 0.419114 0.510647 0.416862 0.511259
2 1 0.0330713 0.773661 0.0322725 0.745503 0.0337104 0.720939 0.0389826 0.706959 0.0503259 0.690184 0.0603911 0.680598 0.0664622 0.677802 0.0752492 0.677203 0.0814801 0.680199 0.0870718 0.685591 0.0896281 0.695576 0.0902671 0.704763 0.0891488 0.721138 0.0846754 0.738912 0.0723735 0.758484 0.0655036 0.769467 0.0508052 0.771265 0.0447342 0.776856 0.0381838 0.778254
0 1 0.0707758 0.687588 0.0666219 0.691981 0.069977 0.698172 0.0742906 0.701168 0.0778055 0.700569 0.0789238 0.697373 0.078125 0.690983 0.075409 0.688387 0.072693 0.687188
