3 6 0.837502 0.15507 0.805458 0.157233 0.769604 0.161449 0.771399 0.168736 0.812314 0.16452 0.837502 0.163316 0.837502 0.158368
4 6 0.769604 0.161449 0.682913 0.171335 0.513296 0.188219 0.406485 0.192988 0.319837 0.19435 0.293135 0.192988 0.288298 0.194775 0.289591 0.204141 0.301042 0.208333 0.420109 0.201843 0.545448 0.193669 0.663703 0.180726 0.771399 0.168736
1 6 0.872783 0.135972 0.882804 0.137032 0.889287 0.142434 0.892588 0.145996 0.895769 0.153624 0.896513 0.160956 0.895152 0.169058 0.894226 0.172531 0.891139 0.178319 0.888669 0.180248 0.881878 0.185264 0.871364 0.186953 0.873123 0.179257 0.873248 0.171727 0.873439 0.165144 0.872578 0.153536 0.872578 0.145158
2 6 0.863888 0.13528 0.854653 0.137479 0.847616 0.140778 0.843219 0.144076 0.84102 0.145725 0.839261 0.149023 0.837502 0.15507 0.837502 0.158368 0.837502 0.163316 0.839261 0.171012 0.842339 0.175409 0.845857 0.179257 0.852894 0.184205 0.861689 0.185854 0.869165 0.186953 0.871364 0.186953 0.873123 0.179257 0.873152 0.171966 0.873535 0.165384 0.872673 0.154254 0.872386 0.145876 0.872783 0.135972
4 12 0.854821 0.582671 0.797449 0.646326 0.736565 0.712191 0.711931 0.733855 0.668302 0.770613 0.640947 0.792372 0.627518 0.79859 0.610608 0.803563 0.602152 0.804185 0.589221 0.800455 0.552913 0.779317 0.523071 0.763152 0.519092 0.7588 0.522076 0.755692 0.526552 0.754448 0.533018 0.75507 0.538986 0.7588 0.548436 0.764395 0.557886 0.771856 0.564352 0.78056 0.57231 0.777451 0.559379 0.760665 0.543463 0.748853 0.531526 0.744501 0.523071 0.743257 0.5176 0.743879 0.513621 0.746988 0.510636 0.754448 0.510636 0.763774 0.515113 0.769369 0.527547 0.77683 0.536002 0.781182 0.54595 0.786155 0.556394 0.790507 0.566342 0.796103 0.580765 0.804807 0.587231 0.806672 0.593697 0.809159 0.601158 0.811024 0.608618 0.812267 0.61956 0.810402 0.631497 0.806672 0.648408 0.79859 0.662821 0.786422 0.678763 0.773796 0.74046 0.719036 0.817016 0.637566 0.858392 0.587134
3 12 0.898421 0.537174 0.854821 0.582671 0.858392 0.587134 0.90071 0.542182
1 12 0.920742 0.49425 0.927838 0.491896 0.930419 0.491896 0.935948 0.493739 0.939634 0.496043 0.942952 0.498808 0.946269 0.502033 0.948112 0.507102 0.948112 0.51816 0.945901 0.52415 0.941846 0.53014 0.93816 0.534287 0.93505 0.53002 0.932891 0.524023 0.930312 0.515527 0.927656 0.508789 0.925321 0.502835
2 12 0.908509 0.49967 0.900138 0.509273 0.898421 0.517858 0.897849 0.522866 0.897849 0.53002 0.898421 0.537174 0.90071 0.542182 0.905861 0.545759 0.91044 0.546475 0.91788 0.546475 0.924748 0.544329 0.930391 0.540234 0.938125 0.534473 0.934922 0.530273 0.933359 0.525 0.930312 0.516113 0.928359 0.51084 0.925321 0.502835 0.920742 0.49425
4 18 0.291692 0.736545 0.359375 0.791073 0.408222 0.833927 0.491519 0.902508 0.568357 0.960409 0.598875 0.985613 0.604702 0.98699 0.615343 0.983541 0.627167 0.976151 0.632685 0.970732 0.637414 0.967284 0.644903 0.963342 0.647662 0.965313 0.646874 0.971225 0.646085 0.973195 0.642932 0.978122 0.639385 0.981571 0.636232 0.984034 0.629138 0.987975 0.625591 0.989453 0.622438 0.989946 0.621255 0.990931 0.618891 0.993887 0.621255 1 0.639385 0.990438 0.652785 0.979107 0.655544 0.971717 0.655544 0.964328 0.655544 0.960879 0.651603 0.954967 0.644115 0.954967 0.638597 0.958908 0.633473 0.96285 0.626379 0.967284 0.621649 0.970239 0.617314 0.97221 0.612979 0.974181 0.606673 0.975659 0.603126 0.975659 0.595637 0.972703 0.495135 0.893385 0.373068 0.789833 0.296052 0.729052
3 18 0.239653 0.701243 0.291692 0.736545 0.296052 0.729052 0.241642 0.692539
1 18 0.214297 0.655762 0.208094 0.652925 0.19627 0.650462 0.186023 0.650955 0.180111 0.655881 0.176564 0.662286 0.174593 0.66869 0.174199 0.678543 0.176958 0.688397 0.180111 0.692831 0.185235 0.699235 0.195884 0.705595 0.198868 0.696891 0.202847 0.687565 0.206329 0.679483 0.207969 0.670605 0.210625 0.663477
2 18 0.195884 0.705595 0.206826 0.708081 0.213789 0.71119 0.224234 0.711812 0.231197 0.708081 0.239653 0.701243 0.241642 0.692539 0.237663 0.680104 0.232689 0.670779 0.227218 0.662075 0.214219 0.655566 0.210625 0.663477 0.208047 0.67041 0.206329 0.679483 0.202847 0.687565 0.198868 0.696891
4 25 0.407606 0.725795 0.373086 0.755233 0.334008 0.786806 0.298743 0.811825 0.253469 0.843993 0.227258 0.857694 0.198188 0.867821 0.173883 0.876757 0.104679 0.906252 0.052789 0.932173 0 0.961874 0 0.9712 0.077834 0.927765 0.152717 0.892783 0.238524 0.86083 0.303975 0.816027 0.358443 0.77604 0.410273 0.730557
3 25 0.461031 0.672785 0.447988 0.686272 0.444082 0.690142 0.437893 0.696153 0.427797 0.706034 0.4197 0.71413 0.407606 0.725795 0.410273 0.730557 0.464843 0.67755
1 25 0.470257 0.617058 0.479158 0.607772 0.487849 0.601482 0.492881 0.60091 0.49837 0.602626 0.502487 0.607772 0.506604 0.618064 0.507061 0.623782 0.507519 0.637504 0.504225 0.650495 0.496032 0.660624 0.492008 0.653722 0.488195 0.649552 0.483906 0.642999 0.480093 0.635255 0.475328 0.625128
2 25 0.46389 0.625128 0.458172 0.63466 0.458172 0.640617 0.457695 0.647765 0.457695 0.654318 0.457695 0.660871 0.459601 0.66921 0.461031 0.672785 0.464843 0.67755 0.469133 0.678742 0.472468 0.678742 0.479617 0.674572 0.485812 0.669806 0.490578 0.665636 0.496257 0.660765 0.492008 0.653722 0.488195 0.649552 0.483906 0.642999 0.480093 0.635255 0.475328 0.625128 0.470257 0.617058
4 32 0.514437 0.679139 0.557657 0.667697 0.614082 0.651346 0.720029 0.614256 0.804075 0.58768 0.850152 0.5756 0.866315 0.572493 0.887087 0.572926 0.88778 0.57985 0.843118 0.584178 0.7808 0.602787 0.660006 0.643207 0.583527 0.668192 0.514746 0.686856
3 32 0.437893 0.696153 0.514746 0.686856 0.514437 0.679139 0.444082 0.690142
1 32 0.407194 0.65725 0.400636 0.656643 0.394322 0.656643 0.388735 0.657857 0.385335 0.660589 0.38072 0.664233 0.376349 0.669394 0.374406 0.675466 0.374406 0.682448 0.377563 0.693074 0.379506 0.697932 0.385335 0.705522 0.389221 0.707951 0.399448 0.712232 0.399448 0.710491 0.399448 0.704921 0.399448 0.700047 0.399448 0.692041 0.399726 0.68647 0.40084 0.679856 0.402233 0.673242 0.403625 0.667323 0.405296 0.66245
2 32 0.444082 0.690142 0.439274 0.682641 0.436767 0.678115 0.43259 0.673938 0.428134 0.670456 0.422564 0.667323 0.416715 0.66419 0.411423 0.660709 0.406875 0.657324 0.405296 0.66245 0.403625 0.667323 0.402233 0.673242 0.40084 0.679856 0.399726 0.68647 0.399448 0.692041 0.399448 0.700047 0.399448 0.704921 0.399448 0.710491 0.399448 0.712232 0.401676 0.71258 0.405575 0.713625 0.409195 0.713625 0.414208 0.712928 0.419779 0.711188 0.427797 0.706034 0.437893 0.696153
0 18 0.186083 0.68326 0.186495 0.686968 0.188143 0.690059 0.190368 0.691707 0.192263 0.691295 0.193499 0.688926 0.192675 0.684908 0.191604 0.681921 0.189626 0.680788 0.188143 0.680788 0.186742 0.682127
0 32 0.386797 0.679004 0.386484 0.683887 0.387266 0.689746 0.388906 0.694531 0.391875 0.696582 0.39375 0.693066 0.393984 0.690527 0.392031 0.686719 0.391172 0.682422 0.390391 0.678809 0.388516 0.678125
0 12 0.932266 0.506152 0.93375 0.511426 0.934922 0.51709 0.936953 0.519727 0.939766 0.519043 0.94125 0.515723 0.94 0.510449 0.936406 0.505176 0.934688 0.503516 0.933203 0.504199
