2 6 0.235487 0.339242 0.235487 0.35141 0.238269 0.363578 0.243368 0.376326 0.24754 0.38212 0.252175 0.387335 0.253672 0.381934 0.256641 0.374023 0.260313 0.363965 0.264496 0.352348 0.270483 0.335417 0.272108 0.326495 0.2633 0.328233 0.250784 0.331709 0.241513 0.334607 0.238732 0.336345
4 6 0.191934 0.260268 0.198017 0.254032 0.187907 0.231445 0.160949 0.185813 0.11995 0.124736 0.09243 0.084018 0.067157 0.051725 0.026158 0 0.013803 0 0.039076 0.028558 0.059856 0.055937 0.082321 0.08472 0.103663 0.116312 0.132306 0.158434 0.153647 0.192833 0.179482 0.239167
3 6 0.191934 0.260268 0.198017 0.254032 0.207789 0.269577 0.223334 0.299558 0.234882 0.323986 0.239277 0.336004 0.238732 0.336345 0.235487 0.339242 0.235487 0.341173 0.231972 0.337406 0.226095 0.328223 0.2103 0.293787
0 6 0.275543 0.354973 0.274023 0.35529 0.272756 0.356874 0.272502 0.359407 0.273034 0.361593 0.274023 0.363208 0.275543 0.363525 0.277316 0.362574 0.278077 0.360674 0.278077 0.358457 0.277316 0.355924
1 6 0.252175 0.387335 0.255625 0.376953 0.259375 0.366113 0.264375 0.352637 0.270547 0.335645 0.272187 0.326074 0.279061 0.328233 0.28555 0.331709 0.294358 0.340401 0.299457 0.349672 0.301311 0.360681 0.302238 0.374587 0.29992 0.385017 0.295748 0.39197 0.288332 0.397185 0.279524 0.400082 0.270253 0.400082 0.264227 0.398344 0.256811 0.393129
2 17 0.426709 0.127885 0.415312 0.127885 0.404626 0.127885 0.393229 0.130557 0.381936 0.138338 0.389667 0.148365 0.395366 0.165284 0.401777 0.17775 0.409613 0.190216 0.417449 0.182202 0.425997 0.171517 0.428134 0.160832 0.428846 0.149256 0.432408 0.138571 0.430271 0.129666
4 17 0.639918 0.089237 0.640344 0.095632 0.643328 0.101494 0.65557 0.106198 0.672419 0.118834 0.683651 0.127259 0.695701 0.1353 0.709398 0.140531 0.726335 0.142001 0.765087 0.143405 0.790922 0.144107 0.811141 0.149022 0.834167 0.164466 0.850454 0.178507 0.875166 0.205184 0.891453 0.228351 0.907179 0.246604 0.923466 0.264155 0.943123 0.278898 0.967834 0.290832 0.987491 0.295746 1 0.292938 1 0.284514 0.986368 0.285918 0.972327 0.282408 0.955478 0.276089 0.930767 0.260645 0.911672 0.23818 0.888401 0.210878 0.874763 0.192904 0.856825 0.17252 0.835181 0.155472 0.818282 0.142686 0.802155 0.134981 0.780813 0.132875 0.763964 0.132875 0.743184 0.132875 0.72128 0.132173 0.704993 0.127961 0.681405 0.112516 0.66231 0.099879 0.649392 0.088647 0.639918 0.089237 0.57943 0.044569 0.580098 0.036224 0.56608 0.044808 0.557197 0.05147 0.549202 0.056467 0.536766 0.063129 0.520776 0.072568 0.50934 0.079203 0.511119 0.085874 0.534704 0.072105 0.55985 0.058199 0.57943 0.044569
3 17 0.42726 0.128161 0.440553 0.120712 0.480283 0.097734 0.50934 0.079203 0.511119 0.085874 0.49155 0.102181 0.471981 0.115524 0.455377 0.12516 0.43219 0.137663 0.430271 0.129666
1 17 0.381857 0.138042 0.389667 0.148365 0.395366 0.165284 0.401777 0.17775 0.409613 0.190216 0.398215 0.196449 0.388955 0.19823 0.376132 0.195559 0.369009 0.191106 0.36331 0.181312 0.36331 0.167065 0.365447 0.155489 0.376959 0.141498
2 16 0.639065 0.110553 0.633949 0.105757 0.630539 0.102027 0.625849 0.103625 0.618176 0.105757 0.610502 0.103625 0.597286 0.094566 0.587907 0.08604 0.589186 0.077513 0.595154 0.065257 0.60496 0.050335 0.610928 0.042875 0.619028 0.047671 0.627981 0.054599 0.635655 0.061526 0.639065 0.070586 0.639918 0.080711 0.639918 0.089237 0.640344 0.095632 0.643328 0.101494 0.643755 0.105224 0.64205 0.11002
4 16 0.717388 0.145288 0.714725 0.150995 0.725412 0.15674 0.736074 0.165431 0.74998 0.178179 0.761569 0.193824 0.77223 0.210627 0.782428 0.222795 0.790309 0.232645 0.798189 0.247711 0.805606 0.266253 0.811632 0.285953 0.817194 0.300439 0.825075 0.327672 0.834346 0.343896 0.847788 0.353747 0.859377 0.359541 0.87282 0.364177 0.890435 0.367653 0.911758 0.372289 0.943742 0.382718 1 0.40126 1 0.393728 0.978972 0.386195 0.951159 0.378083 0.93169 0.368812 0.921029 0.365335 0.90944 0.363597 0.894607 0.361279 0.884409 0.358382 0.868648 0.353747 0.856132 0.348532 0.845934 0.343317 0.83759 0.335784 0.831564 0.325355 0.827392 0.307392 0.819049 0.283056 0.813022 0.264514 0.803752 0.244234 0.793554 0.223954 0.776238 0.201921 0.765035 0.185078 0.751834 0.16717 0.737001 0.153843 0.725412 0.14689
3 16 0.640672 0.110266 0.64205 0.11002 0.643755 0.105224 0.643652 0.104327 0.649281 0.109141 0.653467 0.1158 0.658413 0.121507 0.666023 0.126263 0.681623 0.13197 0.695701 0.1353 0.709398 0.140531 0.717388 0.145288 0.714725 0.150995 0.70331 0.146239 0.685047 0.141007 0.67211 0.136251 0.662218 0.132922 0.651945 0.126263 0.644335 0.116275
1 16 0.587907 0.08604 0.589186 0.077513 0.595154 0.065257 0.60496 0.050335 0.610928 0.042875 0.601975 0.035947 0.594728 0.035414 0.585775 0.038079 0.578102 0.046072 0.575117 0.057263 0.576823 0.067921 0.581938 0.079112
2 23 0.513929 0.799095 0.50607 0.803797 0.496694 0.814493 0.489897 0.825493 0.481643 0.843206 0.485648 0.847378 0.496329 0.850716 0.50701 0.853219 0.519694 0.854054 0.53171 0.852385 0.532378 0.838199 0.52904 0.824013 0.524367 0.813165 0.523699 0.804821 0.518086 0.79974
4 23 0.562393 0.711519 0.568009 0.717136 0.576683 0.708668 0.587357 0.689396 0.603961 0.648628 0.641646 0.548056 0.665013 0.492071 0.683513 0.434869 0.699091 0.367931 0.718564 0.305861 0.737063 0.263264 0.751098 0.219872 0.75568 0.199828 0.75568 0.18742 0.762552 0.171194 0.77706 0.145423 0.807603 0.091972 0.816766 0.076701 0.827456 0.066202 0.836619 0.058566 0.846546 0.049021 0.856472 0.034704 0.857999 0.02325 0.850364 0.022296 0.83891 0.02325 0.829747 0.028977 0.827456 0.034704 0.831274 0.036613 0.836619 0.033749 0.845019 0.028977 0.847309 0.029931 0.841201 0.040431 0.82822 0.049975 0.812948 0.067156 0.79712 0.0906019 0.787445 0.110458 0.774006 0.133969 0.761025 0.155922 0.74998 0.178179 0.74499 0.196965 0.741172 0.217009 0.732905 0.242444 0.725557 0.26154 0.718209 0.277977 0.710628 0.299093 0.690775 0.36018 0.670159 0.446083 0.638852 0.534849 0.61289 0.603571 0.589983 0.66084 0.574711 0.696155
3 23 0.514014 0.799108 0.520833 0.783127 0.538243 0.750833 0.562393 0.711519 0.568009 0.717136 0.553969 0.741707 0.542736 0.764172 0.530942 0.791551 0.523704 0.804884 0.523699 0.804821 0.518086 0.79974
0 23 0.508345 0.86908 0.506104 0.86943 0.503863 0.871531 0.503303 0.874332 0.503583 0.876783 0.504704 0.877833 0.506104 0.878183 0.508065 0.878533 0.509746 0.877133 0.510586 0.875382 0.510586 0.872231 0.510026 0.87013
1 23 0.481643 0.843206 0.485648 0.847378 0.496329 0.850716 0.50701 0.853219 0.519694 0.854054 0.53171 0.852385 0.529414 0.866048 0.523133 0.879395 0.514968 0.890386 0.505547 0.894312 0.495498 0.895097 0.489217 0.891956 0.481052 0.880965 0.477912 0.869189 0.477912 0.851917
2 28 0.25327 0.803393 0.247175 0.806568 0.244128 0.813551 0.238541 0.823709 0.231938 0.830058 0.221272 0.833867 0.213654 0.830693 0.206543 0.8199 0.200957 0.804028 0.198925 0.784982 0.204512 0.781173 0.217209 0.777364 0.224828 0.775459 0.232954 0.776729 0.24362 0.782443 0.25073 0.786252 0.255809 0.788791 0.257333 0.799584
4 28 0.334868 0.837201 0.330605 0.84626 0.34249 0.851218 0.361585 0.856834 0.379557 0.861749 0.404268 0.866663 0.424487 0.868769 0.444705 0.875789 0.477841 0.894042 0.518278 0.908785 0.548045 0.922825 0.592413 0.947397 0.651945 0.981796 0.685081 1 0.703615 1 0.673287 0.984604 0.633973 0.962139 0.578372 0.930548 0.536812 0.908083 0.505547 0.894312 0.495498 0.895097 0.489217 0.891956 0.480088 0.884214 0.458184 0.872981 0.439089 0.863855 0.417186 0.860345 0.387981 0.85543 0.3599 0.847708 0.343051 0.839986
3 28 0.255462 0.801338 0.257333 0.799584 0.255907 0.789486 0.260262 0.789773 0.272199 0.797766 0.282857 0.806293 0.295647 0.815885 0.314405 0.825477 0.334868 0.837201 0.330605 0.84626 0.31142 0.837201 0.292662 0.828675 0.274757 0.816951 0.263673 0.806293
1 28 0.198925 0.784982 0.200957 0.804028 0.206543 0.8199 0.213654 0.830693 0.221272 0.833867 0.217204 0.836135 0.207398 0.836668 0.194609 0.833471 0.186935 0.828142 0.181393 0.819615 0.18054 0.810556 0.183524 0.799365 0.190772 0.789773
0 16 0.604729 0.0639181 0.603511 0.067398 0.60325 0.0688118 0.603685 0.0719655 0.606121 0.072183 0.6076 0.0703342 0.609253 0.0672893 0.609514 0.0650056 0.608383 0.0627218 0.606121 0.0625043
