2 6 0.442289 0.14473 0.437491 0.147959 0.431956 0.154417 0.430849 0.160414 0.430849 0.166411 0.430849 0.171946 0.433063 0.17702 0.436384 0.181633 0.439705 0.188091 0.442658 0.193165 0.446717 0.196856 0.451883 0.196856 0.45705 0.196394 0.46638 0.192182 0.46638 0.188143 0.464995 0.177178 0.462225 0.166214 0.46084 0.156981 0.46084 0.149479 0.457609 0.139669 0.451146 0.140823
4 6 0.38374 0.186623 0.359846 0.199401 0.345609 0.205828 0.336513 0.209288 0.323858 0.214232 0.292562 0.222194 0.25739 0.227012 0.224146 0.230626 0.192346 0.229421 0.153879 0.223612 0.124893 0.217376 0.100803 0.208342 0.07864 0.202922 0.056958 0.202922 0.03624 0.205933 0 0.217376 0 0.225808 0.035759 0.21316 0.049249 0.210149 0.063222 0.210149 0.071412 0.210149 0.081049 0.211956 0.092535 0.213549 0.100803 0.21858 0.114293 0.222194 0.12152 0.224001 0.133084 0.227614 0.144165 0.229421 0.15332 0.231228 0.165365 0.233035 0.178374 0.234841 0.199573 0.23725 0.2174 0.238455 0.231373 0.238455 0.262208 0.234841 0.295935 0.229421 0.327253 0.222194 0.346525 0.214365 0.366279 0.204728 0.385444 0.193546
3 6 0.38374 0.186623 0.40291 0.179701 0.420803 0.172245 0.430849 0.167013 0.430849 0.171946 0.433063 0.17702 0.43421 0.178613 0.428471 0.180233 0.407596 0.185558 0.385444 0.193546
1 6 0.457609 0.139669 0.461764 0.138515 0.468689 0.139669 0.472382 0.1414 0.476998 0.144863 0.48023 0.149479 0.481153 0.155827 0.481615 0.163906 0.480691 0.171408 0.477922 0.17891 0.476075 0.184103 0.473767 0.186989 0.46638 0.192182 0.46638 0.188143 0.464995 0.177178 0.462225 0.166214 0.46084 0.156981 0.46084 0.149479
2 13 0.730489 0.18341 0.73213 0.197253 0.734591 0.20597 0.737872 0.214173 0.741153 0.220838 0.744435 0.22494 0.747716 0.225966 0.751408 0.225966 0.75551 0.220326 0.759611 0.213148 0.764944 0.20033 0.767405 0.180333 0.767578 0.175586 0.762266 0.174121 0.755938 0.173633 0.747031 0.174023 0.737109 0.173535 0.729609 0.172559 0.729669 0.177257
4 13 0.744811 0.557033 0.743569 0.537293 0.741234 0.514672 0.73988 0.463039 0.741729 0.441466 0.741729 0.39524 0.743578 0.351324 0.736564 0.335168 0.725721 0.307549 0.706793 0.263659 0.694534 0.234471 0.692783 0.223526 0.694534 0.211851 0.703874 0.192879 0.706209 0.192149 0.705625 0.197257 0.70329 0.203824 0.700371 0.21331 0.697453 0.223526 0.698036 0.235201 0.705625 0.253443 0.711463 0.265848 0.719635 0.28336 0.731894 0.311818 0.739483 0.328694 0.744153 0.338692 0.746635 0.346605 0.747655 0.353411 0.747655 0.363626 0.746488 0.405219 0.747072 0.454837 0.746488 0.479647 0.748239 0.498619 0.74999 0.511024 0.750574 0.521969 0.750574 0.535103 0.751158 0.554805 0.750358 0.559344 0.744811 0.557033 0.744811 0.557033 0.741113 0.572442 0.738031 0.580146 0.734333 0.581687 0.730635 0.581687 0.72817 0.578606 0.72632 0.572442 0.725704 0.566278 0.725704 0.556263 0.731251 0.510806 0.73988 0.463039 0.741729 0.441466 0.741729 0.39524 0.743578 0.351324 0.746227 0.293642 0.740023 0.292535 0.738648 0.323588 0.737415 0.353636 0.735566 0.37829 0.735566 0.400633 0.735566 0.421435 0.736182 0.443007 0.734333 0.46458 0.730019 0.486923 0.722006 0.530068 0.718924 0.563967 0.718924 0.573212 0.722006 0.580146 0.727553 0.58631 0.732484 0.589392 0.738031 0.587851 0.743578 0.583999 0.747893 0.572442 0.750358 0.559344 0.744811 0.557033
3 13 0.740023 0.292535 0.741795 0.257639 0.742682 0.234376 0.742972 0.223112 0.744435 0.22494 0.747716 0.225966 0.751408 0.225966 0.751526 0.225804 0.748885 0.247669 0.746227 0.293642
1 13 0.729453 0.172656 0.729669 0.168028 0.73254 0.15521 0.735411 0.147519 0.742384 0.141879 0.747716 0.140341 0.751818 0.140341 0.75674 0.140341 0.760842 0.14393 0.764123 0.148032 0.766584 0.154697 0.767815 0.161363 0.767815 0.169054 0.767656 0.175 0.763047 0.174023 0.755859 0.173242 0.747109 0.173828 0.737031 0.173145
4 20 0.620446 0.222411 0.620856 0.21472 0.62988 0.191135 0.636033 0.181393 0.649979 0.167037 0.665976 0.149605 0.680742 0.141914 0.694278 0.135248 0.707814 0.129609 0.721349 0.126019 0.730373 0.126532 0.741858 0.129096 0.750472 0.132172 0.759496 0.136274 0.766469 0.140888 0.788618 0.16755 0.80705 0.190162 0.803897 0.19433 0.789876 0.180595 0.774452 0.16181 0.765306 0.151234 0.764123 0.148032 0.760842 0.14393 0.75674 0.140341 0.750689 0.140341 0.748746 0.139564 0.738068 0.135115 0.721063 0.134126 0.713549 0.136104 0.700498 0.141047 0.689424 0.145002 0.683492 0.147968 0.675978 0.151428 0.6653 0.158844 0.652645 0.172685 0.643945 0.182078 0.63643 0.193942 0.631685 0.201852 0.630498 0.20729 0.629312 0.214705 0.629312 0.22212 0.630103 0.230029 0.630894 0.234479 0.634058 0.239422 0.637221 0.243377 0.642363 0.246343 0.652645 0.247826 0.663323 0.249309 0.675187 0.250298 0.684283 0.250792 0.696148 0.253264 0.708012 0.260679 0.718294 0.2676 0.725413 0.273532 0.743605 0.291823 0.77732 0.324235 0.784706 0.33116 0.792093 0.338085 0.798556 0.344432 0.807327 0.350203 0.818868 0.358282 0.840566 0.375594 0.854416 0.388289 0.863649 0.399831 0.868727 0.406755 0.871497 0.414257 0.875652 0.436763 0.873805 0.441379 0.871958 0.440225 0.871035 0.436186 0.867342 0.420605 0.863649 0.410795 0.857186 0.400985 0.848414 0.390021 0.835488 0.377902 0.8221 0.369823 0.805025 0.356744 0.796412 0.351617 0.789849 0.345464 0.781645 0.338286 0.775903 0.330595 0.766469 0.322904 0.757035 0.314701 0.750062 0.307523 0.741858 0.298806 0.734475 0.290603 0.725861 0.281887 0.717248 0.273683 0.710685 0.269069 0.701251 0.26189 0.693457 0.258814 0.686895 0.256763 0.67746 0.256763 0.666386 0.25625 0.65244 0.255225 0.639724 0.252661 0.633161 0.251123 0.627419 0.246509 0.623727 0.239843 0.620856 0.233178
2 20 0.879344 0.239845 0.864563 0.234566 0.857172 0.234566 0.850837 0.234566 0.846614 0.234566 0.844503 0.235885 0.841863 0.241164 0.841863 0.251063 0.844503 0.26426 0.846086 0.272179 0.850837 0.280097 0.858756 0.289336 0.862979 0.284716 0.869842 0.274158 0.875649 0.26228 0.882512 0.254362 0.887791 0.247763
3 20 0.80705 0.190162 0.826693 0.209829 0.83776 0.223244 0.844957 0.235602 0.844503 0.235885 0.841863 0.241164 0.841863 0.241902 0.833736 0.23079 0.822333 0.21444 0.803897 0.19433
0 20 0.88176 0.258766 0.878301 0.257901 0.875649 0.26228 0.875534 0.262657 0.87588 0.264387 0.877609 0.265684 0.879339 0.265684 0.881068 0.265684 0.882798 0.263522 0.882798 0.26136
1 20 0.858756 0.289336 0.864563 0.293955 0.873537 0.296594 0.881984 0.296594 0.888319 0.294615 0.893598 0.289336 0.897293 0.280757 0.898877 0.272179 0.897731 0.261621 0.894126 0.253042 0.887791 0.247763 0.882512 0.254362 0.875649 0.26228 0.869842 0.274158 0.862979 0.284716
2 27 0.679613 0.774148 0.675659 0.775137 0.673286 0.77662 0.672495 0.781069 0.671308 0.787001 0.66854 0.791944 0.666958 0.795899 0.665772 0.802326 0.665772 0.809247 0.667354 0.81419 0.670517 0.822594 0.678031 0.818639 0.687523 0.812213 0.696223 0.808752 0.706901 0.803809 0.711647 0.800348 0.707297 0.789473 0.701365 0.779586 0.695037 0.775631 0.687127 0.774148
4 27 0.641621 0.723106 0.614116 0.685276 0.580296 0.640229 0.551466 0.598647 0.530952 0.575084 0.507666 0.552214 0.464976 0.510632 0.415219 0.457867 0.379302 0.421522 0.351936 0.386247 0.323777 0.359599 0.296658 0.338027 0.272003 0.332634 0.262142 0.329552 0.248582 0.323389 0.240569 0.317995 0.239953 0.311832 0.241802 0.305668 0.249198 0.304127 0.256595 0.304898 0.261525 0.306439 0.264607 0.304127 0.268305 0.2918 0.268305 0.281014 0.262142 0.275621 0.25906 0.270228 0.260909 0.268687 0.26584 0.268687 0.270771 0.27408 0.273236 0.279473 0.275085 0.286407 0.27262 0.301046 0.267073 0.309521 0.260293 0.311061 0.251047 0.311061 0.251047 0.314143 0.25228 0.318766 0.269538 0.323389 0.29296 0.329552 0.30467 0.334945 0.312683 0.340338 0.324394 0.348043 0.352746 0.375008 0.382947 0.410449 0.425476 0.457446 0.468621 0.504443 0.528454 0.559869 0.552888 0.584858 0.582505 0.626507 0.616564 0.670932 0.647155 0.719444
3 27 0.641621 0.723106 0.647155 0.719444 0.65757 0.738973 0.666033 0.7524 0.672556 0.765949 0.675798 0.774778 0.675916 0.775072 0.675659 0.775137 0.673286 0.77662 0.672495 0.781069 0.672245 0.782319 0.669613 0.774371 0.663755 0.762978 0.656919 0.751586
1 27 0.670517 0.822594 0.675659 0.837424 0.680404 0.844345 0.689105 0.852749 0.696223 0.855221 0.702551 0.854726 0.708483 0.851266 0.71402 0.845828 0.717184 0.835941 0.717579 0.825066 0.715997 0.813201 0.711647 0.800348 0.706901 0.803809 0.696223 0.808752 0.687523 0.812213 0.678031 0.818639
0 6 0.466641 0.155176 0.467266 0.163867 0.468906 0.168262 0.471562 0.168652 0.472969 0.165039 0.472187 0.158984 0.470313 0.154883 0.468594 0.154492
0 27 0.70125 0.810156 0.699688 0.811621 0.700234 0.814746 0.701953 0.816309 0.704531 0.817187 0.707656 0.816309 0.709531 0.815137 0.710781 0.813281 0.711406 0.811133 0.709609 0.80791 0.706016 0.807129 0.703359 0.808301
0 13 0.741797 0.160449 0.74125 0.16377 0.741797 0.167773 0.743047 0.168555 0.744766 0.168164 0.745469 0.16582 0.745469 0.163086 0.744922 0.160059 0.743516 0.159668 0.742656 0.159277
