4 6 0.135079 0.231012 0.125603 0.180828 0.113545 0.137419 0.097146 0.101848 0.081712 0.072306 0.060008 0.042764 0.02721 0 0.044574 0 0.073995 0.038544 0.099075 0.082556 0.12078 0.129581 0.13332 0.171181 0.145347 0.224595
3 6 0.157923 0.314784 0.158182 0.299678 0.149968 0.27465 0.135079 0.231012 0.145347 0.224595 0.164856 0.281067 0.173435 0.311723 0.16772 0.310192 0.162413 0.310192
1 6 0.152673 0.357301 0.153273 0.364438 0.154475 0.373076 0.156579 0.37871 0.158682 0.383969 0.161086 0.387349 0.16379 0.389978 0.167095 0.393358 0.1701 0.395612 0.173706 0.397114 0.180316 0.39749 0.184523 0.396739 0.188729 0.392983 0.191734 0.386598 0.193236 0.376081 0.193837 0.364813 0.194138 0.355048 0.193972 0.34851 0.189015 0.350461 0.183323 0.353444 0.177539 0.355051 0.172398 0.35574 0.166064 0.357002 0.159913 0.357002 0.155415 0.357117
2 6 0.157923 0.314784 0.155066 0.328051 0.153841 0.336215 0.1518 0.346931 0.1518 0.349482 0.152477 0.357231 0.160372 0.357231 0.166156 0.357346 0.17249 0.35574 0.17809 0.354936 0.186536 0.351608 0.193972 0.34851 0.192212 0.338767 0.19058 0.330602 0.18813 0.324479 0.185681 0.319887 0.181599 0.316315 0.178742 0.313764 0.173435 0.311723 0.16772 0.310192 0.162413 0.310192
4 12 0.660289 0.855529 0.645338 0.850672 0.612405 0.845273 0.583791 0.845273 0.552208 0.843924 0.506318 0.844598 0.466096 0.850335 0.390513 0.864169 0.345702 0.868218 0.322217 0.873955 0.30791 0.876991 0.292254 0.880366 0.278217 0.881378 0.268229 0.88239 0.247173 0.889139 0.223419 0.902636 0.21694 0.909047 0.208302 0.916133 0.200473 0.922882 0.197504 0.925918 0.197234 0.930305 0.198584 0.931655 0.202093 0.93233 0.207222 0.92828 0.2164 0.919507 0.226658 0.911746 0.237456 0.906685 0.251762 0.898587 0.259591 0.895213 0.267419 0.893525 0.274168 0.893188 0.285775 0.891838 0.292254 0.891838 0.302512 0.889814 0.31115 0.887114 0.324107 0.88239 0.333825 0.879691 0.348132 0.876654 0.365138 0.875304 0.382144 0.873955 0.409139 0.869568 0.489851 0.854721 0.521165 0.852022 0.569754 0.852022 0.617264 0.854721 0.659532 0.862156
3 12 0.703729 0.881249 0.676431 0.869062 0.659532 0.862156 0.660289 0.855529 0.683905 0.863375 0.705679 0.87427 0.722569 0.885429 0.718975 0.889921
1 12 0.733222 0.937263 0.736212 0.939103 0.742306 0.944175 0.749415 0.947828 0.755673 0.948391 0.763811 0.947506 0.768057 0.943526 0.771241 0.936891 0.771595 0.926719 0.770534 0.916546 0.768764 0.908585 0.765934 0.902392 0.763871 0.897174 0.762923 0.898457 0.760396 0.900827 0.758506 0.903398 0.752812 0.911787 0.748783 0.916527 0.744202 0.923143 0.738356 0.932326 0.734881 0.934992
2 12 0.760791 0.90063 0.764266 0.896976 0.756051 0.888583 0.749265 0.884146 0.742591 0.883504 0.73489 0.883504 0.727703 0.883504 0.722569 0.885429 0.718975 0.889921 0.717949 0.895697 0.717949 0.903398 0.718462 0.911099 0.720516 0.920083 0.723083 0.9265 0.725638 0.931536 0.732827 0.937066 0.735197 0.934992 0.738119 0.932425 0.74357 0.924328 0.749099 0.916428 0.753128 0.91159 0.758506 0.903398
4 18 0.743696 0.220991 0.729872 0.294703 0.718319 0.35442 0.707396 0.42608 0.699098 0.507041 0.698133 0.547435 0.703419 0.589334 0.714532 0.62762 0.733825 0.667412 0.785892 0.723855 0.817266 0.746994 0.838005 0.7482 0.852957 0.742171 0.864533 0.737347 0.879002 0.727701 0.871285 0.720466 0.858263 0.726495 0.844275 0.733127 0.831253 0.737347 0.82016 0.736142 0.812925 0.731319 0.788809 0.711423 0.74733 0.667412 0.735974 0.648693 0.721043 0.617444 0.711638 0.5818 0.706936 0.5448 0.708262 0.515335 0.715338 0.429605 0.727215 0.35242 0.750246 0.222017
3 18 0.743696 0.220991 0.748573 0.173933 0.748659 0.13368 0.752047 0.134527 0.755532 0.133339 0.755219 0.150181 0.754736 0.182642 0.750246 0.222017
1 18 0.733752 0.087096 0.734185 0.07408 0.73737 0.065393 0.740555 0.059602 0.744898 0.055259 0.748083 0.053087 0.754454 0.051639 0.760534 0.052001 0.766326 0.055983 0.771538 0.060326 0.774433 0.066479 0.775881 0.077699 0.775306 0.083602 0.774068 0.088367 0.772036 0.087943 0.767293 0.090484 0.762888 0.092178 0.757468 0.092602 0.751708 0.090484 0.746965 0.08879 0.741544 0.088367 0.73714 0.087096
2 18 0.733752 0.090484 0.736801 0.109118 0.739511 0.120976 0.742561 0.125634 0.745949 0.131139 0.748659 0.13368 0.752047 0.134527 0.7595 0.131986 0.765937 0.126058 0.768987 0.121823 0.771019 0.115894 0.773052 0.106153 0.77373 0.095143 0.774068 0.088367 0.772036 0.087943 0.767293 0.090484 0.762888 0.092178 0.757468 0.092602 0.751708 0.090484 0.746965 0.08879 0.741544 0.088367 0.73714 0.087096 0.733752 0.087096
4 25 0.823768 0.608641 0.832321 0.605037 0.837543 0.599815 0.838326 0.595246 0.838326 0.587739 0.841721 0.586107 0.844854 0.590677 0.845376 0.595572 0.844071 0.600794 0.842765 0.603731 0.840676 0.606669 0.838065 0.609933 0.825184 0.614391 0.823768 0.608641 0.823768 0.608641 0.819522 0.607314 0.818815 0.601122 0.819522 0.592719 0.820938 0.5852 0.822353 0.578565 0.824476 0.573258 0.826245 0.576796 0.826599 0.586084 0.826599 0.595815 0.826599 0.603334 0.827661 0.611295 0.82943 0.619699 0.839691 0.646679 0.854198 0.676755 0.873305 0.707715 0.893828 0.72983 0.904797 0.737349 0.912227 0.738233 0.922488 0.736022 0.927796 0.732484 0.934165 0.72408 0.938411 0.701523 0.938411 0.661717 0.936288 0.629871 0.932396 0.594488 0.927088 0.566181 0.909043 0.509567 0.877187 0.438765 0.859634 0.397945 0.848916 0.360052 0.84214 0.363016 0.85526 0.406071 0.877905 0.458261 0.904089 0.514433 0.921427 0.570162 0.929919 0.634294 0.93275 0.695331 0.925673 0.725849 0.921427 0.730272 0.915412 0.730714 0.907274 0.728945 0.898782 0.72408 0.888874 0.714349 0.877905 0.701523 0.87189 0.691793 0.867644 0.683389 0.842876 0.636506 0.837922 0.62191 0.835445 0.607757 0.833322 0.591392 0.833322 0.58343 0.834384 0.574142 0.833676 0.565739 0.829076 0.559989 0.826599 0.558662 0.821292 0.562643 0.817753 0.568392 0.815276 0.575027 0.813153 0.584757 0.812092 0.592719 0.811738 0.604218 0.811738 0.609968 0.813861 0.613949 0.81563 0.613949 0.820938 0.614391 0.825184 0.614391 0.823768 0.608641
3 25 0.831613 0.286149 0.834101 0.320955 0.835975 0.337738 0.839722 0.355302 0.84214 0.363016 0.848916 0.360052 0.843834 0.343112 0.841462 0.324902 0.83889 0.287286
1 25 0.865698 0.253553 0.867783 0.241343 0.866281 0.229699 0.865079 0.222563 0.862375 0.215427 0.859069 0.209042 0.856666 0.206037 0.850656 0.20153 0.845548 0.200779 0.837435 0.201154 0.831125 0.203408 0.826618 0.207539 0.823313 0.212046 0.820308 0.216929 0.817303 0.223314 0.815501 0.229324 0.814599 0.237211 0.814299 0.245099 0.814331 0.251471 0.822972 0.246924 0.830249 0.243513 0.83889 0.243513 0.844347 0.24465 0.853443 0.248629 0.862084 0.250903
2 25 0.814331 0.251471 0.822517 0.268526 0.82752 0.279328 0.831613 0.286149 0.83889 0.287286 0.842528 0.287286 0.853898 0.276485 0.857536 0.2708 0.862531 0.263217 0.865698 0.253553 0.862084 0.250903 0.853443 0.248629 0.844347 0.24465 0.83889 0.243513 0.830249 0.243513 0.822972 0.246924
0 6 0.178366 0.370313 0.177264 0.375592 0.177907 0.380641 0.18167 0.382592 0.182956 0.382248 0.184792 0.380068 0.18773 0.3741 0.18672 0.366986 0.183323 0.365264 0.18112 0.366641
0 25 0.850469 0.234277 0.849219 0.2375 0.848594 0.241211 0.850469 0.244141 0.854375 0.243555 0.855703 0.241602 0.856094 0.239063 0.855625 0.235352 0.853906 0.234277 0.852187 0.233984
0 18 0.761484 0.0817383 0.760391 0.0847656 0.762344 0.0874023 0.765 0.0874023 0.766562 0.0863281 0.766719 0.0848633 0.766328 0.0824219 0.764609 0.0808594 0.762969 0.0808594
