2 8 0.723371 0.833352 0.717069 0.840623 0.712222 0.851529 0.709314 0.862435 0.710283 0.873947 0.717069 0.882429 0.729672 0.885458 0.745304 0.881217 0.758312 0.872431 0.754092 0.869224 0.74765 0.859355 0.743244 0.847894 0.728702 0.834564
4 8 0.648775 0.926819 0.628053 0.936785 0.607935 0.944819 0.573044 0.954571 0.522194 0.961487 0.500415 0.962189 0.473707 0.959773 0.447462 0.957275 0.430915 0.95409 0.414367 0.945289 0.396916 0.933406 0.376697 0.923577 0.359287 0.913047 0.336822 0.906728 0.32548 0.906677 0.312973 0.907619 0.303511 0.909964 0.297306 0.915779 0.287732 0.932827 0.275605 0.960784 0.266057 0.997993 0.256509 0.997291 0.266057 0.957275 0.277851 0.929895 0.290768 0.906026 0.303686 0.898304 0.319261 0.894931 0.330644 0.896198 0.34974 0.896198 0.370519 0.903218 0.388929 0.913886 0.411518 0.929193 0.430613 0.941128 0.449428 0.945691 0.471612 0.94885 0.511487 0.94885 0.568213 0.942532 0.591238 0.936214 0.614221 0.929689 0.645067 0.917548
3 8 0.645067 0.917548 0.668244 0.901324 0.698838 0.877567 0.7095 0.870035 0.710283 0.873947 0.715203 0.880096 0.665819 0.916505 0.648775 0.926819
1 8 0.723371 0.833352 0.733228 0.81977 0.74172 0.813662 0.750603 0.808666 0.759042 0.808666 0.767481 0.813662 0.775032 0.82199 0.777697 0.833094 0.778585 0.845308 0.775476 0.855857 0.767922 0.865251 0.758312 0.872431 0.754092 0.869224 0.74765 0.859355 0.743244 0.847894 0.728702 0.834564
2 16 0.4145 0.620482 0.418269 0.590649 0.423921 0.571022 0.429776 0.555629 0.432931 0.551009 0.435513 0.547735 0.438858 0.546936 0.442022 0.548424 0.444218 0.551458 0.446958 0.559807 0.450536 0.573658 0.451557 0.587508 0.452813 0.617342 0.453441 0.629118 0.442764 0.622837 0.428318 0.620482 0.422037 0.621267
4 16 0.502179 0.510999 0.515672 0.508227 0.550254 0.496863 0.60056 0.48887 0.656834 0.488337 0.716945 0.491534 0.748919 0.495265 0.786861 0.51285 0.809478 0.527841 0.827827 0.545499 0.864099 0.584838 0.903038 0.638179 0.925974 0.671517 0.931309 0.662182 0.892903 0.606841 0.852364 0.554167 0.814492 0.518828 0.773953 0.492825 0.741948 0.48349 0.680072 0.478822 0.624598 0.478156 0.585125 0.48149 0.525917 0.493491 0.502179 0.501627
3 16 0.442022 0.548424 0.442196 0.538623 0.443379 0.528758 0.445747 0.521358 0.451508 0.514107 0.4639 0.513959 0.482053 0.513959 0.496654 0.512479 0.502179 0.510999 0.502179 0.501627 0.49113 0.502613 0.471279 0.504044 0.458375 0.5036 0.444169 0.505573 0.439039 0.509519 0.436276 0.520865 0.434474 0.5343 0.435513 0.547735 0.438858 0.546936
1 16 0.4145 0.620482 0.414407 0.634053 0.418244 0.644711 0.428049 0.655901 0.438707 0.658033 0.444249 0.655369 0.449365 0.65004 0.453628 0.64098 0.453441 0.629118 0.442764 0.622837 0.428318 0.620482 0.422037 0.621267
2 23 0.501753 0.245337 0.504 0.264292 0.506862 0.274822 0.510739 0.285353 0.514671 0.290969 0.520795 0.292507 0.528657 0.290902 0.535451 0.283112 0.54219 0.264292 0.545703 0.246973 0.546797 0.239844 0.537031 0.238965 0.528359 0.24248 0.520703 0.244727 0.510938 0.240137 0.502422 0.234473
4 23 0.505016 0.379482 0.498867 0.405035 0.494859 0.431956 0.488166 0.465589 0.474865 0.50015 0.467582 0.534247 0.467244 0.566121 0.469954 0.592064 0.475291 0.606889 0.481221 0.609854 0.490115 0.606148 0.494266 0.59577 0.495963 0.56538 0.495452 0.537212 0.494247 0.523934 0.494042 0.515439 0.494692 0.505874 0.497231 0.495703 0.514428 0.487549 0.528015 0.477984 0.538741 0.469495 0.547043 0.459182 0.549657 0.449814 0.550333 0.440445 0.549523 0.429059 0.545805 0.420096 0.538205 0.411943 0.530439 0.41046 0.522137 0.408978 0.511463 0.41639 0.505533 0.425285 0.507957 0.438086 0.515614 0.425285 0.525102 0.420096 0.532218 0.420096 0.537555 0.426026 0.541113 0.435662 0.539334 0.449746 0.535776 0.457158 0.52866 0.465312 0.519765 0.469018 0.51087 0.474948 0.500196 0.483102 0.492487 0.489032 0.486557 0.495703 0.484186 0.50608 0.484938 0.524611 0.485964 0.54166 0.487743 0.566121 0.485964 0.582428 0.484779 0.592805 0.478689 0.590788 0.476477 0.575763 0.477822 0.550555 0.479385 0.534247 0.48138 0.507427 0.484129 0.496915 0.49308 0.483843 0.49718 0.470236 0.499848 0.460159 0.502517 0.447052 0.505533 0.41639 0.513809 0.380267
3 23 0.514671 0.290969 0.514438 0.308824 0.507385 0.366135 0.505016 0.379482 0.513809 0.380267 0.523661 0.312749 0.528657 0.290902 0.520795 0.292507
1 23 0.502422 0.23418 0.502685 0.228459 0.507482 0.214917 0.515609 0.20638 0.525653 0.203489 0.533666 0.205604 0.540777 0.211952 0.546364 0.219571 0.547887 0.227824 0.546797 0.239453 0.537422 0.238965 0.528359 0.24248 0.520937 0.244336 0.510547 0.240039
2 28 0.570226 0.244131 0.565028 0.24499 0.558727 0.251655 0.552426 0.259532 0.549033 0.271649 0.548791 0.27892 0.548548 0.286191 0.55073 0.292047 0.552911 0.297097 0.5566 0.299991 0.56029 0.302885 0.56589 0.303021 0.57149 0.303157 0.581993 0.296491 0.590233 0.286191 0.596175 0.270238 0.587077 0.267229 0.576641 0.261245 0.575684 0.253705 0.576162 0.24808 0.575296 0.244982
4 28 0.517653 0.347245 0.48747 0.372667 0.462961 0.396949 0.428262 0.437746 0.40971 0.458788 0.401249 0.476507 0.394209 0.543592 0.393634 0.567094 0.38973 0.593846 0.373793 0.648605 0.358841 0.696343 0.351291 0.721133 0.349231 0.74685 0.344239 0.770758 0.336938 0.778481 0.325705 0.778481 0.319527 0.76795 0.320089 0.751804 0.328125 0.738702 0.336376 0.725126 0.338061 0.737061 0.332445 0.744081 0.329637 0.752506 0.329075 0.758824 0.329075 0.765844 0.331883 0.76795 0.338061 0.761632 0.341431 0.718106 0.350173 0.6816 0.364457 0.634564 0.379351 0.595555 0.382714 0.572562 0.38568 0.529544 0.390854 0.476842 0.397593 0.458354 0.426798 0.41904 0.478467 0.36709 0.513136 0.337161
3 28 0.56029 0.302885 0.552412 0.306357 0.545403 0.314171 0.517653 0.347245 0.513136 0.337161 0.527333 0.321028 0.55181 0.294967 0.552911 0.297097 0.5566 0.299991
0 23 0.513696 0.230809 0.513077 0.233353 0.514316 0.240652 0.518474 0.244744 0.521571 0.242975 0.522632 0.240542 0.526348 0.236229 0.531126 0.236671 0.534577 0.238441 0.537231 0.238883 0.540062 0.23656 0.539797 0.231805 0.538293 0.22528 0.5344 0.222072 0.529799 0.221519 0.526968 0.224616 0.525287 0.227823 0.520597 0.22904 0.51812 0.228597 0.515997 0.228819
1 28 0.575109 0.244729 0.584396 0.251431 0.591194 0.260287 0.596172 0.269981 0.586502 0.26675 0.576928 0.261365 0.575779 0.254064 0.575875 0.2482
0 8 0.760872 0.822322 0.760417 0.819195 0.757574 0.817489 0.755299 0.817632 0.75348 0.8182 0.752734 0.820117 0.753707 0.821896 0.756891 0.823602 0.760872 0.822322 0.769609 0.841602 0.768604 0.842792 0.768377 0.84464 0.768281 0.849512 0.770078 0.850098 0.771563 0.84668 0.771484 0.842773 0.770469 0.841406 0.769609 0.841602
0 16 0.430447 0.636036 0.431044 0.633371 0.429338 0.630173 0.426864 0.629213 0.424903 0.630066 0.424306 0.633478 0.424817 0.63625 0.427291 0.637849 0.430447 0.636036 0.437867 0.642753 0.436332 0.646058 0.436929 0.649789 0.438805 0.650536 0.441705 0.649683 0.443155 0.647337 0.443496 0.645098 0.442643 0.642753 0.441278 0.642113 0.439573 0.6419 0.437867 0.642753
