4 10 0.649105 0.244101 0.646908 0.252732 0.688426 0.277101 0.744042 0.307798 0.776545 0.326758 0.825661 0.348427 0.86322 0.361066 0.931498 0.382735 0.943755 0.389958 0.954844 0.398641 0.968674 0.416141 0.983842 0.439615 1 0.47934 1 0.453158 0.978786 0.413432 0.96434 0.392666 0.94845 0.380026 0.928948 0.370998 0.863942 0.352038 0.825661 0.339398 0.773656 0.315021 0.691284 0.268073
3 10 0.583378 0.216397 0.584878 0.214254 0.586678 0.20638 0.639551 0.238121 0.649105 0.244101 0.646908 0.252732
1 10 0.562325 0.169517 0.558893 0.187902 0.557913 0.193418 0.553991 0.207513 0.55252 0.214867 0.550069 0.221608 0.542714 0.217931 0.536341 0.211803 0.531438 0.206287 0.527516 0.19832 0.527026 0.190354 0.527516 0.182999 0.532419 0.173807 0.538302 0.168291 0.547617 0.166453 0.553991 0.167679
2 10 0.562325 0.169517 0.569189 0.173194 0.580465 0.187289 0.585368 0.194643 0.586839 0.205674 0.584878 0.214254 0.581446 0.219157 0.576053 0.222221 0.566738 0.224059 0.559874 0.224059 0.550069 0.221608 0.55252 0.214867 0.553991 0.207513 0.557913 0.193418 0.558893 0.187902
4 18 0.509924 0.19581 0.50257 0.220937 0.497177 0.227678 0.495215 0.227678 0.489822 0.226452 0.490803 0.222162 0.498157 0.205616 0.50257 0.186005 0.506492 0.152912 0.509924 0.128399 0.512375 0.11798 0.516787 0.111239 0.519729 0.106949 0.529044 0.10266 0.536889 0.103272 0.545713 0.106949 0.551597 0.111852 0.554184 0.124109 0.555164 0.141268 0.555204 0.167946 0.553991 0.167679 0.547617 0.166453 0.546694 0.166635 0.546694 0.149235 0.546068 0.127786 0.541791 0.116755 0.535418 0.111852 0.527083 0.113078 0.522739 0.115972 0.52071 0.128399 0.513356 0.179264 0.509924 0.19581 0.545671 0.21941 0.550069 0.221608 0.553704 0.222517 0.556142 0.265793 0.556142 0.310936 0.550364 0.398513 0.545272 0.464124 0.538384 0.524878 0.536565 0.570562 0.529223 0.570222 0.527973 0.547483 0.528695 0.523106 0.532306 0.484284 0.538085 0.42921 0.543141 0.374135 0.545308 0.333507 0.546752 0.286559 0.547474 0.265793 0.54603 0.234193 0.545671 0.21941
3 18 0.528407 0.582458 0.529223 0.570222 0.536565 0.570562 0.536565 0.595714 0.539139 0.651892 0.536654 0.65035 0.531488 0.651627 0.52986 0.653287 0.529223 0.639219
1 18 0.507539 0.67972 0.521841 0.680997 0.533589 0.680997 0.542272 0.680997 0.550955 0.680358 0.562703 0.67972 0.5673 0.677804 0.566279 0.69632 0.561682 0.714836 0.556574 0.723136 0.550955 0.730159 0.54074 0.734628 0.52797 0.734628 0.519287 0.730159 0.511625 0.723774 0.506517 0.711643 0.505496 0.699512 0.506517 0.689935
2 18 0.507539 0.67972 0.514179 0.66695 0.523164 0.660116 0.531488 0.651627 0.536654 0.65035 0.547862 0.657301 0.561531 0.665035 0.56607 0.672247 0.5673 0.677804 0.562703 0.67972 0.550955 0.680358 0.542272 0.680997 0.533589 0.680997 0.521841 0.680997
4 25 0.298142 0.17617 0.298961 0.169002 0.303057 0.16593 0.312068 0.174122 0.321079 0.190506 0.332548 0.214058 0.344837 0.239658 0.355538 0.280618 0.363678 0.316458 0.376786 0.350251 0.383339 0.368683 0.421842 0.434219 0.45461 0.475179 0.476267 0.494971 0.497839 0.508453 0.515489 0.51642 0.528461 0.524089 0.549927 0.538648 0.584352 0.56606 0.601512 0.581696 0.625549 0.609571 0.651506 0.64752 0.645418 0.653232 0.62091 0.620587 0.594695 0.588843 0.559768 0.559786 0.542555 0.547618 0.524132 0.535083 0.506221 0.526379 0.470175 0.503851 0.436588 0.473131 0.415087 0.445992 0.397266 0.415787 0.37269 0.374827 0.360401 0.346155 0.348113 0.301098 0.334187 0.245802 0.312887 0.19665
3 25 0.645418 0.653232 0.651506 0.64752 0.677351 0.681934 0.698953 0.714129 0.697321 0.713959 0.694478 0.713959 0.691634 0.716498 0.691347 0.719731 0.691343 0.719726 0.661109 0.67715
0 25 0.719771 0.757104 0.721803 0.757104 0.723255 0.758193 0.724416 0.761459 0.724438 0.763455 0.723835 0.765451 0.722999 0.766394 0.721223 0.767338 0.720011 0.767474 0.718174 0.766829 0.717117 0.765432 0.716344 0.764034 0.716141 0.761238 0.716547 0.759714 0.717564 0.758443
1 25 0.707071 0.764229 0.712758 0.760675 0.72007 0.755597 0.726976 0.748996 0.732257 0.740871 0.734694 0.738333 0.74042 0.750805 0.743579 0.762087 0.743579 0.76942 0.739969 0.776188 0.734554 0.781265 0.730492 0.783521 0.725528 0.783521 0.720564 0.782393 0.715149 0.777317 0.711539 0.77224
2 25 0.691228 0.721068 0.691634 0.716498 0.694478 0.713959 0.697321 0.713959 0.702196 0.714467 0.713976 0.718529 0.724132 0.72513 0.731444 0.733763 0.734694 0.738333 0.732257 0.740871 0.726976 0.748996 0.72007 0.755597 0.712758 0.760675 0.707071 0.764229 0.702196 0.756613 0.69529 0.741379 0.693259 0.730208
4 35 0.608519 0.583909 0.613533 0.588702 0.602805 0.59903 0.594635 0.610317 0.588987 0.622679 0.58861 0.634841 0.593346 0.642565 0.599795 0.64794 0.608825 0.649015 0.617854 0.64794 0.627744 0.642565 0.638923 0.633428 0.647953 0.621995 0.655347 0.607182 0.657591 0.595088 0.657339 0.581275 0.655263 0.572157 0.653543 0.564632 0.650103 0.557645 0.645373 0.55227 0.640111 0.551148 0.635558 0.550914 0.628406 0.55594 0.620898 0.562296 0.595372 0.59291 0.593044 0.597004 0.590802 0.595391 0.589571 0.594324 0.598646 0.58105 0.612274 0.563159 0.624347 0.549792 0.631936 0.544618 0.634624 0.544208 0.641834 0.544168 0.648061 0.546358 0.654833 0.551733 0.660422 0.561945 0.664292 0.572157 0.664722 0.583175 0.664421 0.595564 0.662787 0.604929 0.660422 0.612467 0.654833 0.626441 0.642866 0.641508 0.631301 0.652759 0.620434 0.657614 0.610975 0.658689 0.599795 0.658689 0.591626 0.655464 0.586466 0.65224 0.581306 0.644177 0.579586 0.636115 0.580876 0.626441 0.582166 0.620529 0.587756 0.60763 0.594205 0.597418 0.603235 0.587743 0.608519 0.583909 0.608519 0.583909 0.614418 0.577642 0.643173 0.548641 0.651363 0.541966 0.661968 0.535291 0.661743 0.5366 0.665015 0.545234 0.654136 0.55159 0.639488 0.564 0.613533 0.588702 0.608519 0.583909
0 35 0.70204 0.528738 0.70438 0.529344 0.705941 0.531295 0.706288 0.53368 0.705247 0.536065 0.703686 0.537582 0.701605 0.537799 0.699697 0.536498 0.69883 0.53368 0.699177 0.531078 0.700391 0.529344
1 35 0.684734 0.500325 0.68898 0.511947 0.691265 0.51834 0.694311 0.530309 0.69714 0.540374 0.699752 0.546358 0.701058 0.550575 0.702824 0.553089 0.714508 0.546965 0.722423 0.537071 0.726192 0.527178 0.726945 0.516814 0.722423 0.505507 0.716392 0.49844 0.710739 0.496085 0.701694 0.496085 0.69491 0.497498
2 35 0.684734 0.500325 0.677573 0.504565 0.670412 0.512574 0.664005 0.523409 0.661743 0.5366 0.665135 0.545551 0.67305 0.551676 0.684734 0.555445 0.691894 0.555445 0.701058 0.553839 0.702969 0.552832 0.700937 0.550391 0.699609 0.546582 0.697266 0.541016 0.694747 0.530717 0.691265 0.518204 0.687565 0.509227
0 10 0.570078 0.195117 0.569141 0.201074 0.567969 0.205566 0.568984 0.209668 0.571016 0.211914 0.574219 0.210742 0.577109 0.204297 0.577031 0.198926 0.576328 0.194141 0.572734 0.193457 0.57125 0.193457 0.570078 0.195117 0.553984 0.178027 0.556016 0.179785 0.556719 0.183789 0.541953 0.193359 0.54 0.192285 0.538281 0.19375 0.538281 0.195117 0.538438 0.197461 0.539922 0.19873 0.541953 0.198437 0.5425 0.196484 0.541953 0.193359 0.556719 0.183789 0.555547 0.186426 0.553125 0.187109 0.551406 0.186523 0.550469 0.184668 0.551094 0.180957 0.551172 0.17998 0.551875 0.178613 0.553984 0.178027
