4 6 0.311296 0.332809 0.314765 0.323269 0.278618 0.298198 0.239354 0.271154 0.200089 0.242106 0.156819 0.217065 0.124766 0.199036 0.097522 0.190021 0.081495 0.182008 0.04784 0.167985 0.006974 0.155965 0 0.15296 0 0.162977 0.030212 0.171991 0.057456 0.180004 0.104733 0.20204 0.124766 0.212057 0.164031 0.233091 0.200891 0.254126 0.242559 0.288181 0.280221 0.312221
3 6 0.402502 0.378413 0.403726 0.368472 0.377206 0.353622 0.354311 0.339747 0.328641 0.331074 0.314765 0.323269 0.311296 0.332809 0.323784 0.342348 0.34321 0.349286 0.35778 0.356224 0.384144 0.370967 0.396632 0.378772
1 6 0.438164 0.322216 0.44196 0.330914 0.450215 0.349357 0.460003 0.369237 0.46979 0.361591 0.478354 0.349357 0.478966 0.333299 0.474072 0.324888 0.46245 0.318007 0.455109 0.317242
2 6 0.431838 0.325115 0.422689 0.33177 0.414125 0.342475 0.411678 0.352415 0.411174 0.365574 0.403726 0.368472 0.402502 0.378413 0.406173 0.383 0.418407 0.385294 0.436146 0.386059 0.454497 0.374589 0.460003 0.369237 0.450215 0.349357 0.441854 0.330782 0.43827 0.322084
4 12 0.487025 0.481903 0.490854 0.487372 0.473364 0.509606 0.447 0.537358 0.427574 0.552968 0.397741 0.567711 0.345013 0.590259 0.297142 0.608471 0.277022 0.618011 0.255515 0.633621 0.213887 0.676982 0.187523 0.716008 0.158384 0.774113 0.132021 0.832217 0.120226 0.850429 0.105657 0.86257 0.12092 0.841757 0.136877 0.805333 0.168791 0.735954 0.191686 0.695194 0.219438 0.659638 0.250658 0.624948 0.26939 0.611073 0.297142 0.598064 0.341544 0.582454 0.398435 0.557304 0.433124 0.536491 0.456713 0.515677 0.474751 0.495731
3 12 0.546721 0.404947 0.554061 0.412593 0.541177 0.428571 0.518203 0.457288 0.5007 0.477116 0.490854 0.487372 0.487025 0.481903 0.507264 0.460023 0.529143 0.435408 0.54063 0.418315
0 12 0.615276 0.36966 0.613113 0.365875 0.615276 0.36209 0.618304 0.361549 0.620899 0.365334 0.619601 0.369119 0.617871 0.370322
1 12 0.595046 0.336025 0.596881 0.367375 0.598104 0.398725 0.59881 0.406884 0.609115 0.396431 0.620737 0.37808 0.625631 0.361258 0.624407 0.3452 0.617067 0.332202 0.610338 0.329908 0.603668 0.331971
2 12 0.585258 0.343012 0.572412 0.353716 0.556508 0.37742 0.548556 0.395771 0.546721 0.404947 0.554061 0.412593 0.563237 0.407241 0.571801 0.405711 0.583423 0.412593 0.592936 0.411499 0.598642 0.407303 0.598104 0.39883 0.596881 0.36748 0.595046 0.33613
4 16 0.488025 0.92833 0.495177 0.920203 0.508969 0.932706 0.524587 0.937354 0.579545 0.942199 0.594493 0.942002 0.622753 0.939214 0.63837 0.939214 0.672579 0.943862 0.718688 0.952228 0.798262 0.967102 0.848832 0.979187 0.868912 0.981046 0.88676 0.981046 0.905352 0.987553 0.916507 0.999638 0.903865 1 0.897172 0.99406 0.883785 0.991271 0.868912 0.991271 0.85032 0.987553 0.790081 0.975468 0.726868 0.963383 0.662168 0.954087 0.622753 0.949439 0.595237 0.954087 0.577388 0.954087 0.523099 0.94851 0.509713 0.944791 0.500045 0.938284
3 16 0.443814 0.869002 0.452916 0.858437 0.46787 0.886882 0.487375 0.912076 0.495177 0.920203 0.488025 0.92833 0.46787 0.903949 0.452916 0.881193
2 16 0.404804 0.817802 0.404154 0.830805 0.409355 0.846247 0.419108 0.860875 0.42886 0.86819 0.440563 0.869002 0.443814 0.869002 0.452916 0.858437 0.451616 0.839745 0.445114 0.823491 0.432111 0.810488 0.423009 0.804799 0.413256 0.805611 0.407405 0.812113
4 23 0.668714 0.420364 0.676532 0.425793 0.654816 0.454023 0.641787 0.476824 0.633101 0.495282 0.607042 0.541971 0.586195 0.571287 0.554257 0.604637 0.54537 0.616889 0.528866 0.639691 0.521048 0.659235 0.516705 0.685293 0.509756 0.702666 0.498464 0.714609 0.493253 0.723295 0.486304 0.741754 0.481961 0.763469 0.479355 0.794957 0.475012 0.859017 0.46976 0.853718 0.475012 0.760212 0.479355 0.733067 0.488041 0.714609 0.501939 0.696151 0.509756 0.674435 0.513231 0.654891 0.523654 0.628833 0.543303 0.600592 0.578469 0.564715 0.588801 0.550657 0.600962 0.528941 0.629626 0.476824 0.653079 0.442079
3 23 0.721095 0.33823 0.727339 0.341699 0.719963 0.363903 0.706933 0.385619 0.688692 0.410592 0.676532 0.425793 0.668714 0.420364 0.680875 0.406249 0.699116 0.382362 0.712145 0.357389
0 23 0.764597 0.25392 0.762519 0.259765 0.76096 0.260414 0.756804 0.259115 0.754726 0.255868 0.755765 0.250024 0.758882 0.248725 0.763038 0.250024 0.764597 0.25392 0.770514 0.252526 0.772349 0.247938 0.775309 0.246867 0.777704 0.249362 0.779301 0.252356 0.778902 0.255349 0.776107 0.257345 0.772349 0.257114 0.770514 0.252526
1 23 0.736359 0.256597 0.742909 0.261596 0.750392 0.266729 0.75742 0.272776 0.779324 0.288405 0.780761 0.282614 0.784924 0.260065 0.782149 0.248791 0.776598 0.241854 0.766192 0.238385 0.754397 0.240986 0.746072 0.247924
2 23 0.736359 0.256711 0.723871 0.282728 0.720402 0.308745 0.720402 0.331293 0.721095 0.33823 0.727339 0.341699 0.742603 0.337363 0.755785 0.330425 0.768273 0.312213 0.772436 0.302674 0.779872 0.288405 0.750484 0.267528 0.741215 0.261047
0 6 0.449535 0.340512 0.447321 0.3415 0.446767 0.344466 0.44827 0.346739 0.449772 0.347036 0.451749 0.347036 0.452619 0.345059 0.452144 0.341896 0.450721 0.341105
1 1 0.454692 0.67479 0.458407 0.686338 0.466139 0.69663 0.470357 0.699392 0.478792 0.702781 0.485219 0.703409 0.491244 0.701777 0.497469 0.695375 0.500984 0.686087 0.503595 0.674539 0.502691 0.662112 0.499679 0.651945 0.491746 0.658346 0.470758 0.669141
0 1 0.475177 0.683827 0.472566 0.679936 0.470156 0.676924 0.467846 0.677426 0.46644 0.679183 0.466942 0.683827 0.46875 0.68935 0.470859 0.690354 0.47367 0.691484 0.475076 0.690856 0.475578 0.687593 0.475177 0.683827 0.494859 0.674915 0.495461 0.676547 0.498072 0.676924 0.499377 0.675041 0.498875 0.671024 0.49757 0.666756 0.496666 0.665878 0.494457 0.666631 0.493955 0.670396 0.494859 0.674915
2 1 0.454792 0.674664 0.448365 0.658095 0.447261 0.645166 0.446558 0.639141 0.441537 0.634999 0.438926 0.627091 0.438424 0.61956 0.439227 0.612782 0.44224 0.608263 0.446256 0.605501 0.455294 0.605752 0.46142 0.603744 0.463729 0.607259 0.463528 0.612907 0.468951 0.616422 0.478792 0.622572 0.486524 0.628472 0.494256 0.637886 0.497871 0.645292 0.49998 0.651819 0.491846 0.657844 0.470457 0.669267
3 1 0.45521 0.604699 0.436617 0.556105 0.418401 0.506338 0.423659 0.503287 0.462158 0.602351
4 1 0.41884 0.50636 0.404258 0.47287 0.39596 0.451382 0.389278 0.43209 0.370196 0.39168 0.354032 0.363337 0.32971 0.324247 0.317755 0.30826 0.280331 0.264584 0.249632 0.225184 0.22703 0.196565 0.184333 0.134581 0.119358 0.0525581 0.0798142 0.00065984 0.0931429 0.00032992 0.147382 0.0732422 0.180242 0.115802 0.20766 0.153433 0.23521 0.193226 0.281712 0.253935 0.302172 0.276384 0.328522 0.310977 0.352531 0.345033 0.372118 0.380494 0.402979 0.44613 0.423312 0.503177
2 2 0.980457 0.749295 0.97544 0.731974 0.97305 0.714653 0.973767 0.702707 0.979023 0.688671 0.984518 0.694644 0.992403 0.694644 0.998375 0.686282 0.999219 0.687599 0.999092 0.708082 0.999219 0.717104 0.998472 0.725631 0.992174 0.74858 0.987752 0.753772 0.982526 0.7526
1 2 0.979042 0.688612 0.98199 0.677389 0.988958 0.667339 0.994988 0.664491 0.999219 0.664491 0.999142 0.685932 0.993246 0.693805 0.98467 0.694977
0 2 0.987891 0.686719 0.986563 0.689648 0.987578 0.691992 0.988828 0.693457 0.99 0.692969 0.991484 0.690918 0.991484 0.688477 0.990547 0.686328 0.988984 0.685937
4 2 0.9885 0.753888 0.979463 0.790691 0.963138 0.812008 0.948271 0.808546 0.944773 0.803627 0.947397 0.787412 0.952644 0.772472 0.960952 0.757896 0.976548 0.750609 0.982087 0.751155 0.981795 0.756985 0.970863 0.762269 0.959057 0.771743 0.955559 0.790145 0.956725 0.795064 0.960661 0.795428 0.96722 0.789598 0.973633 0.78231 0.978297 0.772472 0.981941 0.761176 0.982524 0.751337
