4 6 0.307576 0.046139 0.314514 0.043537 0.312732 0.0222958 0.309557 0 0.302532 0.000272394 0.304502 0.0286709
3 6 0.307632 0.0459129 0.314355 0.04316 0.317716 0.0661976 0.323642 0.094704 0.329192 0.126792 0.331505 0.14298 0.327805 0.144136 0.323561 0.147673 0.317398 0.106845 0.311154 0.071289
1 6 0.311154 0.181427 0.320867 0.186631 0.335626 0.187209 0.347525 0.183105 0.354829 0.177053 0.357865 0.189363 0.358932 0.19562 0.359178 0.201878 0.358932 0.209571 0.357455 0.219521 0.354169 0.227391 0.34851 0.233062 0.342601 0.235319 0.336824 0.235196 0.33103 0.234703 0.326434 0.232139 0.320116 0.226599 0.316704 0.22132 0.31355 0.213161 0.311335 0.201057 0.311006 0.195312 0.311154 0.189233
2 6 0.311072 0.18153 0.313847 0.164186 0.321479 0.149443 0.327723 0.144239 0.333273 0.142505 0.340905 0.146841 0.350618 0.160717 0.354747 0.177156 0.347607 0.183311 0.335954 0.187311 0.326335 0.186734 0.320785 0.186734
4 11 0.173238 0.45558 0.179472 0.460775 0.219756 0.425913 0.255846 0.402209 0.277868 0.38921 0.302336 0.373918 0.321299 0.357096 0.345155 0.345626 0.375834 0.338075 0.418987 0.329051 0.469199 0.32484 0.49747 0.324217 0.496858 0.319629 0.492576 0.317335 0.473002 0.315806 0.438398 0.317822 0.409202 0.321431 0.372682 0.32804 0.339038 0.337215 0.323134 0.344097 0.315182 0.348685 0.302336 0.361684 0.291325 0.370095 0.275421 0.380035 0.249118 0.395327 0.222203 0.412149 0.194676 0.434324
3 11 0.123365 0.506881 0.127521 0.515973 0.141548 0.505583 0.154016 0.490647 0.160251 0.481555 0.174277 0.466619 0.179472 0.460775 0.173238 0.45558 0.156094 0.472464 0.143107 0.488049 0.134795 0.49779
1 11 0.087 0.499738 0.091156 0.509479 0.100507 0.532207 0.117131 0.553637 0.110378 0.565976 0.097909 0.575067 0.08648 0.577015 0.076609 0.573768 0.0657 0.564677 0.059985 0.547793 0.060505 0.527012 0.064661 0.515973 0.072453 0.50818
2 11 0.087 0.499738 0.103104 0.500387 0.11817 0.504933 0.123365 0.506881 0.127521 0.515973 0.124924 0.530909 0.121287 0.546494 0.117131 0.553637 0.100507 0.532207 0.091156 0.509479
4 17 0.531108 0.403033 0.533511 0.414051 0.567968 0.381998 0.620053 0.339929 0.668933 0.302869 0.707396 0.277828 0.737044 0.261802 0.773905 0.24878 0.804355 0.241769 0.819579 0.230751 0.821983 0.220734 0.820381 0.210718 0.814772 0.202705 0.804355 0.202705 0.787891 0.209952 0.761652 0.22422 0.742654 0.234757 0.722367 0.254054 0.742084 0.243863 0.774698 0.226444 0.789226 0.219588 0.802752 0.212721 0.810765 0.212721 0.813169 0.217729 0.813169 0.225743 0.801951 0.230751 0.784322 0.235759 0.760282 0.240767 0.72182 0.256793 0.682555 0.282836 0.63047 0.319897 0.568769 0.369979
3 17 0.473229 0.455379 0.478123 0.464554 0.506267 0.442097 0.533511 0.414051 0.531108 0.403033 0.507068 0.425069 0.485433 0.443098
1 17 0.433468 0.451556 0.434692 0.465319 0.438362 0.47373 0.445702 0.485199 0.454266 0.492081 0.45916 0.500492 0.454995 0.505694 0.449373 0.509668 0.444475 0.512878 0.438922 0.513974 0.43041 0.511961 0.423069 0.505844 0.418787 0.492846 0.418176 0.476024 0.423681 0.464554
2 17 0.433468 0.451556 0.445702 0.447732 0.459772 0.450791 0.473229 0.455379 0.478123 0.464554 0.472617 0.479847 0.45916 0.500492 0.454266 0.492081 0.445702 0.485199 0.438362 0.47373 0.434692 0.465319
4 22 0.588182 0.694467 0.595523 0.699055 0.630881 0.658517 0.673443 0.612914 0.712531 0.573826 0.758568 0.533652 0.799394 0.506508 0.831533 0.490221 0.853248 0.484792 0.891467 0.491307 0.94011 0.509765 0.954008 0.519537 0.952271 0.526052 0.923606 0.519537 0.892336 0.504336 0.87062 0.498907 0.854117 0.497822 0.88365 0.508679 0.904497 0.521709 0.925344 0.529309 0.948796 0.535824 0.961826 0.535824 0.967906 0.528223 0.967037 0.517366 0.957483 0.506508 0.929687 0.492393 0.882781 0.477192 0.854117 0.476106 0.83327 0.479363 0.815897 0.485878 0.777678 0.509765 0.740327 0.53691 0.695159 0.578169 0.647385 0.627029 0.610034 0.668289
3 22 0.53374 0.750285 0.538634 0.75946 0.559432 0.742639 0.574725 0.728111 0.588182 0.70823 0.595523 0.699055 0.588182 0.694467 0.57656 0.707466 0.565549 0.722758 0.545975 0.740345
1 22 0.50132 0.746462 0.506214 0.763284 0.515389 0.778576 0.525177 0.800751 0.517836 0.809926 0.506825 0.814514 0.496426 0.815279 0.485416 0.808397 0.480522 0.794633 0.478075 0.778576 0.484804 0.762519 0.490309 0.753343
2 22 0.50132 0.746462 0.511107 0.744932 0.523953 0.744168 0.53374 0.750285 0.538634 0.75946 0.538634 0.773224 0.53374 0.787752 0.525177 0.800751 0.515389 0.778576 0.506214 0.763284
4 27 0.806979 0.799753 0.811787 0.806764 0.839833 0.788735 0.898329 0.750673 0.935189 0.728636 0.965639 0.719622 1 0.71261 1 0.701592 0.969645 0.707602 0.944805 0.713612 0.91756 0.723628 0.89272 0.741658 0.849449 0.769704
3 27 0.736464 0.835812 0.739669 0.847831 0.776529 0.830804 0.800569 0.816781 0.811787 0.806764 0.806979 0.799753 0.792556 0.807766 0.774126 0.817782 0.750086 0.830804
1 27 0.699604 0.823792 0.701206 0.84683 0.706014 0.865861 0.714829 0.881887 0.702008 0.887897 0.691591 0.887897 0.679571 0.876879 0.674763 0.861854 0.676366 0.844827 0.685981 0.830804
2 27 0.699604 0.823792 0.714027 0.821789 0.726047 0.826797 0.736464 0.835812 0.739669 0.847831 0.735663 0.861854 0.725246 0.874876 0.714829 0.881887 0.706014 0.865861 0.701206 0.84683
0 17 0.433565 0.485237 0.43824 0.490595 0.443403 0.492421 0.447495 0.489377 0.451196 0.490351 0.452365 0.493639 0.451001 0.498144 0.444962 0.50131 0.440286 0.501554 0.436389 0.498875 0.433467 0.494613 0.431227 0.488038 0.431519 0.484994
