2 6 0.19796 0.480763 0.189513 0.486042 0.184234 0.491981 0.174204 0.504518 0.168397 0.514417 0.166286 0.522335 0.166286 0.530914 0.169981 0.538172 0.174204 0.541472 0.178955 0.545431 0.186874 0.546091 0.192153 0.546091 0.204823 0.540812 0.212741 0.536193 0.221716 0.526294 0.229106 0.517716 0.221188 0.507818 0.212741 0.499899 0.205878 0.49462 0.199544 0.483402
4 6 0.107409 0.571036 0.087257 0.581518 0.061239 0.596575 0.033295 0.612836 0 0.633915 0 0.641142 0.033295 0.620665 0.063167 0.601995 0.086293 0.58995 0.110328 0.578333
3 6 0.119084 0.563009 0.137764 0.550604 0.152942 0.538929 0.166286 0.527462 0.166286 0.530914 0.169932 0.538075 0.158779 0.544767 0.139516 0.56082 0.110328 0.578333 0.107409 0.571036
0 6 0.213187 0.487225 0.208827 0.488483 0.206815 0.492675 0.207486 0.497706 0.209498 0.499383 0.212741 0.499899 0.214529 0.499383 0.21587 0.497286 0.217212 0.493933 0.217212 0.490579 0.216205 0.488902
1 6 0.19796 0.480763 0.211685 0.474824 0.219604 0.474164 0.228578 0.474824 0.233857 0.479443 0.237025 0.484722 0.237553 0.49528 0.235969 0.504518 0.229106 0.517716 0.221188 0.507818 0.212741 0.499899 0.205878 0.49462 0.199544 0.483402
2 12 0.34373 0.622177 0.369874 0.621623 0.370317 0.612761 0.368987 0.601129 0.368101 0.591159 0.367658 0.581189 0.366772 0.571219 0.364556 0.568449 0.361897 0.568449 0.356137 0.571219 0.352149 0.574542 0.349933 0.580635 0.347275 0.595036 0.344173 0.607222 0.34373 0.613315 0.34373 0.6183 0.34373 0.622177 0.34373 0.622177 0.343287 0.632701 0.344173 0.641009 0.346831 0.64821 0.34949 0.650979 0.352592 0.652087 0.356137 0.653195 0.359682 0.653195 0.36367 0.651533 0.365885 0.649318 0.368101 0.641563 0.36943 0.633809 0.369874 0.621623 0.34373 0.622177
4 12 0.333316 0.500685 0.31263 0.479869 0.281632 0.448501 0.266133 0.430511 0.253586 0.413444 0.243991 0.39776 0.23292 0.37608 0.223695 0.347941 0.215576 0.323032 0.199103 0.281348 0.177904 0.238588 0.163931 0.213895 0.138395 0.179566 0.126832 0.165714 0.114787 0.160294 0.103705 0.157283 0.07576 0.154271 0.057452 0.153067 0.043479 0.147044 0.032398 0.141624 0.01698 0.131988 0 0.124158 0 0.112113 0.020834 0.124761 0.043479 0.136806 0.050706 0.139215 0.058415 0.141022 0.069497 0.142828 0.079615 0.144033 0.101296 0.146442 0.109969 0.149453 0.12635 0.157283 0.13695 0.165714 0.145623 0.174146 0.154777 0.184384 0.170677 0.208475 0.18754 0.241599 0.203921 0.275326 0.217412 0.310859 0.229939 0.346995 0.241021 0.37771 0.246802 0.389153 0.256438 0.406016 0.282456 0.437334 0.303656 0.459015 0.325337 0.480094 0.338279 0.493049
3 12 0.333316 0.500685 0.338279 0.493049 0.34897 0.503549 0.355078 0.51023 0.359278 0.516434 0.362714 0.522638 0.365769 0.532661 0.367296 0.541251 0.368059 0.546501 0.368059 0.558432 0.365769 0.567977 0.365371 0.569468 0.364556 0.568449 0.361897 0.568449 0.356897 0.570853 0.35966 0.564636 0.360424 0.557477 0.361951 0.547455 0.360805 0.539819 0.358896 0.531229 0.355078 0.522638 0.346297 0.510707
0 12 0.357744 0.644944 0.355311 0.645221 0.353984 0.646326 0.353542 0.649367 0.354205 0.651578 0.355753 0.652131 0.357965 0.652131 0.359292 0.650749 0.359513 0.648814 0.359292 0.646326
2 18 0.559889 0.454518 0.565696 0.441981 0.570975 0.434062 0.57731 0.430103 0.586812 0.427463 0.593675 0.429443 0.599482 0.437362 0.603177 0.44792 0.603177 0.461117 0.600537 0.472995 0.597969 0.479883 0.5925 0.475586 0.583516 0.468066 0.575703 0.46416 0.566224 0.459138
4 18 0.612998 0.352318 0.615995 0.335278 0.617635 0.317332 0.620917 0.290158 0.622147 0.267598 0.623527 0.25407 0.625839 0.233246 0.630251 0.192647 0.636003 0.161782 0.640298 0.146188 0.644797 0.129827 0.657682 0.0976153 0.673429 0.0643815 0.690129 0.029785 0.711197 0 0.721176 0 0.697336 0.031864 0.680703 0.067208 0.670724 0.087999 0.660744 0.108097 0.654645 0.124037 0.648547 0.144135 0.641525 0.174309 0.637844 0.193993 0.635594 0.218791 0.63089 0.25407 0.628231 0.285003 0.625261 0.316006 0.619641 0.353061
3 18 0.591703 0.428874 0.594916 0.421511 0.598606 0.410901 0.602297 0.400292 0.605249 0.389682 0.608201 0.377227 0.612998 0.352318 0.619641 0.353061 0.615213 0.378611 0.609677 0.397985 0.603404 0.418743 0.599344 0.433043 0.598312 0.435767 0.593675 0.429443
1 18 0.559889 0.454518 0.556788 0.464384 0.555936 0.479827 0.556788 0.48888 0.5619 0.496335 0.565308 0.500595 0.571698 0.50166 0.578089 0.50166 0.584688 0.499121 0.588906 0.494434 0.597813 0.480078 0.5925 0.475781 0.583828 0.468262 0.575859 0.464355 0.566224 0.459138
2 25 0.744643 0.197942 0.740319 0.204163 0.731477 0.214227 0.726394 0.22561 0.725339 0.233529 0.725339 0.241447 0.726288 0.252937 0.72937 0.264494 0.736766 0.269116 0.751558 0.268346 0.760804 0.265264 0.770049 0.262953 0.771898 0.249085 0.774915 0.233676 0.773131 0.219808 0.768849 0.208047 0.765118 0.196695 0.759051 0.192842 0.755757 0.190154 0.753793 0.187465 0.749863 0.188734 0.747519 0.193028
4 25 0.740262 0.103303 0.738751 0.078739 0.740057 0.050178 0.74071 0.02325 0.742015 0 0.749849 0 0.747238 0.025698 0.746585 0.058339 0.748096 0.100855
3 25 0.740262 0.103303 0.748096 0.100855 0.75136 0.126151 0.754624 0.152264 0.755929 0.171032 0.755929 0.181641 0.75627 0.190572 0.755757 0.190154 0.753793 0.187465 0.749863 0.188734 0.748748 0.190776 0.748748 0.182457 0.749401 0.166952 0.745484 0.142472 0.742873 0.121255
0 25 0.738932 0.247091 0.736164 0.249068 0.733395 0.253023 0.733 0.257966 0.733791 0.261921 0.736955 0.265382 0.74091 0.265382 0.744073 0.263899 0.746446 0.260932 0.746446 0.254506 0.745655 0.250551 0.743282 0.248079
1 25 0.72937 0.264494 0.733068 0.276821 0.738615 0.283755 0.744162 0.288377 0.750326 0.289918 0.757722 0.289148 0.765118 0.282984 0.7682 0.272969 0.770049 0.262953 0.760804 0.265264 0.751558 0.268346 0.736766 0.269116
2 31 0.66345 0.627044 0.665501 0.645502 0.667962 0.655244 0.669192 0.659858 0.672884 0.66396 0.676576 0.668062 0.678216 0.673189 0.678627 0.676778 0.679857 0.679342 0.681908 0.68088 0.68601 0.68088 0.690522 0.677291 0.693803 0.672676 0.700366 0.664986 0.704057 0.659858 0.707339 0.654731 0.71103 0.644477 0.713492 0.63371 0.706929 0.632684 0.695854 0.632684 0.679447 0.630633 0.667962 0.627557
4 31 0.685359 0.75109 0.684094 0.792229 0.681759 0.852793 0.680591 0.896575 0.677672 0.938897 0.672419 0.972462 0.667165 1 0.67417 1 0.67884 0.970273 0.684094 0.941086 0.687012 0.896575 0.688764 0.854253 0.691682 0.795148 0.692449 0.749982
3 31 0.677123 0.705407 0.67774 0.687687 0.679541 0.678683 0.679857 0.679342 0.681908 0.68088 0.685914 0.68088 0.683587 0.697362 0.68403 0.711209 0.687132 0.720072 0.68979 0.731704 0.691563 0.739458 0.692449 0.749982 0.685359 0.75109 0.68403 0.737243 0.680822 0.726979 0.678356 0.715423
1 31 0.66345 0.627044 0.665501 0.614739 0.669192 0.606023 0.673294 0.598332 0.680267 0.590641 0.688061 0.588078 0.694213 0.589616 0.699956 0.592692 0.70375 0.597559 0.707749 0.603459 0.71103 0.610637 0.713081 0.621404 0.713492 0.63371 0.706929 0.632684 0.695854 0.632684 0.679447 0.630633 0.667962 0.627557
0 31 0.676562 0.617578 0.675547 0.621191 0.676094 0.623828 0.678438 0.62373 0.679922 0.62168 0.680156 0.618066 0.679375 0.617285 0.67875 0.617188 0.6775 0.617383
0 18 0.575143 0.477793 0.575225 0.481255 0.577099 0.483393 0.579217 0.484106 0.581009 0.48319 0.581416 0.481153 0.580683 0.478709 0.578972 0.476774 0.576854 0.476672
