2 6 0.244365 0.416069 0.238064 0.425158 0.233217 0.441516 0.233217 0.449393 0.233217 0.457875 0.235156 0.466358 0.238548 0.471205 0.241941 0.474234 0.247758 0.476052 0.255998 0.474234 0.266177 0.467569 0.273447 0.460905 0.282172 0.44394 0.274902 0.438487 0.262299 0.428187 0.254544 0.418493 0.247758 0.411222
1 6 0.247758 0.411222 0.254544 0.418493 0.262299 0.428187 0.274902 0.438487 0.282172 0.44394 0.286773 0.43056 0.288676 0.413913 0.285632 0.402974 0.279925 0.398218 0.271934 0.397743 0.264632 0.398279 0.257767 0.401553 0.251769 0.405353
3 6 0.235156 0.466358 0.238548 0.471205 0.241941 0.474234 0.23229 0.495411 0.210877 0.530762 0.197264 0.552338 0.187777 0.543675 0.203124 0.51963 0.217619 0.497782 0.226998 0.480196
4 6 0.197264 0.552338 0.187777 0.543675 0.173356 0.564855 0.155382 0.584143 0.139249 0.601083 0.125696 0.613587 0.111857 0.628249 0.090169 0.646322 0.070004 0.662017 0.046794 0.682468 0.027389 0.695785 0.02016 0.701493 0 0.715761 0 0.730505 0.023965 0.71481 0.052501 0.691981 0.077233 0.672481 0.103106 0.651554 0.125935 0.630627 0.14534 0.610176 0.162082 0.593054 0.179584 0.574981 0.190999 0.561188
4 12 0.367569 0.665428 0.357262 0.661134 0.3473 0.683366 0.336063 0.703696 0.329853 0.72033 0.319207 0.741399 0.308562 0.759511 0.291325 0.784821 0.27683 0.809334 0.257652 0.837174 0.237921 0.858385 0.217005 0.876144 0.197668 0.890449 0.180305 0.905248 0.16373 0.91462 0.147551 0.924979 0.136896 0.929912 0.114798 0.937114 0.104993 0.940312 0.089645 0.942443 0.078561 0.939246 0.06705 0.936048 0.056392 0.931252 0.044882 0.930186 0.028255 0.928588 0.019729 0.928588 0 0.930719 0 0.942443 0.025697 0.940844 0.046161 0.943509 0.07174 0.95097 0.089645 0.956299 0.099024 0.9547 0.110961 0.952568 0.122472 0.95097 0.137393 0.944042 0.150183 0.939246 0.163825 0.933384 0.180025 0.920594 0.194946 0.908338 0.217541 0.891818 0.240989 0.8721 0.266142 0.845988 0.286179 0.816679 0.309749 0.782074 0.327159 0.746973 0.34457 0.713977 0.358049 0.685194
3 12 0.357262 0.661134 0.361729 0.651256 0.365508 0.645244 0.37444 0.636655 0.386464 0.630214 0.399863 0.625919 0.414636 0.625061 0.43147 0.624631 0.436896 0.625345 0.432896 0.629961 0.431442 0.636019 0.431483 0.636326 0.425973 0.635797 0.418071 0.636226 0.405703 0.636226 0.390931 0.64052 0.38028 0.645674 0.367569 0.665428
0 12 0.490806 0.656041 0.493529 0.653567 0.496498 0.653257 0.498973 0.655113 0.499715 0.658825 0.49922 0.661609 0.497241 0.662537 0.495261 0.662847 0.493281 0.662537 0.491054 0.660063
1 12 0.478943 0.617993 0.475065 0.630716 0.472157 0.642228 0.470703 0.650711 0.468764 0.665858 0.466484 0.674805 0.473089 0.677914 0.48521 0.678373 0.49219 0.675159 0.497699 0.671486 0.502107 0.663221 0.503577 0.651283 0.503577 0.644396 0.50174 0.637967 0.498434 0.631998 0.491822 0.624193 0.488884 0.621897 0.485945 0.620519
2 12 0.476035 0.617237 0.466825 0.617843 0.453738 0.619055 0.445498 0.620266 0.439197 0.62269 0.432896 0.629961 0.431442 0.636019 0.432411 0.64329 0.442105 0.656619 0.449861 0.664496 0.456162 0.669949 0.462344 0.672559 0.466328 0.675098 0.468764 0.665708 0.470703 0.650561 0.472157 0.642078 0.475065 0.630566 0.478943 0.617843
4 18 0.646383 0.333946 0.639375 0.339137 0.644884 0.348379 0.6565 0.364109 0.667471 0.379033 0.68554 0.40041 0.702642 0.415333 0.718453 0.428644 0.738458 0.445987 0.756447 0.45904 0.78734 0.477589 0.810476 0.489955 0.827598 0.502796 0.853471 0.522296 0.885432 0.546552 0.910924 0.563199 0.931851 0.581272 0.963812 0.606955 1 0.644665 1 0.631942 0.969419 0.601042 0.945184 0.577412 0.925796 0.562871 0.896713 0.542877 0.877325 0.526518 0.868115 0.520459 0.853574 0.510765 0.834671 0.49683 0.822553 0.490165 0.804134 0.476835 0.78523 0.466535 0.767296 0.454418 0.754209 0.444724 0.731647 0.42686 0.721997 0.419877 0.704805 0.404593 0.690743 0.390825 0.674763 0.372612 0.662066 0.35639 0.652416 0.343058
3 18 0.597851 0.26837 0.602426 0.265034 0.60314 0.263426 0.615235 0.282033 0.626137 0.29923 0.637039 0.317399 0.646383 0.333946 0.639375 0.339137 0.632367 0.32551 0.622763 0.309288 0.613418 0.292416 0.603036 0.277167
1 18 0.588369 0.21717 0.582068 0.22444 0.576251 0.231105 0.566073 0.238375 0.559771 0.244434 0.555542 0.23848 0.552841 0.230823 0.551625 0.221317 0.55345 0.213712 0.559229 0.205728 0.5644 0.202686 0.572613 0.203066 0.579001 0.206868 0.584312 0.211696
2 18 0.562524 0.249615 0.568011 0.257764 0.575767 0.264429 0.583522 0.269881 0.592731 0.271093 0.596609 0.269276 0.602426 0.265034 0.604849 0.259581 0.605334 0.250493 0.605334 0.241405 0.600487 0.231105 0.596124 0.225652 0.591277 0.219593 0.588369 0.21717 0.582068 0.22444 0.576251 0.231105 0.566073 0.238375 0.559771 0.244434
2 24 0.795814 0.360685 0.785582 0.36175 0.768281 0.363867 0.761094 0.36709 0.754035 0.373474 0.748492 0.382001 0.743803 0.388395 0.743377 0.39106 0.743377 0.396389 0.745508 0.397988 0.752329 0.400119 0.762135 0.404915 0.774498 0.410244 0.781319 0.411843 0.78473 0.411843 0.791953 0.411719 0.798372 0.410394 0.802815 0.409936 0.805781 0.399707 0.809297 0.389355 0.809297 0.382715 0.805859 0.371777 0.803516 0.365625 0.799651 0.359619
1 24 0.799651 0.359619 0.803594 0.365527 0.806016 0.371777 0.809375 0.382422 0.809375 0.38877 0.807422 0.395801 0.804375 0.404492 0.802815 0.409936 0.810244 0.407523 0.816183 0.401337 0.820143 0.39515 0.822865 0.388345 0.822865 0.379374 0.818905 0.370094 0.816183 0.366382 0.808017 0.360814 0.804057 0.359577
0 24 0.79651 0.384529 0.79692 0.381717 0.798351 0.378393 0.800806 0.37737 0.802647 0.377626 0.803874 0.380694 0.803874 0.384529 0.802647 0.387853 0.801011 0.389132 0.798761 0.389132 0.797533 0.387598
3 24 0.743803 0.388395 0.743377 0.39106 0.743377 0.396389 0.737657 0.39893 0.734464 0.402921 0.731804 0.412234 0.729941 0.421879 0.728611 0.429196 0.727014 0.436513 0.72595 0.443829 0.725152 0.450814 0.724886 0.455802 0.72462 0.468108 0.724464 0.473008 0.714107 0.472288 0.714682 0.458982 0.717559 0.439563 0.720436 0.425178 0.725327 0.406118 0.729355 0.397847 0.731944 0.392812 0.735684 0.388856 0.740287 0.385979
4 24 0.714107 0.472288 0.724464 0.473008 0.723149 0.481824 0.72444 0.493658 0.729482 0.509414 0.735084 0.52342 0.740967 0.533924 0.75021 0.542677 0.760294 0.54968 0.772058 0.555632 0.788025 0.559483 0.80287 0.565086 0.816595 0.569287 0.82724 0.57559 0.837043 0.583643 0.841525 0.592046 0.844046 0.60255 0.844326 0.611303 0.842085 0.620057 0.839609 0.627617 0.832288 0.634688 0.827296 0.637184 0.819975 0.6376 0.812986 0.636352 0.805998 0.632608 0.802337 0.627617 0.797346 0.618881 0.796347 0.611393 0.798677 0.599746 0.802337 0.584771 0.804334 0.576451 0.813652 0.579779 0.811323 0.586019 0.808327 0.595586 0.806996 0.603906 0.806996 0.611393 0.806996 0.616801 0.81099 0.624289 0.81465 0.625537 0.818644 0.626785 0.822637 0.626785 0.828295 0.623873 0.832288 0.619713 0.833952 0.612225 0.833952 0.602242 0.833286 0.597666 0.83129 0.59101 0.827962 0.586019 0.822492 0.582201 0.813878 0.579984 0.804249 0.5765 0.786767 0.571116 0.777139 0.568266 0.770551 0.566682 0.76067 0.563832 0.752562 0.559398 0.741921 0.55433 0.735333 0.548946 0.728999 0.541028 0.725198 0.532794 0.722411 0.525193 0.718357 0.513474 0.715317 0.499856 0.71329 0.483703 0.713796 0.478953
0 6 0.270592 0.419053 0.26978 0.42323 0.270863 0.426391 0.271767 0.428649 0.275108 0.428988 0.276553 0.427294 0.277637 0.425375 0.277637 0.421875 0.276553 0.419165 0.274205 0.418149 0.272128 0.418601
