4 7 0.918539 0.819995 0.919259 0.829448 0.956469 0.827423 1 0.826466 1 0.818666 0.928149 0.820247
3 7 0.84324 0.835493 0.86452 0.829448 0.885047 0.824496 0.918539 0.819995 0.919259 0.829448 0.882526 0.83395 0.870642 0.836201 0.849034 0.842953 0.848705 0.843158 0.846945 0.839198
1 7 0.804844 0.840625 0.80875 0.84541 0.813203 0.85166 0.816953 0.859961 0.821094 0.868359 0.827266 0.876758 0.829766 0.879297 0.833516 0.882715 0.829887 0.886509 0.819225 0.894505 0.812828 0.895838 0.802166 0.894505 0.792866 0.889174 0.787456 0.880512 0.784042 0.865186 0.784575 0.85519 0.791505 0.84253 0.800034 0.833867
2 7 0.809096 0.829203 0.818692 0.827204 0.832019 0.830536 0.841614 0.833867 0.846945 0.839198 0.849611 0.845195 0.849078 0.853191 0.84428 0.865186 0.836328 0.878711 0.833516 0.882422 0.83 0.879492 0.827187 0.876563 0.821641 0.868945 0.816953 0.860254 0.813672 0.852441 0.809297 0.845801 0.805312 0.841699 0.8 0.833887
4 17 0.56986 0.469432 0.574206 0.464 0.512715 0.410768 0.433033 0.346283 0.361151 0.286267 0.283859 0.224158 0.259322 0.201154 0.243877 0.181985 0.234171 0.174317 0.224574 0.167688 0.220063 0.165116 0.210612 0.161322 0.203587 0.158029 0.193927 0.145955 0.191293 0.133881 0.191293 0.122904 0.19744 0.104244 0.209733 0.08778 0.206221 0.081194 0.200074 0.081194 0.192171 0.095463 0.18339 0.121807 0.185146 0.145955 0.189537 0.156931 0.19744 0.16681 0.208855 0.172298 0.223783 0.18108 0.23959 0.193154 0.260665 0.215107 0.318621 0.264501 0.46439 0.383046
3 17 0.56986 0.469432 0.574206 0.464 0.576577 0.465481 0.618851 0.503015 0.640907 0.519723 0.636491 0.523864 0.635637 0.530133 0.603048 0.500545
1 17 0.643554 0.567127 0.650859 0.562012 0.659687 0.557813 0.666953 0.55127 0.673125 0.543848 0.679453 0.53291 0.687992 0.54095 0.697697 0.552442 0.702294 0.565212 0.702294 0.576704 0.701784 0.581812 0.698208 0.589474 0.690546 0.597135 0.681352 0.599689 0.676755 0.599051 0.668583 0.59522 0.660921 0.590112 0.651013 0.578619
2 17 0.679453 0.533008 0.67468 0.528978 0.66445 0.523011 0.650129 0.518749 0.641946 0.518749 0.636491 0.523864 0.635382 0.532011 0.641001 0.560104 0.643554 0.567127 0.651797 0.561523 0.659766 0.557813 0.667109 0.55127 0.673203 0.544043
4 24 0.138763 0.192621 0.146946 0.188358 0.133115 0.162671 0.121032 0.140622 0.1079 0.112234 0.101998 0.0930896 0.0944104 0.0716614 0.080797 0.02725 0.065112 0 0.054201 0 0.07125 0.029807 0.0908976 0.0858883 0.106494 0.135243 0.122396 0.165343
3 24 0.138763 0.192621 0.146946 0.188358 0.161949 0.218193 0.181174 0.260999 0.177395 0.262574 0.172768 0.268358 0.161949 0.242061 0.151038 0.216489
1 24 0.172266 0.306152 0.177422 0.304688 0.182344 0.303125 0.192266 0.297363 0.199844 0.293555 0.205938 0.290527 0.211797 0.287598 0.216136 0.285364 0.219201 0.29558 0.220223 0.305795 0.219712 0.314734 0.216647 0.323034 0.208985 0.330696 0.198259 0.334526 0.193491 0.334526 0.186511 0.330057 0.178849 0.319842 0.173783 0.308349
2 24 0.216328 0.285547 0.21315 0.278536 0.202934 0.267682 0.192208 0.26002 0.183524 0.26002 0.177395 0.262574 0.172287 0.268959 0.168712 0.279813 0.168712 0.293221 0.170755 0.298967 0.172187 0.306152 0.177422 0.30459 0.182422 0.303223 0.192188 0.297656 0.205781 0.290625 0.21125 0.287891
4 32 0.356587 0.150276 0.365629 0.144625 0.338502 0.098606 0.312667 0.059047 0.292645 0.033212 0.263581 0 0.253247 0 0.276498 0.028368 0.312021 0.076001 0.338502 0.11556
3 32 0.356587 0.150276 0.365629 0.144625 0.388234 0.185799 0.405673 0.226166 0.407003 0.235031 0.399258 0.235031 0.397209 0.23816 0.389526 0.210826 0.362399 0.157542
1 32 0.388829 0.277971 0.398644 0.277971 0.408459 0.27567 0.416434 0.272603 0.421341 0.270303 0.432383 0.264935 0.435054 0.284215 0.432165 0.302272 0.424942 0.312203 0.416997 0.315815 0.410496 0.315815 0.402551 0.313106 0.395328 0.303175 0.390994 0.291438
2 32 0.388829 0.27337 0.389443 0.261868 0.393737 0.243466 0.399258 0.235031 0.407232 0.235031 0.419501 0.241932 0.426248 0.250367 0.432383 0.264935 0.421341 0.270303 0.416434 0.272603 0.408459 0.27567 0.398644 0.277971 0.388829 0.277971
0 17 0.670342 0.566769 0.667569 0.56575 0.665612 0.565546 0.663736 0.565954 0.659333 0.569216 0.659985 0.572274 0.664144 0.573803 0.669119 0.572376 0.670668 0.570031 0.670342 0.566769 0.676458 0.549848 0.679231 0.55158 0.677192 0.583385 0.674664 0.587666 0.679883 0.591336 0.686163 0.591438 0.688935 0.589501 0.687875 0.585933 0.691719 0.571289 0.694922 0.569727 0.695 0.56377 0.692969 0.557813 0.690234 0.556934 0.688828 0.557227 0.687188 0.559766 0.688984 0.568066 0.691719 0.571289 0.687875 0.585933 0.683553 0.584608 0.680046 0.583895 0.677192 0.583385 0.679231 0.55158 0.682004 0.551173 0.683064 0.549542 0.682982 0.547095 0.681514 0.54526 0.679557 0.544649 0.678334 0.544853 0.67605 0.547095 0.676458 0.549848
0 32 0.422109 0.275586 0.421328 0.278906 0.422656 0.28252 0.424922 0.283398 0.428047 0.282129 0.429219 0.278516 0.428906 0.275293 0.427813 0.273438 0.425391 0.272949 0.423047 0.274414 0.422891 0.275
0 24 0.189717 0.310732 0.190477 0.314942 0.19428 0.320918 0.201995 0.323091 0.208297 0.31956 0.211666 0.310732 0.2121 0.303397 0.210781 0.300684 0.208406 0.300545 0.205907 0.306657 0.202321 0.31046 0.196779 0.311003 0.19265 0.309373
