4 6 0.142528 0.219476 0.115073 0.19439 0.0684122 0.148042 0 0.0802101 0.00105574 0.0672772 0.0266047 0.0905036 0.0686233 0.132733 0.145029 0.212922
3 6 0.204559 0.261892 0.189201 0.254384 0.176832 0.246048 0.164275 0.238284 0.151449 0.227763 0.142528 0.219476 0.145029 0.212922 0.155966 0.221553 0.17694 0.236233 0.207099 0.256813
1 6 0.219288 0.304428 0.225188 0.310118 0.230846 0.313446 0.235838 0.316358 0.240497 0.318021 0.244157 0.318853 0.247818 0.318437 0.252477 0.316774 0.260464 0.312614 0.264428 0.307919 0.267492 0.302533 0.270114 0.296806 0.271113 0.290151 0.269449 0.280167 0.265455 0.271432 0.261795 0.26644 0.256803 0.261864 0.252144 0.258536 0.24449 0.255624 0.24145 0.265553 0.237046 0.276803 0.233887 0.286138 0.229954 0.292365 0.224875 0.299984
2 6 0.207099 0.256813 0.204559 0.261892 0.204559 0.270145 0.206591 0.280938 0.210654 0.289826 0.215225 0.300619 0.219288 0.304428 0.224875 0.299984 0.229954 0.292365 0.234078 0.286138 0.237046 0.276444 0.241546 0.264955 0.244418 0.25574 0.235033 0.253004 0.231478 0.252369 0.225383 0.252369 0.219288 0.253004
4 12 0.560791 0.200012 0.522411 0.179835 0.495207 0.162499 0.479917 0.154275 0.468003 0.147164 0.452001 0.141163 0.433865 0.131161 0.42053 0.12316 0.408261 0.116493 0.397593 0.111158 0.383724 0.103157 0.367189 0.093823 0.331983 0.068486 0.30798 0.045149 0.291978 0.025146 0.279176 0 0.288244 0 0.297845 0.018478 0.317581 0.041148 0.337318 0.061151 0.367722 0.085155 0.39706 0.10049 0.442933 0.125827 0.484539 0.145163 0.527212 0.169167 0.565638 0.192135
3 12 0.635102 0.212066 0.614593 0.209706 0.565638 0.192135 0.560791 0.200012 0.600052 0.215159 0.633979 0.221895 0.633979 0.216278
1 12 0.673284 0.196265 0.683787 0.201408 0.691255 0.210076 0.693922 0.222744 0.694455 0.232079 0.692855 0.240747 0.689654 0.248748 0.686987 0.252749 0.68272 0.256083 0.677919 0.258083 0.670985 0.258083 0.661888 0.256947 0.656842 0.255968 0.66085 0.247277 0.661975 0.243027 0.663889 0.233131 0.664845 0.225301 0.666846 0.215949 0.670674 0.2054
2 12 0.673197 0.196265 0.669362 0.194515 0.657006 0.192409 0.64802 0.196622 0.644088 0.200834 0.640157 0.205046 0.636226 0.208556 0.635102 0.212066 0.633979 0.216278 0.633979 0.221895 0.636226 0.228915 0.639595 0.236637 0.642922 0.244006 0.648751 0.251618 0.656929 0.255751 0.660937 0.247168 0.661975 0.243027 0.664149 0.23237 0.665193 0.224322 0.66702 0.215731 0.670761 0.205291
4 18 0.795275 0.532575 0.773932 0.534963 0.746308 0.539403 0.711186 0.542856 0.684351 0.544336 0.657911 0.543349 0.627919 0.539896 0.598717 0.536936 0.54702 0.527564 0.517938 0.523113 0.484867 0.518446 0.466197 0.513111 0.45873 0.508444 0.453929 0.502443 0.452862 0.499109 0.452862 0.495776 0.455529 0.493775 0.459263 0.493775 0.46033 0.493775 0.466731 0.499109 0.471531 0.504444 0.477319 0.508269 0.490423 0.515042 0.50252 0.52024 0.522429 0.522918 0.507308 0.514412 0.488029 0.505907 0.473087 0.493302 0.464329 0.486024 0.455463 0.48408 0.447676 0.485105 0.444397 0.49074 0.443987 0.496376 0.443987 0.502524 0.445216 0.50611 0.447676 0.510721 0.452184 0.515332 0.456283 0.517894 0.462431 0.520455 0.467349 0.521992 0.477186 0.524554 0.484153 0.526603 0.490301 0.52814 0.504237 0.529677 0.528419 0.533264 0.559158 0.537875 0.579651 0.542998 0.616129 0.548634 0.650148 0.55222 0.682527 0.553244 0.707939 0.551707 0.738678 0.548634 0.774746 0.542998 0.795275 0.538544
3 18 0.885003 0.531517 0.863965 0.52982 0.850006 0.529361 0.835314 0.530738 0.820988 0.531197 0.809968 0.531197 0.800418 0.531197 0.795275 0.532575 0.795275 0.538544 0.821355 0.538085 0.843027 0.538544 0.885003 0.538852
0 18 0.92418 0.524113 0.922813 0.526758 0.922266 0.529199 0.922656 0.534766 0.922344 0.538867 0.922422 0.543555 0.922541 0.547167 0.92582 0.550241 0.927869 0.550754 0.932377 0.549217 0.934427 0.545118 0.934427 0.540507 0.934427 0.530261 0.933197 0.527699 0.932377 0.524625 0.930328 0.5236 0.929508 0.5236 0.926639 0.5236
1 18 0.921016 0.515723 0.930981 0.516916 0.935391 0.519434 0.941139 0.523264 0.943437 0.527832 0.944688 0.533984 0.947109 0.542871 0.947734 0.550488 0.946406 0.559082 0.942969 0.56377 0.939531 0.567871 0.935044 0.572784 0.931641 0.573535 0.927656 0.574609 0.920859 0.573438 0.916406 0.572559 0.918074 0.561522 0.918074 0.550854 0.918074 0.540185
2 18 0.920937 0.515723 0.906339 0.516849 0.901005 0.518182 0.894604 0.520849 0.89087 0.523516 0.886766 0.528184 0.885003 0.531517 0.885003 0.538852 0.886603 0.544853 0.889804 0.550854 0.893004 0.557521 0.897805 0.562189 0.903139 0.566189 0.909297 0.570215 0.91625 0.572461 0.918074 0.561522 0.918074 0.550854 0.918074 0.540185
4 24 0.6404 0.833756 0.661948 0.8572 0.689819 0.88092 0.721841 0.901674 0.761571 0.925394 0.807864 0.94571 0.864752 0.967645 0.920493 0.985435 0.994162 0.996952 0.996952 0.98944 0.954241 0.982465 0.894789 0.968246 0.887062 0.965831 0.849502 0.952953 0.803081 0.932065 0.747932 0.906122 0.71769 0.889073 0.68804 0.868318 0.646618 0.828204
3 24 0.605907 0.75085 0.611974 0.768243 0.623966 0.800999 0.634626 0.822096 0.6404 0.833756 0.646618 0.828204 0.637735 0.813213 0.629296 0.792116 0.610174 0.747516
1 24 0.562629 0.694726 0.567476 0.677761 0.576201 0.670491 0.582987 0.666855 0.592681 0.666855 0.602375 0.670491 0.608192 0.674732 0.611585 0.679579 0.614029 0.692461 0.612326 0.694175 0.612308 0.694175 0.609108 0.696176 0.588305 0.70751 0.578703 0.712178 0.570169 0.718845 0.564568 0.708055
2 24 0.570169 0.718845 0.57657 0.730847 0.584571 0.741515 0.596839 0.749517 0.605907 0.75085 0.610174 0.747516 0.615509 0.735515 0.616042 0.721512 0.616042 0.710178 0.616042 0.70351 0.613834 0.692686 0.612308 0.694175 0.609108 0.696176 0.588305 0.70751 0.578703 0.712178
4 31 0.528772 0.616754 0.547913 0.630037 0.576931 0.654831 0.589053 0.661259 0.609256 0.674115 0.626887 0.694318 0.661416 0.730591 0.694475 0.764569 0.713943 0.783394 0.740097 0.804275 0.767968 0.822806 0.790019 0.831832 0.804528 0.836416 0.872768 0.849171 0.939254 0.862524 1 0.889518 1 0.880623 0.955946 0.859127 0.938935 0.851961 0.91183 0.847178 0.864318 0.838807 0.799426 0.827049 0.765596 0.81317 0.729589 0.78589 0.705605 0.764792 0.674514 0.734257 0.638093 0.694283 0.612776 0.667634 0.590124 0.653199 0.567028 0.637653 0.543932 0.618221 0.532958 0.608669
3 31 0.469711 0.582867 0.46997 0.575438 0.493768 0.583937 0.508987 0.591547 0.523065 0.601059 0.532958 0.608669 0.528772 0.616754 0.505563 0.600583 0.483114 0.587742
2 31 0.439687 0.607617 0.447872 0.608262 0.452951 0.606358 0.460061 0.601279 0.46514 0.5962 0.46768 0.590486 0.469711 0.582867 0.470219 0.568266 0.464125 0.560012 0.461077 0.557473 0.453459 0.554298 0.449904 0.559377 0.443301 0.575884 0.442793 0.582233 0.441641 0.593262 0.440761 0.602548
1 31 0.453459 0.554298 0.439746 0.552394 0.431619 0.551759 0.419938 0.553664 0.415367 0.558743 0.412319 0.566361 0.411304 0.57144 0.410796 0.584137 0.411304 0.587946 0.413843 0.59366 0.417398 0.600009 0.419938 0.601914 0.43 0.606055 0.439609 0.607617 0.440761 0.602548 0.441328 0.593359 0.442793 0.582233 0.443301 0.575884 0.449904 0.559377
0 31 0.454453 0.573047 0.455625 0.574121 0.457344 0.573926 0.459375 0.572852 0.460156 0.570703 0.459531 0.567969 0.458047 0.566309 0.456328 0.566211 0.455234 0.567578 0.454453 0.573047 0.430312 0.580371 0.428828 0.579492 0.427031 0.578906 0.425547 0.579785 0.424531 0.583496 0.425234 0.586621 0.427422 0.588574 0.429688 0.587305 0.431016 0.585352 0.430547 0.582422 0.430312 0.580371
0 12 0.678069 0.22106 0.675894 0.22715 0.676503 0.230303 0.678765 0.230086 0.681201 0.227911 0.681984 0.223887 0.681462 0.219211 0.679374 0.21845 0.678417 0.219972
0 6 0.239248 0.296909 0.238387 0.299422 0.23877 0.30385 0.242599 0.30756 0.246812 0.308397 0.249588 0.308158 0.251503 0.306483 0.251982 0.301935 0.250259 0.298105 0.247386 0.296669 0.243174 0.295472 0.241259 0.295233
