2 6 0.303047 0.330176 0.314771 0.345093 0.323527 0.353119 0.330532 0.358957 0.34104 0.362605 0.348628 0.362605 0.352715 0.358227 0.353882 0.348011 0.349212 0.323932 0.340456 0.300581 0.337188 0.302344 0.333281 0.304883 0.325278 0.310067 0.317689 0.315905 0.307578 0.324512
4 6 0.381846 0.419037 0.385847 0.427194 0.39271 0.444351 0.396933 0.455569 0.399573 0.472066 0.403268 0.491862 0.405908 0.515618 0.405908 0.547952 0.406703 0.595816 0.403759 0.632048 0.40308 0.659222 0.403276 0.678364 0.40625 0.705361 0.408514 0.726308 0.413755 0.750786 0.421767 0.77544 0.440874 0.820896 0.472809 0.890611 0.492477 0.941921 0.517277 1 0.527539 1 0.500174 0.936577 0.480525 0.885671 0.451993 0.82085 0.432518 0.766502 0.423234 0.743008 0.419384 0.726874 0.416667 0.707343 0.415534 0.680169 0.413949 0.661487 0.414629 0.632614 0.416214 0.595816 0.416214 0.548262 0.416214 0.511464 0.411458 0.480327 0.408967 0.464193 0.402715 0.449009 0.39828 0.432376 0.387746 0.411255
3 6 0.343687 0.362605 0.348628 0.362605 0.352715 0.358227 0.352951 0.356159 0.36334 0.373334 0.373338 0.390295 0.387746 0.411255 0.381846 0.419037 0.370838 0.404133 0.36334 0.392974 0.356555 0.381815 0.351556 0.37378 0.345842 0.365299
1 6 0.302891 0.330273 0.299009 0.320283 0.297842 0.309338 0.297258 0.298392 0.300177 0.289636 0.306598 0.283799 0.313019 0.28161 0.325278 0.28161 0.328781 0.283799 0.335202 0.288906 0.340456 0.300581 0.337188 0.302148 0.333047 0.305176 0.325278 0.310067 0.317689 0.315905 0.307969 0.324219
2 14 0.557193 0.524112 0.565639 0.53599 0.57303 0.544569 0.579893 0.550508 0.5857 0.553147 0.590451 0.551167 0.593618 0.548528 0.596258 0.541269 0.598897 0.530051 0.598897 0.518833 0.598369 0.504316 0.595202 0.491778 0.582532 0.499037 0.571446 0.508935 0.563 0.515534
4 14 0.597602 0.638035 0.603857 0.67194 0.614302 0.716005 0.622789 0.741302 0.628664 0.758438 0.635044 0.768417 0.644332 0.783992 0.650207 0.799239 0.674448 0.862534 0.688325 0.885952 0.699427 0.899829 0.725099 0.93539 0.770894 0.980491 0.796567 1 0.807669 1 0.772282 0.97442 0.729956 0.931053 0.702255 0.891589 0.692399 0.876551 0.684717 0.863506 0.680514 0.853903 0.67602 0.841583 0.661526 0.800093 0.654326 0.787944 0.65098 0.779271 0.642973 0.7644 0.636451 0.752805 0.633987 0.744833 0.629348 0.731788 0.625145 0.719649 0.617883 0.683353 0.61472 0.666352 0.606859 0.635847
3 14 0.585721 0.553138 0.590451 0.551167 0.593618 0.548528 0.594637 0.545725 0.594711 0.54589 0.596156 0.556128 0.598204 0.567329 0.599128 0.578004 0.600397 0.58839 0.603051 0.615653 0.606975 0.635703 0.597602 0.638035 0.594229 0.62057 0.592088 0.590409 0.590357 0.574542 0.588447 0.563957 0.587484 0.555526
1 14 0.557193 0.524112 0.552442 0.513554 0.548746 0.501676 0.545579 0.487819 0.545579 0.477261 0.548746 0.468023 0.559304 0.461424 0.567751 0.459444 0.576725 0.461424 0.585172 0.469342 0.589395 0.476601 0.595202 0.491778 0.582532 0.499037 0.571446 0.508935 0.563 0.515534
2 20 0.52428 0.378042 0.522062 0.387744 0.520953 0.39814 0.522062 0.409228 0.526497 0.423089 0.534814 0.420317 0.54313 0.416159 0.552555 0.409921 0.559208 0.406456 0.555882 0.395368 0.551446 0.384279 0.547011 0.376656 0.539804 0.370419 0.534259 0.369726 0.529269 0.371805
4 20 0.50396 0.312816 0.496378 0.303993 0.484286 0.300845 0.470684 0.298955 0.451035 0.298326 0.429372 0.297066 0.400655 0.293917 0.361358 0.288249 0.330255 0.281158 0.307556 0.276538 0.267435 0.264661 0.231024 0.254752 0.201838 0.241039 0.177401 0.233179 0.159526 0.227016 0.13857 0.214689 0.116998 0.20005 0.102205 0.187723 0.077551 0.161528 0.065224 0.143808 0.051664 0.121465 0.038721 0.098352 0.023928 0.07909 0.01345 0.072156 0 0.067534 0 0.059829 0.018381 0.065222 0.027626 0.072927 0.036872 0.081402 0.044268 0.094499 0.0536765 0.107767 0.0634191 0.122702 0.0759191 0.142463 0.085564 0.156905 0.096042 0.170003 0.104228 0.178309 0.117096 0.189798 0.130515 0.19761 0.144118 0.206801 0.158824 0.217142 0.175184 0.224724 0.19897 0.232691 0.211061 0.23647 0.225184 0.243336 0.233088 0.246324 0.244312 0.249695 0.267991 0.256622 0.30239 0.265855 0.332981 0.274885 0.361194 0.280553 0.394949 0.284961 0.427696 0.28811 0.458428 0.28811 0.47455 0.28811 0.487145 0.290629 0.501756 0.297556 0.509038 0.307045
3 20 0.50396 0.312816 0.509038 0.307045 0.516424 0.318587 0.52199 0.330379 0.52641 0.341291 0.53083 0.35538 0.534698 0.369193 0.531442 0.370899 0.529269 0.371805 0.526521 0.37458 0.524863 0.364359 0.520579 0.352057 0.516886 0.341669 0.513655 0.331259 0.510423 0.32378
1 20 0.526497 0.423089 0.529824 0.432791 0.535368 0.439029 0.542576 0.442494 0.54812 0.443187 0.552555 0.440415 0.556991 0.437643 0.559763 0.432791 0.561426 0.421703 0.559208 0.406456 0.552555 0.409921 0.54313 0.416159 0.534814 0.420317
2 27 0.74741 0.214012 0.758951 0.223245 0.769107 0.229016 0.776955 0.229593 0.784342 0.228439 0.788035 0.225553 0.790805 0.22036 0.79219 0.211127 0.79219 0.200739 0.78942 0.190929 0.782957 0.180542 0.776032 0.174771 0.770492 0.186313 0.767261 0.192083 0.762644 0.198431 0.753873 0.204779
4 27 0.83024 0.275825 0.840388 0.29132 0.860379 0.315384 0.881111 0.336671 0.898881 0.35333 0.919612 0.369064 0.938863 0.382021 0.95182 0.387574 0.961816 0.389425 1 0.3885 1 0.38017 0.964778 0.38017 0.955893 0.377393 0.944786 0.372766 0.924055 0.359809 0.904064 0.345 0.887775 0.330192 0.873707 0.314458 0.856677 0.296873 0.841128 0.279289 0.834094 0.267995
3 27 0.781254 0.228921 0.784342 0.228439 0.788035 0.225553 0.790704 0.220548 0.796995 0.228848 0.80904 0.242098 0.81964 0.254143 0.834094 0.267995 0.83024 0.275825 0.818194 0.26378 0.807113 0.251132 0.797477 0.242098 0.789286 0.234871
1 27 0.74741 0.214012 0.742331 0.208818 0.740023 0.201894 0.7391 0.194969 0.7391 0.185736 0.742331 0.178234 0.746025 0.172463 0.752026 0.167847 0.761721 0.16727 0.767261 0.169578 0.776032 0.174771 0.770492 0.186313 0.767261 0.192083 0.762644 0.198431 0.753873 0.204779
0 6 0.324766 0.313379 0.324531 0.315137 0.325234 0.316699 0.326641 0.317188 0.328125 0.316699 0.32875 0.316309 0.32875 0.31377 0.328125 0.312305 0.325859 0.311719 0.325156 0.312402
0 14 0.561707 0.498934 0.560598 0.502345 0.56111 0.504904 0.563754 0.50693 0.564863 0.507569 0.566739 0.506823 0.568359 0.504904 0.568871 0.502772 0.568445 0.499787 0.566483 0.497121 0.563924 0.497121
0 27 0.749528 0.185799 0.749636 0.191827 0.750707 0.193836 0.754029 0.193702 0.756709 0.190353 0.758423 0.18754 0.759709 0.183387 0.759817 0.180574 0.758423 0.177895 0.755101 0.177627 0.752529 0.18044 0.750922 0.182718
