4 4 0.316354 0.436367 0.321904 0.426827 0.349877 0.445029 0.397902 0.477654 0.454279 0.511585 0.514636 0.553306 0.559157 0.582731 0.638021 0.656463 0.681114 0.702191 0.699715 0.724474 0.713511 0.756445 0.753109 0.80691 0.820729 0.870465 0.842653 0.88743 0.832213 0.88482 0.79776 0.862635 0.744515 0.811739 0.711107 0.771283 0.695447 0.743878 0.682918 0.720388 0.666214 0.699507 0.582693 0.621206 0.552417 0.592496 0.530492 0.575531 0.503348 0.561175 0.419827 0.505059 0.337349 0.451554
3 4 0.258076 0.407748 0.262932 0.393005 0.294152 0.409483 0.311497 0.419022 0.321904 0.426827 0.316354 0.436367 0.297621 0.423358 0.269176 0.41035
2 4 0.210898 0.374793 0.211592 0.387802 0.221305 0.402545 0.234487 0.414686 0.246975 0.415553 0.258076 0.407748 0.262932 0.393005 0.260851 0.378262 0.252525 0.368723 0.237956 0.362652 0.224774 0.362652 0.219224 0.365254
0 10 0.60311 0.869505 0.600452 0.867034 0.60002 0.861627 0.603048 0.858923 0.606941 0.860546 0.608239 0.864871 0.607374 0.868656
4 10 0.58329 0.829582 0.594343 0.824706 0.604746 0.802763 0.618399 0.775944 0.627501 0.754813 0.641155 0.727994 0.654808 0.700362 0.664561 0.675981 0.696419 0.608526 0.713323 0.584958 0.726327 0.575205 0.73868 0.571142 0.754284 0.572767 0.793294 0.580081 0.814749 0.584145 0.836855 0.584145 0.859611 0.579269 0.903822 0.567891 0.946083 0.558138 0.967538 0.554887 0.955835 0.551637 0.930479 0.552449 0.881716 0.56464 0.843356 0.57358 0.818 0.575205 0.787442 0.568703 0.757535 0.562202 0.74063 0.562202 0.728277 0.563827 0.712023 0.572767 0.70227 0.58252 0.690879 0.599303 0.669762 0.648349 0.647006 0.695486 0.6223 0.746686 0.593043 0.806014
3 10 0.561185 0.863716 0.560534 0.868592 0.567686 0.878345 0.554033 0.885659 0.538429 0.893786 0.526076 0.903539 0.506571 0.915729 0.490967 0.924669 0.487066 0.922231 0.486416 0.915729 0.510472 0.898662 0.541029 0.876719 0.549482 0.87103
1 10 0.594343 0.824706 0.593693 0.848275 0.596294 0.866967 0.600391 0.887109 0.611897 0.884034 0.6223 0.877532 0.628152 0.866967 0.631402 0.855589 0.629452 0.841773 0.625551 0.832021 0.619699 0.824706 0.606046 0.822268
2 10 0.58329 0.829582 0.572237 0.838522 0.564435 0.8499 0.561185 0.863716 0.560534 0.868592 0.567686 0.878345 0.580039 0.887285 0.592393 0.88891 0.600391 0.887305 0.596294 0.866967 0.593693 0.848275 0.594343 0.824706
4 16 0.671392 0.172597 0.675792 0.181398 0.719073 0.159929 0.765469 0.133377 0.804598 0.113114 0.83646 0.097043 0.87503 0.083069 0.925898 0.070491 0.972852 0.064203 0.989063 0.06001 0.99633 0.053023 0.977324 0.055818 0.943785 0.059312 0.899066 0.066998 0.851553 0.080274 0.812424 0.096344 0.764351 0.122896 0.706776 0.155038
3 16 0.597024 0.223202 0.602304 0.232553 0.619466 0.218252 0.641908 0.2023 0.664351 0.187448 0.675792 0.181398 0.671392 0.172597 0.65423 0.182498 0.627827 0.199 0.608025 0.213301
0 16 0.547738 0.261706 0.543778 0.257856 0.543338 0.252355 0.544658 0.247405 0.548618 0.246305 0.551699 0.247405 0.553899 0.252355 0.553899 0.256756 0.553019 0.259506
1 16 0.536737 0.238054 0.543778 0.243004 0.553899 0.245755 0.557419 0.257856 0.551699 0.270507 0.550819 0.284809 0.541578 0.285359 0.534537 0.281509 0.528816 0.271607 0.528376 0.260606 0.531016 0.249605
2 16 0.536737 0.238054 0.546418 0.228703 0.555659 0.221002 0.56798 0.214951 0.578982 0.214951 0.588223 0.216051 0.597024 0.223202 0.602304 0.232553 0.601424 0.239154 0.599664 0.249055 0.594823 0.259506 0.587783 0.267757 0.577221 0.275458 0.56138 0.282609 0.550819 0.284809 0.551699 0.270507 0.557419 0.257856 0.553899 0.245755 0.543778 0.243004
4 22 0.742574 0.210013 0.749988 0.209038 0.748335 0.17706 0.747875 0.140291 0.751092 0.115013 0.757067 0.088586 0.763502 0.07135 0.772694 0.053541 0.786482 0.032858 0.815437 0 0.802568 0 0.78878 0.014474 0.772234 0.038029 0.759825 0.058137 0.751092 0.075372 0.745577 0.09548 0.741441 0.119034 0.738223 0.147185 0.740981 0.189124
3 22 0.734096 0.303482 0.74099 0.302157 0.745233 0.304145 0.744135 0.286596 0.744135 0.264157 0.747256 0.244646 0.749208 0.225134 0.749988 0.209038 0.742574 0.210013 0.741793 0.225622 0.737891 0.245622 0.73672 0.265133 0.73594 0.282693
0 22 0.742581 0.347234 0.744525 0.350983 0.747256 0.351959 0.750378 0.351471 0.751939 0.346106 0.750769 0.341715 0.748817 0.34074 0.746086 0.34074 0.743553 0.343499
1 22 0.70758 0.339942 0.716065 0.344582 0.725562 0.348525 0.741227 0.352442 0.758207 0.356358 0.7569 0.361154 0.750006 0.381041 0.74152 0.390322 0.731975 0.394299 0.721368 0.394299 0.714474 0.38767 0.708641 0.375075 0.70705 0.353863
2 22 0.70758 0.339942 0.712353 0.324695 0.720838 0.313426 0.730384 0.305471 0.734096 0.303482 0.74099 0.302157 0.745233 0.304145 0.751596 0.310774 0.75743 0.321381 0.759021 0.333313 0.759021 0.345908 0.758207 0.356105 0.741328 0.352568 0.725562 0.348399 0.716065 0.344582
