4 8 0.58353 0.462399 0.593235 0.464314 0.576354 0.547669 0.555538 0.641103 0.544657 0.663415 0.533776 0.68368 0.514853 0.704969 0.469437 0.735719 0.417397 0.759373 0.375766 0.767652 0.331296 0.768835 0.282095 0.767652 0.260333 0.759373 0.252763 0.752277 0.24614 0.742815 0.237625 0.723892 0.234786 0.704969 0.237625 0.707334 0.252763 0.74045 0.265064 0.752277 0.283041 0.759373 0.341704 0.759373 0.366777 0.759373 0.405097 0.752277 0.43392 0.742224 0.45619 0.732171 0.482683 0.716796 0.515799 0.693142 0.534722 0.67067 0.547023 0.643468 0.557431 0.605622 0.569731 0.540573 0.579192 0.490899
3 8 0.58353 0.462399 0.591192 0.41196 0.593364 0.383723 0.594299 0.384466 0.599466 0.383659 0.602323 0.37973 0.601919 0.400467 0.600386 0.424729 0.593235 0.464314
1 8 0.572339 0.348136 0.58375 0.344727 0.591719 0.343164 0.600078 0.342187 0.608984 0.340137 0.616563 0.341113 0.615938 0.329004 0.614141 0.319336 0.611797 0.31084 0.602049 0.302118 0.591715 0.301311 0.585256 0.302925 0.574922 0.310999 0.569755 0.323916 0.569755 0.331989
2 8 0.572339 0.348136 0.583906 0.344922 0.591641 0.343457 0.600391 0.342285 0.608984 0.340234 0.616484 0.341406 0.614967 0.351366 0.611091 0.363476 0.605924 0.374778 0.599466 0.383659 0.594299 0.384466 0.587194 0.378815 0.579444 0.369934 0.57686 0.362668 0.574922 0.358632
4 16 0.417049 0.480177 0.418578 0.488401 0.392421 0.491495 0.336981 0.490163 0.270879 0.484832 0.228765 0.484832 0.173325 0.494161 0.13441 0.505489 0.107756 0.518149 0.062977 0.548135 0 0.601443 0 0.58545 0.067774 0.532142 0.110954 0.505489 0.164262 0.486165 0.211706 0.478835 0.254353 0.476836 0.328984 0.480167 0.3663 0.483499 0.393487 0.483499
3 16 0.434183 0.475205 0.446729 0.471763 0.462028 0.470616 0.490095 0.469869 0.489611 0.471382 0.488139 0.479355 0.475491 0.478265 0.449789 0.47903 0.436325 0.482855 0.427911 0.485628 0.418578 0.488401 0.417049 0.480177 0.426228 0.478074
1 16 0.514137 0.453266 0.514137 0.46093 0.51358 0.464414 0.51358 0.469292 0.513022 0.479743 0.51358 0.490195 0.51135 0.504827 0.528072 0.511794 0.536991 0.511794 0.547025 0.504827 0.549812 0.497859 0.552041 0.481833 0.547582 0.470685 0.538106 0.45884 0.529187 0.454659
2 16 0.514137 0.453266 0.507448 0.453266 0.502989 0.454659 0.499087 0.45884 0.490725 0.467898 0.489611 0.471382 0.487938 0.48044 0.490725 0.490891 0.497972 0.499253 0.506333 0.503433 0.51135 0.504827 0.51358 0.490195 0.513022 0.479743 0.51358 0.469292 0.51358 0.464414 0.514137 0.46093
4 22 0.555054 0.46475 0.55171 0.474505 0.567576 0.489274 0.630007 0.542925 0.669325 0.578619 0.803558 0.689892 0.839081 0.715727 0.859103 0.725415 0.868469 0.730348 0.877834 0.730259 0.886876 0.728644 0.891397 0.721378 0.890751 0.71169 0.883647 0.700387 0.870235 0.691619 0.853627 0.683047 0.833914 0.67536 0.82358 0.67213 0.815184 0.668901 0.802266 0.661635 0.796268 0.659059 0.788703 0.655984 0.76758 0.64407 0.766935 0.649855 0.783811 0.66002 0.815184 0.676974 0.84554 0.689892 0.861041 0.695543 0.870083 0.701195 0.876542 0.706846 0.879771 0.715727 0.874604 0.721378 0.867572 0.719808 0.860539 0.718239 0.835206 0.702809 0.803558 0.678589 0.763514 0.649525 0.669216 0.568791 0.609796 0.516314 0.571043 0.479984
3 22 0.475745 0.447163 0.476908 0.44098 0.475828 0.437739 0.493738 0.441757 0.533872 0.452209 0.54725 0.457783 0.555054 0.46475 0.55171 0.474505 0.548467 0.472898 0.547582 0.470685 0.538106 0.45884 0.529187 0.454659 0.514137 0.453266 0.507448 0.453266 0.50461 0.454153 0.483705 0.448028
1 22 0.440165 0.421225 0.439375 0.431102 0.439375 0.436041 0.43898 0.442955 0.438585 0.450363 0.436609 0.457771 0.435819 0.462215 0.427917 0.458758 0.421596 0.45382 0.41883 0.449375 0.41883 0.441473 0.423176 0.43209 0.431868 0.424188
2 22 0.440165 0.421225 0.457944 0.421225 0.467821 0.427645 0.474933 0.435053 0.476908 0.44098 0.475328 0.449375 0.470192 0.458758 0.463475 0.465179 0.454783 0.467648 0.447672 0.467648 0.435819 0.462215 0.436609 0.457771 0.438585 0.450363 0.43898 0.442955 0.439375 0.436041 0.439375 0.431102
4 29 0.3085 0.802038 0.304819 0.812773 0.214424 0.767445 0.155919 0.736748 0.105359 0.700633 0.087301 0.688896 0.073578 0.684382 0.062744 0.680771 0.054798 0.678965 0.027352 0.678965 0 0.677159 0 0.665422 0.045409 0.669034 0.071411 0.672645 0.090191 0.679868 0.138584 0.709662 0.166533 0.729073 0.204312 0.748485 0.257762 0.778279
3 29 0.304819 0.812773 0.3085 0.802038 0.32659 0.81217 0.37428 0.837358 0.369489 0.842258 0.368455 0.849153
1 29 0.412808 0.837336 0.409745 0.846087 0.406682 0.854291 0.402744 0.866871 0.398368 0.881639 0.39618 0.887655 0.408287 0.89155 0.420544 0.890324 0.427898 0.884809 0.43084 0.876229 0.43084 0.860295 0.426427 0.847426 0.418583 0.839459
2 29 0.407994 0.834054 0.396618 0.830225 0.388304 0.831319 0.374302 0.837336 0.369489 0.842258 0.368176 0.851009 0.370802 0.861402 0.375615 0.869059 0.385241 0.878357 0.39618 0.887655 0.398368 0.881639 0.402744 0.866871 0.406682 0.854291 0.409745 0.846087 0.412808 0.837336
0 16 0.521995 0.496274 0.520083 0.497903 0.520604 0.500619 0.522255 0.501379 0.52408 0.501705 0.525703 0.500195 0.525859 0.498242 0.524689 0.49736 0.523037 0.496708
0 22 0.438516 0.432715 0.436797 0.435156 0.436953 0.437891 0.439453 0.440137 0.441016 0.439258 0.442188 0.436523 0.442188 0.43457 0.441797 0.432422 0.439766 0.431836 0.439219 0.431836
0 29 0.413672 0.86748 0.412266 0.871777 0.413516 0.877344 0.415703 0.87832 0.419063 0.877539 0.420625 0.874121 0.420937 0.87002 0.419063 0.866895 0.415391 0.86709 0.413672 0.86748 0.412188 0.8625 0.413125 0.860547 0.413125 0.858008 0.410938 0.856152 0.409922 0.855762 0.407578 0.857031 0.404453 0.861816 0.405859 0.865234 0.40875 0.865039 0.412188 0.8625
