4 7 0.330339 0.43377 0.342395 0.443091 0.362791 0.457256 0.393848 0.475539 0.417026 0.487708 0.448547 0.501034 0.482386 0.512623 0.524105 0.527688 0.58761 0.545071 0.647871 0.560137 0.704887 0.572884 0.758659 0.580996 0.826336 0.591426 0.826336 0.582734 0.794352 0.578099 0.752169 0.572884 0.687273 0.561295 0.604135 0.540847 0.54141 0.522771 0.482386 0.504511 0.423052 0.481334 0.395703 0.465689 0.348884 0.436138 0.335036 0.424736
3 7 0.271553 0.385931 0.284932 0.396974 0.302155 0.411066 0.321258 0.427115 0.330339 0.43377 0.335036 0.424736 0.318928 0.411849 0.312038 0.405194 0.303408 0.39854 0.29588 0.393451 0.290093 0.388566 0.277139 0.375773 0.2746 0.382756
0 7 0.237341 0.338608 0.239034 0.337399 0.239517 0.334678 0.239517 0.332562 0.238792 0.330748 0.237583 0.330144 0.237099 0.329841 0.236132 0.329841 0.234197 0.330748 0.23323 0.332864 0.23323 0.33498 0.233955 0.337096 0.234923 0.338003 0.236374 0.338608 0.237341 0.338608 0.240813 0.344272 0.23829 0.346447 0.232548 0.346991 0.231069 0.345794 0.226719 0.346229 0.226197 0.350144 0.226632 0.353516 0.231591 0.355691 0.237768 0.353624 0.245598 0.346991 0.247512 0.342097 0.245076 0.340357 0.240813 0.344272
1 7 0.25569 0.332962 0.252819 0.33057 0.241136 0.325428 0.231865 0.325428 0.22862 0.326008 0.223065 0.329373 0.220107 0.335028 0.219324 0.339705 0.219987 0.345708 0.220542 0.350362 0.221667 0.356138 0.226284 0.366674 0.230413 0.371964 0.242118 0.352428 0.247174 0.347204 0.250221 0.340855
2 7 0.230413 0.371964 0.242603 0.383391 0.253776 0.387201 0.260379 0.387835 0.265966 0.387835 0.271553 0.385931 0.2746 0.382756 0.277139 0.375773 0.277139 0.366885 0.275616 0.361171 0.273584 0.355457 0.271553 0.351013 0.266474 0.34403 0.262824 0.339813 0.258909 0.335137 0.256038 0.332962 0.250221 0.340855 0.247174 0.347204 0.242118 0.352211
4 14 0.6909 0.185801 0.703192 0.173303 0.724494 0.153332 0.747927 0.130698 0.766744 0.116496 0.799763 0.102739 0.831362 0.095638 0.858345 0.092087 0.882842 0.092531 0.917281 0.096525 0.945685 0.098744 1 0.104514 1 0.110727 0.976573 0.108508 0.924737 0.103626 0.900239 0.101851 0.870416 0.099632 0.845563 0.100963 0.829941 0.103182 0.812544 0.107177 0.799763 0.111171 0.782011 0.116496 0.775975 0.119159 0.75895 0.129926 0.734427 0.152916 0.694057 0.189747
3 14 0.647487 0.25507 0.651831 0.239569 0.662486 0.219838 0.676693 0.201093 0.6909 0.185801 0.694057 0.189747 0.680245 0.207012 0.671168 0.219344 0.665249 0.228224 0.661302 0.237103 0.657876 0.246109 0.655038 0.258956
0 14 0.637562 0.31658 0.636875 0.319586 0.636875 0.322162 0.637905 0.323021 0.63928 0.323451 0.641341 0.323451 0.643059 0.321303 0.643746 0.317868 0.643746 0.315291 0.641684 0.314432 0.640654 0.314003 0.639967 0.314003 0.638592 0.315291 0.637562 0.31658 0.625813 0.311072 0.62618 0.30648 0.624343 0.303266 0.623609 0.302348 0.622507 0.301889 0.620303 0.302807 0.619568 0.306021 0.619568 0.309694 0.619568 0.311531 0.619936 0.313827 0.622874 0.315204 0.624711 0.314745 0.625813 0.311072
1 14 0.617284 0.286161 0.615064 0.296154 0.613359 0.304297 0.613731 0.313921 0.615064 0.319472 0.617729 0.32669 0.619505 0.329466 0.622614 0.332242 0.627944 0.335018 0.638604 0.332242 0.643045 0.328356 0.646875 0.322363 0.650469 0.313965 0.644378 0.307813 0.641713 0.303927 0.637271 0.298375 0.626612 0.291158
2 14 0.647487 0.25507 0.634162 0.259512 0.627944 0.262843 0.623947 0.268395 0.621726 0.273391 0.617284 0.286161 0.626612 0.291158 0.637271 0.298375 0.641713 0.303927 0.644378 0.307813 0.650391 0.313965 0.654149 0.303372 0.656814 0.292823 0.658591 0.284495 0.659035 0.273947 0.657258 0.263953 0.655038 0.258956
4 20 0.563361 0.685308 0.548205 0.678091 0.535068 0.669659 0.515541 0.658564 0.497079 0.647468 0.480037 0.640811 0.4669 0.637705 0.449858 0.637705 0.443468 0.639924 0.436367 0.643918 0.432816 0.646137 0.427136 0.651906 0.425361 0.657232 0.42323 0.665664 0.42252 0.670102 0.42252 0.678978 0.422875 0.685635 0.425361 0.690073 0.432461 0.696287 0.442048 0.702056 0.449503 0.701612 0.454829 0.698062 0.458379 0.693624 0.46122 0.688742 0.466003 0.678335 0.467376 0.666101 0.466432 0.65655 0.461575 0.650131 0.458734 0.649244 0.458734 0.651463 0.46171 0.660843 0.461538 0.666638 0.460594 0.672326 0.458362 0.680589 0.456387 0.684667 0.454842 0.689067 0.451634 0.690961 0.447018 0.69318 0.440272 0.69318 0.434592 0.68963 0.431041 0.686079 0.428556 0.682085 0.427491 0.678978 0.428201 0.665664 0.429976 0.659895 0.432106 0.654569 0.434237 0.651906 0.437077 0.649687 0.440272 0.647912 0.442403 0.647468 0.446308 0.646581 0.451634 0.645693 0.462285 0.644806 0.46761 0.644806 0.471516 0.645693 0.478972 0.648356 0.483942 0.650131 0.492463 0.653238 0.496014 0.655013 0.503114 0.657676 0.508507 0.660339 0.515186 0.663889 0.519801 0.66744 0.525127 0.671434 0.530453 0.674984 0.545524 0.683146 0.561482 0.691571
3 20 0.628535 0.703228 0.617536 0.702531 0.604697 0.699008 0.594676 0.696659 0.585282 0.693136 0.577766 0.690005 0.563361 0.685308 0.561482 0.691571 0.573382 0.696268 0.589353 0.701357 0.605323 0.70762 0.628072 0.712499 0.628072 0.707864
1 20 0.659531 0.741211 0.664844 0.741211 0.671875 0.740625 0.676172 0.738281 0.68 0.733105 0.682109 0.727148 0.682969 0.719141 0.682813 0.71377 0.680703 0.708496 0.678125 0.704492 0.675938 0.702148 0.672109 0.69834 0.666797 0.694727 0.664453 0.69375 0.665156 0.698828 0.665781 0.705176 0.665859 0.712305 0.665234 0.72041 0.664228 0.726406 0.661447 0.737415
2 20 0.644296 0.692219 0.635488 0.696275 0.628535 0.703228 0.628072 0.707864 0.628072 0.712499 0.629926 0.719452 0.633171 0.726985 0.637343 0.7322 0.643832 0.736835 0.650785 0.739733 0.654957 0.740312 0.659531 0.741309 0.661447 0.737415 0.664228 0.726406 0.665234 0.720117 0.665859 0.712207 0.665859 0.70498 0.665234 0.699121 0.664297 0.693652 0.65875 0.692187
1 26 0.847969 0.579785 0.85 0.58584 0.854253 0.593292 0.860648 0.601818 0.869601 0.60768 0.877757 0.60747 0.883459 0.6061 0.88757 0.603897 0.891769 0.598621 0.895606 0.592226 0.897361 0.585174 0.89785 0.576608 0.897312 0.569312 0.893048 0.559719 0.889212 0.553857 0.88708 0.551193 0.883203 0.548047 0.880625 0.554199 0.877734 0.557617 0.874183 0.560118 0.869336 0.564965 0.864489 0.569206 0.858672 0.574053 0.85431 0.577689
4 26 0.801574 0.477265 0.785187 0.45779 0.767189 0.435751 0.753598 0.422894 0.728252 0.397641 0.708784 0.382489 0.686745 0.369633 0.661767 0.35448 0.632014 0.341624 0.614749 0.331523 0.604464 0.318207 0.595648 0.300759 0.593445 0.27321 0.598954 0.250711 0.623932 0.213061 0.641431 0.192983 0.665073 0.170819 0.687538 0.145746 0.703274 0.126281 0.714906 0.115285 0.724051 0.111022 0.731957 0.111216 0.742653 0.110053 0.751798 0.110828 0.752108 0.103465 0.739087 0.103271 0.727617 0.102496 0.719488 0.105752 0.71383 0.106168 0.709171 0.10908 0.704179 0.114488 0.69952 0.119064 0.69586 0.123639 0.691866 0.129879 0.688206 0.135703 0.683547 0.141527 0.677557 0.147766 0.670901 0.154006 0.664911 0.160246 0.65526 0.170229 0.636624 0.1877 0.622647 0.20226 0.608338 0.220147 0.597688 0.236786 0.591698 0.249681 0.588371 0.257585 0.586041 0.265489 0.585043 0.2788 0.585043 0.288368 0.588371 0.302927 0.592031 0.310415 0.601349 0.327886 0.611665 0.338701 0.628637 0.348685 0.656591 0.360748 0.68155 0.375307 0.709171 0.392779 0.734796 0.415658 0.753604 0.434199 0.775525 0.457685 0.79841 0.48194
3 26 0.85334 0.535883 0.846841 0.528965 0.835604 0.517506 0.823776 0.50309 0.809917 0.486975 0.801574 0.477265 0.79841 0.48194 0.806753 0.491291 0.819699 0.506754 0.84801 0.540122
2 26 0.85334 0.535883 0.84801 0.540122 0.846554 0.544971 0.84607 0.548606 0.84607 0.553453 0.845585 0.558906 0.845585 0.566177 0.846554 0.57163 0.846953 0.575488 0.847891 0.580078 0.85431 0.577689 0.858672 0.574053 0.864489 0.569206 0.869336 0.564965 0.874183 0.560118 0.878281 0.557227 0.881094 0.554004 0.883125 0.548145 0.878594 0.543652 0.873213 0.540124 0.868366 0.538306 0.864004 0.5377 0.858672 0.536489 0.855764 0.535277
1 1 0.0661369 0.785796 0.0699084 0.780577 0.0774515 0.77401 0.0851293 0.769801 0.0934806 0.769632 0.0991379 0.769969 0.107355 0.773505 0.112338 0.778388 0.113416 0.783439 0.112877 0.791352 0.109914 0.799939 0.10264 0.812231 0.0887662 0.803812 0.0691002 0.793373 0.0635776 0.790174
2 1 0.0633505 0.790207 0.0580143 0.798024 0.0540121 0.805319 0.0519277 0.81251 0.050677 0.820952 0.0512607 0.829811 0.0522612 0.835127 0.054429 0.841172 0.0569304 0.843881 0.0620998 0.845028 0.0663521 0.843881 0.0776081 0.837941 0.0866129 0.829186 0.096785 0.818868 0.103038 0.812094 0.0880303 0.80386 0.0686866 0.793334
3 1 0.0535246 0.840417 0.035017 0.865599 0.01307 0.896513 0.0183111 0.901631 0.0435338 0.866008 0.0594209 0.843897 0.0559814 0.843078
4 1 0.0180265 0.901959 0.000192526 0.928431 0.000293855 0.916778 0.0133654 0.896639
1 2 0.970004 0.166837 0.971281 0.173802 0.980916 0.175398 0.9873 0.172641 0.995775 0.163935 0.999219 0.155957 0.999219 0.152762 0.994498 0.14986 0.988229 0.148554 0.979639 0.150295 0.975344 0.152907 0.971861 0.156825 0.970584 0.161903
0 2 0.980335 0.160162 0.979987 0.164805 0.982425 0.169304 0.984979 0.169159 0.988113 0.166692 0.987997 0.161903 0.985791 0.159146 0.982657 0.159001
2 2 0.971392 0.173911 0.980871 0.175347 0.987477 0.172295 0.995742 0.163772 0.999101 0.157029 0.999025 0.20961 0.993397 0.209024 0.983831 0.20328 0.976891 0.192846 0.972014 0.178192
0 1 0.102215 0.782171 0.10032 0.784277 0.100741 0.788225 0.103163 0.789015 0.105058 0.788489 0.1059 0.785725 0.104953 0.783093
