2 3 0.264107 0.925885 0.264995 0.912005 0.268548 0.89868 0.275211 0.889242 0.280541 0.885356 0.290312 0.8848 0.301416 0.889797 0.310299 0.903122 0.31252 0.916446 0.310743 0.930326 0.305413 0.935323 0.299639 0.94143 0.293865 0.943651 0.290312 0.949758 0.284538 0.950868 0.276099 0.946982 0.268548 0.941985 0.265439 0.935323
4 3 0.22761 0.851591 0.217529 0.857521 0.17695 0.74893 0.163733 0.715462 0.156458 0.695292 0.116567 0.615337 0.081495 0.550716 0.06384 0.516368 0.041948 0.460945 0.022606 0.407525 0.016933 0.375524 0.015971 0.355518 0.017071 0.335664 0.022692 0.315809 0.040515 0.282445 0.079998 0.225773 0.109712 0.190059 0.128549 0.166166 0.137602 0.171943 0.126871 0.186848 0.110178 0.206223 0.069639 0.255406 0.045285 0.294791 0.031668 0.322563 0.027091 0.349467 0.026903 0.36876 0.0291 0.383582 0.031419 0.400522 0.048177 0.446179 0.057716 0.471516 0.070831 0.505795 0.087524 0.540075 0.110178 0.580316 0.128063 0.613105 0.150717 0.654837 0.169876 0.697079 0.183857 0.736502 0.223449 0.839647
3 3 0.217529 0.857521 0.22761 0.851591 0.236505 0.872346 0.2454 0.888653 0.252516 0.900513 0.257853 0.909408 0.264727 0.916192 0.264107 0.925885 0.265032 0.932439 0.256074 0.924974 0.2454 0.911632 0.230575 0.883465
2 12 0.571831 0.326678 0.567389 0.341113 0.566057 0.351662 0.567833 0.3611 0.572275 0.371093 0.576272 0.374424 0.579694 0.378248 0.582188 0.373828 0.586953 0.371582 0.594609 0.375586 0.600701 0.374424 0.606475 0.369866 0.614453 0.359605 0.610028 0.354993 0.606475 0.349996 0.590781 0.3375 0.582422 0.33291
1 12 0.572813 0.323145 0.571875 0.326855 0.582656 0.333008 0.590938 0.337793 0.606475 0.349996 0.610028 0.354993 0.614453 0.359605 0.621339 0.348996 0.625982 0.335491 0.627197 0.324759 0.623891 0.308689 0.619116 0.30272 0.611769 0.296751 0.606521 0.2957 0.598527 0.296969 0.588995 0.301801 0.583118 0.307311 0.576506 0.315117
0 12 0.592394 0.335366 0.592394 0.331654 0.595116 0.32918 0.596849 0.328252 0.600066 0.32887 0.601938 0.33239 0.601798 0.336604 0.599818 0.338769 0.596849 0.339078 0.594869 0.339078 0.592889 0.337841
3 12 0.519682 0.449586 0.524771 0.442358 0.538614 0.421435 0.544192 0.413373 0.552909 0.400952 0.559533 0.390928 0.567552 0.376982 0.57079 0.367753 0.572275 0.371093 0.576272 0.374424 0.579679 0.37823 0.577274 0.380488 0.570104 0.390607 0.563859 0.402749 0.554608 0.416049 0.545125 0.428481 0.534948 0.442936 0.52639 0.453634
4 12 0.52639 0.453634 0.519682 0.449586 0.512997 0.456902 0.505517 0.464094 0.473295 0.502214 0.463801 0.513003 0.452581 0.523432 0.439634 0.537097 0.434744 0.542132 0.426976 0.550763 0.41892 0.56335 0.41144 0.584567 0.405686 0.599672 0.401658 0.611899 0.397055 0.624485 0.388942 0.644884 0.382197 0.654648 0.371545 0.667074 0.345627 0.689264 0.336396 0.696365 0.32539 0.705685 0.316514 0.713229 0.302667 0.724324 0.293436 0.734975 0.285271 0.744739 0.27746 0.753171 0.270714 0.759384 0.264323 0.763379 0.257932 0.766041 0.241601 0.769148 0.230949 0.774474 0.223493 0.780243 0.214603 0.788584 0.203126 0.802417 0.194929 0.80959 0.189601 0.813688 0.180994 0.818812 0.170747 0.821373 0.160091 0.822398 0.145336 0.822398 0.135089 0.824447 0.120334 0.830083 0.110907 0.835719 0.100661 0.843916 0.091234 0.850576 0.087545 0.854162 0.083856 0.855187 0.076889 0.85365 0.061314 0.852113 0.050657 0.852113 0.04164 0.853138 0.036722 0.855187 0.036722 0.863384 0.048198 0.86031 0.060904 0.861847 0.076889 0.865946 0.085086 0.865946 0.091234 0.864409 0.096972 0.858773 0.10394 0.850576 0.119924 0.839817 0.13181 0.835719 0.149434 0.833157 0.165009 0.829571 0.178125 0.826497 0.188781 0.822398 0.189191 0.82496 0.183863 0.833157 0.178944 0.839305 0.175256 0.845965 0.165829 0.853138 0.151074 0.858773 0.142057 0.863897 0.127712 0.870557 0.117465 0.877217 0.111317 0.881316 0.104759 0.88439 0.094923 0.885927 0.081397 0.89105 0.07238 0.890538 0.060494 0.890025 0.047788 0.887976 0.035492 0.88234 0.026885 0.879266 0.017049 0.87568 0.01295 0.873631 0.007212 0.870557 0 0.867995 0 0.880803 0.023197 0.889513 0.039181 0.894124 0.046149 0.899247 0.058855 0.903346 0.071151 0.902834 0.081397 0.900784 0.094513 0.898223 0.113776 0.892075 0.130991 0.883365 0.151074 0.872094 0.170747 0.861335 0.184273 0.852625 0.19329 0.84033 0.199847 0.828546 0.202307 0.819836 0.211526 0.808349 0.217881 0.799856 0.231817 0.787047 0.241244 0.779875 0.254769 0.776801 0.269114 0.771165 0.278951 0.765017 0.290017 0.754258 0.296985 0.745549 0.31051 0.729154 0.34887 0.701994 0.369186 0.684218 0.390518 0.665172 0.397628 0.654379 0.404231 0.637238 0.412357 0.615017 0.41896 0.593432 0.425055 0.575656 0.436228 0.55661 0.451465 0.540103 0.486341 0.504481
2 19 0.767159 0.596028 0.779769 0.589593 0.784739 0.579659 0.7903 0.569456 0.794337 0.564074 0.803636 0.56103 0.8044 0.556023 0.80345 0.550552 0.79622 0.550059 0.785864 0.543248 0.771135 0.538169 0.758438 0.538169 0.74828 0.541343 0.744376 0.542884 0.745901 0.547929 0.749399 0.553983 0.751283 0.567214 0.753346 0.585825 0.754153 0.592216 0.754153 0.595131 0.755767 0.599168 0.76079 0.598046
1 19 0.745991 0.547929 0.74913 0.554096 0.751103 0.566877 0.753077 0.585265 0.753794 0.592104 0.754153 0.59558 0.755432 0.598977 0.74635 0.598194 0.74134 0.596628 0.735077 0.591931 0.732571 0.583319 0.731632 0.573925 0.732258 0.562573 0.734763 0.555527 0.739461 0.547698 0.744158 0.543001
0 19 0.741964 0.565161 0.739364 0.565161 0.737708 0.562206 0.737708 0.557773 0.738891 0.553044 0.741255 0.550679 0.743856 0.550384 0.746693 0.552748 0.748067 0.557702 0.747166 0.561319 0.744802 0.563684 0.741964 0.565161 0.743318 0.580266 0.745661 0.581167 0.747824 0.583871 0.748545 0.587926 0.747824 0.590855 0.745841 0.591531 0.743678 0.591531 0.741515 0.590855 0.739928 0.588437 0.739533 0.585448 0.739713 0.582519 0.741696 0.580491 0.743318 0.580266
3 19 0.803636 0.56103 0.8044 0.556023 0.80345 0.550552 0.82323 0.543035 0.856656 0.534963 0.880966 0.530452 0.881584 0.538239 0.870281 0.540179 0.853215 0.544611 0.834819 0.549044 0.823073 0.552646 0.815094 0.556247 0.807558 0.559018
4 19 0.880966 0.530452 0.881584 0.538239 0.898182 0.535969 0.913453 0.532659 0.927341 0.529734 0.940228 0.526666 0.95291 0.522575 0.968661 0.515927 0.983663 0.506305 0.99384 0.498499 1 0.493295 1 0.484333 0.98852 0.495319 0.978806 0.502547 0.967704 0.509197 0.95452 0.514979 0.941568 0.519026 0.930234 0.521628 0.917051 0.52423 0.900166 0.5277 0.889527 0.529724 0.885826 0.53088
2 25 0.797551 0.767758 0.791964 0.78236 0.788917 0.795057 0.788409 0.806485 0.791457 0.818547 0.796536 0.827435 0.802122 0.828705 0.810757 0.822991 0.820914 0.816643 0.828533 0.807755 0.832596 0.800771 0.837031 0.788574 0.834062 0.787598 0.830781 0.78623 0.824297 0.782324 0.81375 0.776465 0.807709 0.770297 0.799583 0.761409
1 25 0.799583 0.761409 0.807709 0.770297 0.813828 0.776465 0.824531 0.782227 0.830781 0.786328 0.834141 0.7875 0.83732 0.788696 0.838959 0.778962 0.838959 0.769228 0.834041 0.756932 0.828303 0.751296 0.821335 0.750784 0.811908 0.752321 0.80617 0.755907 0.803711 0.757444
0 25 0.81752 0.766555 0.819383 0.765224 0.820979 0.764559 0.824172 0.766555 0.825768 0.769215 0.825768 0.773539 0.823906 0.775867 0.820979 0.7762 0.818318 0.774537 0.816988 0.770878 0.816988 0.769215
3 25 0.791457 0.818547 0.796536 0.827435 0.802122 0.828705 0.796659 0.844346 0.794422 0.85676 0.788432 0.877143 0.784106 0.902102 0.783107 0.910837 0.773124 0.907926 0.779447 0.879639 0.783773 0.858008 0.787433 0.838873 0.790428 0.827641
4 25 0.783107 0.910837 0.773124 0.907926 0.770102 0.926363 0.765907 0.95379 0.763003 0.977587 0.758808 1 0.768166 1 0.77236 0.970731 0.778491 0.932414 0.78075 0.919103
1 1 0.106323 0.39729 0.112589 0.400954 0.117946 0.408408 0.120169 0.412829 0.121483 0.41902 0.122291 0.426853 0.122898 0.434433 0.121281 0.44416 0.116733 0.451235 0.112892 0.454267 0.106727 0.455151 0.0992481 0.454646 0.0908595 0.451488 0.0839869 0.446055 0.0935883 0.4266 0.0992481 0.409797 0.104402 0.399438
0 1 0.103281 0.431934 0.100469 0.432031 0.100547 0.434668 0.103828 0.437207 0.105937 0.437891 0.1075 0.437012 0.106719 0.433984 0.104688 0.433008 0.103281 0.431934 0.105703 0.413672 0.107187 0.413672 0.108047 0.412598 0.108359 0.410742 0.1075 0.408984 0.105937 0.408887 0.104453 0.410937 0.104609 0.412012 0.105703 0.413672
2 1 0.0839063 0.446289 0.075 0.437793 0.0642969 0.42666 0.06125 0.418262 0.0610156 0.410645 0.0610938 0.406836 0.05875 0.40332 0.0529687 0.397656 0.0497656 0.394238 0.0513281 0.389062 0.0546094 0.384668 0.0589063 0.388281 0.0644531 0.391309 0.0707812 0.388867 0.0758594 0.387109 0.0828906 0.387012 0.0907031 0.389746 0.103125 0.395996 0.106016 0.39707 0.104609 0.399512 0.0989844 0.410352 0.0934375 0.426953
3 1 0.0496472 0.394232 0.0515373 0.388719 0.0543095 0.384781 0.000882056 0.351862 0.000504032 0.361785
