2 8 0.823668 0.769646 0.819663 0.756294 0.819676 0.741634 0.823087 0.72605 0.826759 0.716766 0.831284 0.71068 0.836612 0.703507 0.847679 0.698896 0.857925 0.699921 0.864893 0.705557 0.869196 0.710936 0.87268 0.71939 0.87427 0.735743 0.875139 0.758839 0.871041 0.77677 0.861204 0.774721 0.850138 0.77011 0.832923 0.769085 0.823668 0.769646 0.823668 0.769646 0.828825 0.779332 0.835383 0.78548 0.847269 0.790091 0.853207 0.790766 0.861204 0.788042 0.871041 0.77677 0.861204 0.774721 0.850138 0.77011 0.832923 0.769085 0.823668 0.769646
4 8 0.880996 0.609593 0.890307 0.545041 0.90176 0.42764 0.906342 0.359872 0.91118 0.295986 0.91016 0.215747 0.906342 0.120299 0.91016 0 0.897943 0 0.894515 0.10348 0.896244 0.184249 0.897943 0.238654 0.898706 0.300695 0.887252 0.407596 0.876562 0.528814 0.867038 0.606379
3 8 0.864893 0.705557 0.871078 0.664692 0.880996 0.609593 0.867038 0.606379 0.861161 0.641275 0.847679 0.698896 0.857925 0.699921
2 14 0.735586 0.315162 0.742784 0.31712 0.752833 0.316693 0.76875 0.314746 0.779141 0.309863 0.787031 0.304883 0.782969 0.304297 0.777656 0.304395 0.775469 0.303125 0.772813 0.300977 0.772734 0.289258 0.773906 0.28252 0.777891 0.275781 0.781484 0.27168 0.773395 0.271711 0.758993 0.274736 0.745658 0.281378 0.737123 0.289714 0.731789 0.296381 0.729389 0.300382 0.726989 0.304383 0.727275 0.30905 0.733009 0.313093
4 14 0.673604 0.335836 0.634141 0.345702 0.586136 0.352666 0.524503 0.362027 0.445685 0.370373 0.405748 0.375608 0.295943 0.362404 0.209014 0.354243 0.0963371 0.351052 0.0927628 0.339137 0.210781 0.338606 0.299339 0.350383 0.40067 0.365025 0.445209 0.357802 0.469122 0.358515 0.511374 0.350815 0.57624 0.343503 0.631754 0.335349 0.671237 0.326957
3 14 0.733009 0.313093 0.722144 0.318078 0.700045 0.326464 0.673604 0.335836 0.671237 0.326957 0.69373 0.319558 0.726989 0.304383 0.727275 0.30905
0 14 0.782047 0.283723 0.779764 0.282772 0.777101 0.284674 0.776201 0.287528 0.776201 0.29103 0.777101 0.295137 0.777862 0.296564 0.779764 0.296564 0.781286 0.296089 0.783068 0.294359 0.783569 0.292284 0.783569 0.289906 0.783569 0.287528
1 14 0.775625 0.302734 0.777656 0.304492 0.782891 0.304297 0.787188 0.304785 0.788294 0.301948 0.790694 0.291812 0.791075 0.287859 0.790694 0.281053 0.789055 0.277723 0.787415 0.274393 0.781385 0.271319 0.777891 0.275488 0.773906 0.28252 0.772578 0.289355 0.773125 0.300781
2 21 0.521115 0.265048 0.513104 0.280068 0.507096 0.295923 0.504214 0.307565 0.504882 0.314534 0.506489 0.320329 0.512437 0.324294 0.523118 0.322625 0.532463 0.319287 0.540808 0.313181 0.547923 0.304267 0.556016 0.291797 0.546797 0.28623 0.539297 0.277051 0.531406 0.265234 0.523906 0.260547
4 21 0.451969 0.403036 0.437243 0.411193 0.424221 0.413102 0.40434 0.411254 0.386847 0.406421 0.339451 0.380807 0.230313 0.302383 0.179119 0.263785 0.16571 0.255039 0.153612 0.251396 0.145304 0.25012 0.140931 0.251942 0.112089 0.25911 0.095923 0.262295 0.079757 0.257517 0.060035 0.247978 0 0.204072 0 0.186008 0.069961 0.236524 0.087524 0.245114 0.101577 0.251031 0.133935 0.240646 0.144283 0.237549 0.152737 0.239006 0.168479 0.243197 0.179411 0.24848 0.194715 0.25923 0.244272 0.295122 0.2914 0.331972 0.307292 0.345726 0.341796 0.370151 0.391429 0.394967 0.408991 0.398785 0.420063 0.399054 0.431135 0.39783 0.446944 0.38812
3 21 0.512437 0.324294 0.476464 0.378699 0.46139 0.395971 0.451969 0.403036 0.446944 0.38812 0.46139 0.377914 0.482116 0.34808 0.504214 0.307565 0.504882 0.314534 0.506489 0.320329
1 21 0.523984 0.260254 0.528936 0.252787 0.541292 0.243661 0.550278 0.242257 0.557579 0.245065 0.564319 0.25349 0.566565 0.261914 0.567689 0.269732 0.563377 0.281322 0.556172 0.291992 0.546953 0.28623 0.539375 0.277051 0.531641 0.265332
2 28 0.139375 0.596973 0.143202 0.603553 0.152365 0.615962 0.163339 0.628463 0.170905 0.636072 0.176052 0.637101 0.181198 0.635467 0.184655 0.630388 0.185272 0.62531 0.185742 0.615386 0.185502 0.605462 0.183724 0.584843 0.181274 0.57301 0.170921 0.577207 0.158704 0.584267 0.14862 0.588282 0.143516 0.59248
4 28 0.215239 0.724166 0.233119 0.767729 0.260668 0.83601 0.268902 0.859934 0.271349 0.878567 0.268011 0.896925 0.251322 0.922793 0.18056 1 0.193912 1 0.247984 0.944489 0.274019 0.911945 0.280089 0.901879 0.283216 0.889974 0.281884 0.868838 0.274172 0.840471 0.258296 0.800963 0.221484 0.720034
3 28 0.176052 0.637101 0.186268 0.660256 0.206423 0.703963 0.215239 0.724166 0.221484 0.720034 0.196138 0.662639 0.184655 0.630388 0.181198 0.635467
1 28 0.139141 0.596875 0.138104 0.594061 0.134553 0.582078 0.134553 0.571871 0.137749 0.560332 0.142574 0.554725 0.148045 0.551134 0.154791 0.548793 0.163312 0.547906 0.170768 0.551456 0.176448 0.558557 0.181274 0.57301 0.170921 0.577207 0.158704 0.584267 0.14862 0.588282 0.143359 0.592773
2 35 0.392389 0.430307 0.380107 0.436145 0.373432 0.442485 0.36836 0.451001 0.367024 0.461014 0.369361 0.468524 0.371697 0.476035 0.383714 0.483545 0.396531 0.487046 0.405938 0.485352 0.402422 0.46543 0.399453 0.448828 0.396094 0.429297
4 35 0.176052 0.637101 0.168169 0.666516 0.154188 0.70743 0.120182 0.777678 0.066766 0.867261 0.039142 0.911667 0.014072 0.976343 0.007671 0.995013 0.006071 1 0 0.99968 0.013005 0.951673 0.030608 0.905666 0.058345 0.860326 0.093017 0.804985 0.11862 0.760979 0.135156 0.728307 0.149558 0.692302 0.160226 0.661631 0.167161 0.632294 0.170905 0.636072 0.176052 0.637101 0.185742 0.615386 0.185502 0.605462 0.184632 0.597232 0.198562 0.576746 0.217838 0.553011 0.239703 0.529276 0.273939 0.505541 0.30578 0.485504 0.310142 0.493986 0.288139 0.508789 0.254791 0.530739 0.226396 0.556956 0.20155 0.586803 0.185742 0.615386
3 35 0.367024 0.461014 0.362334 0.459269 0.357644 0.460057 0.340194 0.47278 0.310142 0.493986 0.30578 0.485504 0.326622 0.470357 0.348434 0.45521 0.358128 0.449757 0.371102 0.445859 0.36836 0.451001
1 35 0.395781 0.429199 0.404309 0.42738 0.415511 0.428047 0.424045 0.432047 0.429913 0.440715 0.431513 0.450717 0.429913 0.466719 0.424579 0.47472 0.415511 0.482055 0.405909 0.485388 0.403984 0.474805 0.4025 0.465527 0.399531 0.448535
0 28 0.170262 0.610479 0.168796 0.61109 0.168144 0.614145 0.169529 0.618116 0.170914 0.621273 0.173358 0.622393 0.174091 0.620764 0.174172 0.617709 0.173113 0.614348 0.171484 0.611395 0.170262 0.610479 0.166875 0.578223 0.17 0.575293 0.169141 0.571484 0.165313 0.569336 0.161484 0.567871 0.158359 0.568457 0.154219 0.570312 0.154766 0.575098 0.160938 0.579492 0.166875 0.578223
0 35 0.404062 0.443359 0.402187 0.444043 0.402266 0.447852 0.406016 0.45 0.410703 0.448633 0.412266 0.448047 0.413047 0.445801 0.411875 0.443066 0.409297 0.442285 0.405859 0.442285
0 21 0.545 0.278711 0.544609 0.280078 0.547187 0.284863 0.550469 0.286328 0.552656 0.286328 0.552813 0.283301 0.550781 0.28125 0.547969 0.278516 0.545781 0.278027
