4 6 0.358835 0.329898 0.392099 0.321529 0.471678 0.304871 0.559441 0.286651 0.68812 0.261449 0.807251 0.238007 0.862549 0.225494 0.897447 0.217716 0.906935 0.216975 0.911679 0.21994 0.906935 0.226611 0.89804 0.233282 0.89804 0.239212 0.905156 0.239212 0.918201 0.229576 0.923538 0.216975 0.91779 0.210549 0.908067 0.208097 0.808716 0.226715 0.625263 0.263673 0.533942 0.280722 0.39259 0.306788 0.357165 0.317634
2 6 0.219192 0.373152 0.234053 0.373797 0.246347 0.371691 0.256973 0.363836 0.265504 0.348524 0.272805 0.341153 0.27387 0.337467 0.272805 0.333781 0.262134 0.322549 0.251767 0.314447 0.241915 0.311316 0.233187 0.311639 0.221135 0.313422 0.220012 0.325357 0.221484 0.342676 0.220781 0.358496
1 6 0.219192 0.373152 0.208626 0.37075 0.195844 0.364537 0.188743 0.356992 0.185903 0.347673 0.185903 0.340128 0.189809 0.330808 0.197619 0.323707 0.207561 0.317494 0.221135 0.313422 0.220012 0.325357 0.221328 0.342871 0.220859 0.358398
3 6 0.272805 0.341153 0.299093 0.339899 0.329891 0.33374 0.358835 0.329898 0.357165 0.317634 0.334114 0.321722 0.299627 0.327897 0.272805 0.333781 0.27387 0.337467
2 18 0.693186 0.484627 0.703609 0.490359 0.722674 0.494078 0.735015 0.494078 0.745711 0.490992 0.749002 0.479679 0.747356 0.469395 0.73666 0.444712 0.722227 0.428748 0.71856 0.4334 0.711155 0.45294 0.70375 0.467338
1 18 0.69327 0.484627 0.685337 0.47587 0.67806 0.462352 0.675777 0.441627 0.678262 0.431653 0.682507 0.426221 0.689784 0.42281 0.700194 0.42041 0.716062 0.423442 0.721924 0.428748 0.71856 0.4334 0.711155 0.45294 0.70375 0.467338
4 18 0.821027 0.552615 0.852302 0.568935 0.871772 0.577722 0.919311 0.591227 0.968775 0.60444 0.978717 0.606662 0.986989 0.60601 0.993494 0.603746 1 0.595804 0.99955 0.586383 0.990129 0.595019 0.982485 0.596922 0.974841 0.596159 0.919411 0.581202 0.880953 0.571443 0.857344 0.561022 0.824396 0.542085
3 18 0.745711 0.490992 0.761494 0.506281 0.802493 0.538575 0.821027 0.552615 0.824396 0.542085 0.798 0.521726 0.771604 0.497857 0.749002 0.479679
2 24 0.857186 0.907131 0.855235 0.9116 0.85166 0.916476 0.849059 0.91932 0.843858 0.92379 0.838982 0.929479 0.836382 0.933948 0.834431 0.936793 0.833131 0.937605 0.83053 0.939231 0.823704 0.938418 0.822079 0.933948 0.822079 0.926634 0.820128 0.920539 0.817203 0.916882 0.814602 0.910381 0.812327 0.901848 0.812002 0.892096 0.820453 0.869748 0.825356 0.869088 0.83201 0.869728 0.83636 0.872927 0.841734 0.877725 0.844805 0.881884 0.847876 0.886042 0.851521 0.88901 0.854106 0.893387 0.85644 0.897139 0.859275 0.899953
1 24 0.859461 0.900223 0.862062 0.889658 0.862387 0.872999 0.860761 0.86284 0.856861 0.854307 0.85361 0.849025 0.849384 0.845368 0.844508 0.844149 0.838982 0.844962 0.834106 0.846181 0.831506 0.848619 0.82663 0.855933 0.820453 0.869748 0.825356 0.869088 0.83201 0.869728 0.83636 0.872927 0.841734 0.877725 0.844805 0.881884 0.847813 0.885547 0.851521 0.888593 0.854022 0.893074 0.85669 0.897035
3 24 0.815753 1 0.823837 0.938434 0.829689 0.939131 0.822086 1
0 24 0.846185 0.870041 0.844851 0.867957 0.844017 0.865664 0.84435 0.861391 0.847006 0.859391 0.850339 0.859946 0.851449 0.861335 0.853005 0.863278 0.853227 0.8655 0.853227 0.867721 0.85256 0.86911 0.851005 0.870498 0.849006 0.870498
2 29 0.910818 0.121817 0.911959 0.119536 0.915382 0.115543 0.91812 0.111835 0.921542 0.106701 0.925649 0.099856 0.928616 0.093581 0.930897 0.08588 0.932038 0.076753 0.940253 0.07932 0.946642 0.084454 0.952118 0.093296 0.954628 0.099285 0.955997 0.107842 0.955997 0.11925 0.954628 0.126096 0.95189 0.130659 0.946185 0.134938 0.939112 0.137504 0.933636 0.137504 0.924965 0.134367 0.912187 0.126096
1 29 0.893249 0.0968236 0.893933 0.0894076 0.901463 0.0771436 0.907852 0.0731506 0.91059 0.0711536 0.916066 0.0702986 0.920858 0.0702986 0.932009 0.0773756 0.930897 0.0862706 0.928616 0.0939716 0.925649 0.100247 0.921542 0.107092 0.91812 0.112226 0.915382 0.115934 0.911959 0.119927 0.910818 0.122208 0.911939 0.125712 0.901463 0.117075 0.897356 0.112511 0.894618 0.107377
3 29 0.949674 0.132321 0.95189 0.130659 0.954628 0.126096 0.955288 0.122792 1 0.156766 1 0.164606
0 18 0.691396 0.452839 0.693648 0.450755 0.694315 0.447211 0.694481 0.441896 0.692814 0.438353 0.69148 0.43731 0.689812 0.437102 0.688311 0.437206 0.687728 0.43804 0.68556 0.443147 0.68556 0.449087 0.688311 0.453152 0.691396 0.452839 0.692686 0.465971 0.692019 0.469828 0.694104 0.473788 0.697522 0.476185 0.699523 0.473892 0.699273 0.470036 0.697856 0.466701 0.696605 0.46618 0.692686 0.465971
0 6 0.201328 0.344824 0.199766 0.347852 0.201406 0.352344 0.204062 0.353027 0.205625 0.352539 0.206719 0.350391 0.206563 0.347656 0.205156 0.345313 0.203516 0.343945
0 29 0.919375 0.0987305 0.917734 0.0996094 0.917656 0.102441 0.917969 0.104102 0.918437 0.104395 0.919531 0.104883 0.921172 0.10459 0.923047 0.102441 0.922734 0.0995117 0.921016 0.0984375
