4 7 0.211773 0.18206 0.213503 0.173949 0.183701 0.159074 0.139394 0.142664 0.106028 0.133775 0.06938 0.128989 0.027261 0.126938 0 0.126254 0 0.137878 0.02015 0.137194 0.068833 0.137878 0.10931 0.145399 0.147599 0.155655 0.178231 0.166595 0.196281 0.175483
3 7 0.211773 0.18206 0.213503 0.173949 0.223453 0.178816 0.244217 0.191252 0.262385 0.201526 0.279713 0.209947 0.277525 0.220203 0.270171 0.217207 0.257194 0.209637 0.237728 0.198282 0.218694 0.185845
0 7 0.317755 0.243703 0.316732 0.241248 0.317299 0.238414 0.32155 0.236878 0.323811 0.238836 0.323379 0.242621 0.320783 0.244784
1 7 0.303129 0.256599 0.308325 0.242665 0.313898 0.22755 0.316921 0.214206 0.319188 0.204287 0.329391 0.20594 0.339121 0.20901 0.348087 0.218152 0.35301 0.230459 0.351916 0.24345 0.344805 0.258492 0.333865 0.267381 0.319944 0.266754 0.309251 0.261911
2 7 0.319094 0.203815 0.310892 0.201742 0.301046 0.200375 0.292294 0.201742 0.282448 0.207896 0.279713 0.209947 0.277525 0.220203 0.281354 0.229092 0.290653 0.244134 0.298311 0.252339 0.303129 0.256481 0.313898 0.227314
4 12 0.434769 0.722357 0.442206 0.722357 0.457823 0.66844 0.477159 0.608945 0.499469 0.554099 0.531447 0.489026 0.555245 0.452772 0.607303 0.365389 0.63705 0.313331 0.666612 0.240451 0.661217 0.242467 0.63391 0.305046 0.602702 0.362748 0.576695 0.405822 0.548088 0.452146 0.519481 0.49847 0.494124 0.551296 0.470068 0.610624 0.453814 0.656948 0.43951 0.701647
3 12 0.41908 0.803895 0.425433 0.804617 0.430307 0.786499 0.437743 0.757682 0.439974 0.736301 0.442206 0.722357 0.434769 0.722357 0.432538 0.73909 0.429563 0.763259 0.42287 0.790218
1 12 0.400022 0.863815 0.404642 0.860205 0.417925 0.855152 0.431786 0.855873 0.427744 0.870312 0.422546 0.876809 0.415038 0.879697 0.409262 0.880419 0.403487 0.876087
2 12 0.398866 0.858761 0.396556 0.845045 0.397134 0.82844 0.400599 0.815446 0.406952 0.808948 0.415038 0.804617 0.41908 0.803895 0.425433 0.804617 0.431786 0.814002 0.435252 0.825553 0.435829 0.839991 0.431786 0.855873 0.417925 0.855152 0.404642 0.860205 0.400022 0.863815
4 19 0.349243 0.807857 0.354793 0.800052 0.354793 0.792246 0.358956 0.787043 0.370057 0.78184 0.389483 0.774902 0.401971 0.774902 0.412378 0.777504 0.421397 0.780972 0.409602 0.770566 0.402665 0.766229 0.390176 0.766229 0.376994 0.768831 0.358956 0.776636 0.349243 0.786176 0.34508 0.796583 0.346468 0.803521 0.349243 0.807857 0.349243 0.807857 0.354793 0.800052 0.363812 0.798317 0.37977 0.788778 0.406827 0.769698 0.456086 0.732407 0.519915 0.679506 0.541422 0.661294 0.558767 0.649153 0.601088 0.614464 0.655897 0.5685 0.682954 0.53728 0.705156 0.505192 0.716334 0.488374 0.72071 0.493844 0.706543 0.519935 0.67671 0.558093 0.63092 0.60319 0.585824 0.640481 0.55391 0.664763 0.536565 0.67517 0.444292 0.752354 0.401277 0.783574 0.367281 0.806122 0.358956 0.808724 0.349243 0.807857
3 19 0.731103 0.426154 0.737667 0.427522 0.744231 0.422735 0.739855 0.445299 0.734932 0.461708 0.727821 0.481537 0.72071 0.493844 0.716334 0.488374 0.723445 0.469913 0.728368 0.452136 0.732197 0.43641
1 19 0.727656 0.363281 0.732891 0.369531 0.745156 0.379492 0.759219 0.381934 0.759546 0.374874 0.756811 0.360515 0.751341 0.350943 0.745325 0.348208 0.735479 0.349575 0.730556 0.35778
2 19 0.724539 0.37419 0.722898 0.387865 0.722351 0.404274 0.72618 0.417265 0.731103 0.426154 0.737667 0.427522 0.744231 0.422735 0.748984 0.418457 0.75517 0.410428 0.758452 0.398121 0.759219 0.390137 0.759219 0.381836 0.745234 0.379688 0.732578 0.369141 0.727578 0.363281
4 24 0.739098 0.608205 0.747913 0.6052 0.754323 0.577154 0.762336 0.525069 0.775958 0.443936 0.787177 0.401867 0.804004 0.363805 0.819229 0.344774 0.826441 0.333756 0.841666 0.2997 0.872116 0.207549 0.896155 0.132426 0.914585 0.071326 0.922598 0.04328 0.916188 0.050292 0.900162 0.096367 0.876924 0.167484 0.856891 0.229585 0.837659 0.286679 0.822435 0.325742 0.804004 0.347779 0.79519 0.361801 0.777561 0.400865 0.769548 0.436924 0.754323 0.528073 0.743906 0.582162
3 24 0.719867 0.694345 0.728681 0.699354 0.735893 0.680323 0.741502 0.650273 0.747913 0.6052 0.739098 0.608205 0.733489 0.646267 0.726277 0.677318
1 24 0.689417 0.748434 0.698231 0.745429 0.711052 0.744427 0.733489 0.746431 0.731886 0.75845 0.722271 0.772473 0.712655 0.775478 0.702238 0.775478 0.693423 0.768467 0.690218 0.761455
2 24 0.69102 0.733409 0.695827 0.719386 0.708648 0.700355 0.719867 0.694345 0.728681 0.699354 0.73429 0.719386 0.73429 0.733409 0.733489 0.746431 0.711052 0.744427 0.698231 0.745429 0.689417 0.748434
4 29 0.760355 0.556748 0.762759 0.566764 0.736001 0.603971 0.707589 0.649182 0.686756 0.681362 0.664774 0.721235 0.628292 0.790725 0.593548 0.845013 0.52927 0.918846 0.479758 0.957934 0.451962 0.970963 0.437196 0.969878 0.424166 0.960106 0.407663 0.951419 0.383341 0.949248 0.372049 0.948162 0.388553 0.941647 0.4094 0.940562 0.425035 0.947076 0.442407 0.955763 0.458911 0.955763 0.48497 0.93839 0.528401 0.902559 0.557934 0.869986 0.590942 0.828727 0.628292 0.773352 0.6625 0.708891 0.696429 0.649368 0.739476 0.582255
3 29 0.805357 0.48574 0.810863 0.494151 0.77558 0.551739 0.762759 0.566764 0.760355 0.556748 0.777984 0.529703 0.796414 0.500656
1 29 0.816368 0.436039 0.825544 0.44445 0.83839 0.463565 0.848789 0.480387 0.856741 0.473506 0.862246 0.46433 0.864081 0.452096 0.862246 0.439097 0.856129 0.429157 0.848177 0.424569 0.839001 0.424569 0.827379 0.428392
2 29 0.816368 0.436039 0.808416 0.447508 0.804746 0.462801 0.805357 0.48574 0.810863 0.494151 0.826155 0.49568 0.83839 0.489563 0.848789 0.480387 0.83839 0.463565 0.825544 0.44445
0 12 0.416122 0.858994 0.415288 0.861703 0.415622 0.865143 0.417039 0.867748 0.419124 0.867436 0.420874 0.865976 0.421208 0.86285 0.420374 0.859306 0.418123 0.858577
0 19 0.737734 0.362988 0.737812 0.366016 0.738984 0.369629 0.740547 0.373633 0.743281 0.37627 0.745625 0.376367 0.747266 0.375684 0.747891 0.374316 0.747812 0.371875 0.744922 0.364453 0.742969 0.361523 0.740234 0.360742 0.739141 0.361328
0 29 0.842891 0.454883 0.842109 0.457422 0.843203 0.458594 0.845703 0.459277 0.848203 0.459277 0.849141 0.458105 0.84875 0.456055 0.847734 0.454297 0.846484 0.453613 0.844844 0.453613
