4 6 0.381229 0.110537 0.361548 0.08544 0.34748 0.06892 0.33128 0.049736 0.319343 0.03588 0.301437 0.016163 0.2895 0 0.295042 0 0.312948 0.020426 0.337248 0.048137 0.365811 0.082775 0.38557 0.106591
3 6 0.422011 0.180167 0.415562 0.171705 0.409642 0.159372 0.402934 0.147534 0.397014 0.137668 0.389122 0.125336 0.381229 0.110537 0.38557 0.106591 0.399777 0.129282 0.425768 0.177818
0 6 0.453601 0.226078 0.45248 0.227478 0.45192 0.229929 0.4522 0.23273 0.453321 0.235181 0.454721 0.235882 0.457522 0.235531 0.459219 0.233984 0.459766 0.230957 0.458923 0.226752 0.457522 0.225378 0.456122 0.225027 0.455562 0.225027
1 6 0.427344 0.239355 0.4305 0.243928 0.433163 0.248087 0.43649 0.253495 0.43882 0.256823 0.442148 0.259319 0.445808 0.261399 0.450135 0.262647 0.454794 0.263063 0.457456 0.263063 0.461782 0.261815 0.46511 0.258487 0.469769 0.253079 0.471766 0.241848 0.471433 0.231032 0.468438 0.223545 0.465775 0.217721 0.463113 0.212313 0.46125 0.213184 0.458906 0.214355 0.452187 0.22002 0.447031 0.225488 0.441094 0.229395 0.437578 0.232617 0.430153 0.237318
2 6 0.425768 0.177818 0.422011 0.180167 0.420758 0.186822 0.420132 0.193085 0.419192 0.200131 0.418253 0.207959 0.418566 0.21618 0.420132 0.222834 0.422637 0.22988 0.425078 0.235449 0.427344 0.239551 0.440703 0.230078 0.447031 0.225293 0.451953 0.22041 0.456172 0.216602 0.462969 0.211816 0.461094 0.208008 0.457344 0.199805 0.454265 0.195825 0.450821 0.192302 0.446123 0.189562 0.442366 0.187996 0.436729 0.184473 0.430779 0.179384
4 11 0.595366 0.279175 0.568752 0.277867 0.541548 0.2772 0.521812 0.280534 0.501543 0.288535 0.477006 0.295869 0.456203 0.30387 0.4386 0.311871 0.418331 0.325207 0.392727 0.341876 0.374516 0.355211 0.365523 0.367213 0.362323 0.374547 0.361256 0.381882 0.361256 0.390549 0.36499 0.398551 0.373524 0.401218 0.382059 0.401218 0.391799 0.393217 0.397807 0.379003 0.399128 0.363879 0.396461 0.358545 0.39166 0.356545 0.38846 0.366546 0.386326 0.380548 0.384192 0.387216 0.378325 0.391216 0.373524 0.389216 0.370324 0.378548 0.371391 0.368546 0.379392 0.360545 0.385793 0.355878 0.394327 0.35121 0.404995 0.345876 0.414063 0.339875 0.418331 0.336542 0.430599 0.328541 0.437 0.32454 0.448735 0.318539 0.45887 0.314539 0.469538 0.309871 0.48234 0.304537 0.493008 0.29987 0.50421 0.295869 0.516478 0.293202 0.536214 0.289202 0.555951 0.286534 0.568219 0.285868 0.595928 0.286898
3 11 0.698374 0.291538 0.681857 0.293216 0.658268 0.29111 0.640296 0.288302 0.607722 0.281281 0.595366 0.279175 0.595928 0.286898 0.656584 0.299534 0.696056 0.304286 0.696056 0.301389 0.69652 0.295015
1 11 0.744766 0.269727 0.755156 0.269824 0.760391 0.27041 0.767906 0.272417 0.772541 0.276473 0.77764 0.282268 0.782276 0.289221 0.784593 0.295594 0.784593 0.301968 0.784593 0.31008 0.781348 0.319351 0.776249 0.324566 0.770687 0.328622 0.763734 0.33036 0.753072 0.331519 0.744265 0.329202 0.740078 0.327344 0.74102 0.317613 0.74102 0.306604 0.741875 0.299414 0.743516 0.290527 0.745234 0.282617
2 11 0.744531 0.27002 0.73875 0.271777 0.730358 0.275314 0.721551 0.278212 0.714134 0.284585 0.709499 0.289221 0.704863 0.290959 0.698374 0.291538 0.69652 0.295015 0.696056 0.301389 0.696056 0.304286 0.702082 0.308921 0.711817 0.314136 0.72016 0.317033 0.727577 0.316454 0.733603 0.324566 0.736875 0.326367 0.739844 0.327344 0.74102 0.317613 0.74102 0.306604 0.741797 0.299316 0.743516 0.289941 0.745156 0.282617
4 16 0.025026 0.686278 0 0.700362 0 0.709998 0.026805 0.692949
3 16 0.107097 0.642736 0.086697 0.655146 0.060606 0.667747 0.025026 0.686278 0.026805 0.692949 0.060013 0.678124 0.091441 0.662558 0.112684 0.650354 0.107097 0.649084
1 16 0.126905 0.59639 0.139094 0.585598 0.161949 0.581154 0.172615 0.584963 0.17871 0.591311 0.183281 0.600834 0.184805 0.610992 0.184805 0.619246 0.181757 0.630673 0.178202 0.637022 0.171599 0.64464 0.165505 0.650354 0.155347 0.656703 0.150053 0.660834 0.148935 0.654358 0.148236 0.649084 0.147208 0.634801 0.143754 0.621975 0.14011 0.613532
2 16 0.126905 0.59639 0.119286 0.606548 0.113699 0.615436 0.110144 0.624325 0.107605 0.634482 0.107097 0.642736 0.107097 0.649084 0.112684 0.650354 0.115731 0.649084 0.120302 0.64591 0.123857 0.645275 0.127413 0.648449 0.133507 0.656068 0.146016 0.66123 0.150156 0.66084 0.148984 0.654785 0.148236 0.649084 0.147266 0.634961 0.143828 0.621973 0.14011 0.613532
4 22 0.274633 0.562893 0.274675 0.588053 0.272007 0.620724 0.268807 0.682066 0.262406 0.714071 0.248042 0.76572 0.235617 0.785198 0.22572 0.794674 0.216876 0.802834 0.210137 0.807836 0.203188 0.812047 0.189862 0.814085 0.179728 0.816752 0.164652 0.823103 0.147174 0.828104 0.128854 0.828894 0.107796 0.829947 0.0922128 0.829683 0.077051 0.826525 0.0698913 0.824682 0.057046 0.82047 0.0393573 0.814679 0.0281966 0.811258 0.016504 0.808084 0 0.804751 0 0.812085 0.03144 0.819419 0.063444 0.830754 0.08758 0.837317 0.114955 0.83837 0.142331 0.837054 0.173327 0.829421 0.196797 0.822086 0.21835 0.812574 0.244672 0.790989 0.261729 0.758613 0.270407 0.718738 0.279475 0.662063 0.280009 0.61339 0.28025 0.560787
3 22 0.31293 0.470384 0.311139 0.479351 0.310016 0.487073 0.306084 0.493392 0.299906 0.501114 0.294852 0.508134 0.288674 0.517261 0.284743 0.522877 0.278003 0.534812 0.275195 0.553766 0.274633 0.562893 0.28025 0.560787 0.286427 0.534812 0.299345 0.516559 0.307854 0.505397 0.316886 0.487035 0.321813 0.47427 0.317815 0.473715
1 22 0.302714 0.420971 0.306267 0.406536 0.309821 0.394322 0.314609 0.387988 0.318125 0.385254 0.322031 0.383301 0.326562 0.383105 0.334375 0.384668 0.340703 0.388281 0.344909 0.393212 0.34713 0.400429 0.348018 0.408202 0.348018 0.41653 0.347266 0.427734 0.346016 0.435547 0.342344 0.433301 0.340469 0.431738 0.335234 0.430078 0.324063 0.427539 0.313281 0.424609
2 22 0.302714 0.420971 0.301826 0.430965 0.301382 0.438738 0.303603 0.448176 0.306267 0.456504 0.309821 0.464832 0.31293 0.470384 0.317815 0.473715 0.321813 0.47427 0.33114 0.468163 0.337802 0.46039 0.3418 0.452062 0.345938 0.435645 0.342266 0.433301 0.340313 0.432031 0.334922 0.42998 0.32375 0.427539 0.313437 0.424707
4 28 0.475277 0.775147 0.468364 0.754597 0.45973 0.730472 0.455667 0.71587 0.449572 0.708887 0.44297 0.703808 0.429256 0.697459 0.416559 0.69238 0.405893 0.687936 0.397259 0.684762 0.38507 0.678413 0.377451 0.672699 0.371356 0.668255 0.347993 0.640321 0.324746 0.623035 0.310987 0.612848 0.29822 0.607308 0.28603 0.604768 0.264699 0.59715 0.233209 0.57493 0.19918 0.550805 0.181912 0.534933 0.16312 0.513982 0.137217 0.486683 0.111823 0.461288 0.084396 0.439068 0.070175 0.423831 0.056462 0.401611 0.044273 0.389548 0.030052 0.378755 0.021418 0.371772 0.012275 0.364154 8.6e-05 0.356535 0 0.349552 0 0.345742 0.031068 0.367963 0.048844 0.3832 0.066112 0.40542 0.089983 0.433354 0.104204 0.447956 0.122488 0.463828 0.165152 0.506999 0.199688 0.541282 0.229146 0.563502 0.265207 0.589531 0.28603 0.59842 0.303807 0.602229 0.31611 0.611288 0.337328 0.623814 0.364246 0.651748 0.376435 0.663811 0.397767 0.678413 0.425701 0.688571 0.448556 0.699998 0.458206 0.706347 0.464301 0.71714 0.469888 0.738725 0.482378 0.772041
3 28 0.510688 0.850104 0.503325 0.834173 0.49729 0.820859 0.491254 0.807101 0.484153 0.795118 0.475277 0.775147 0.482378 0.772041 0.485929 0.783136 0.49516 0.800888 0.515494 0.846211
1 28 0.521563 0.900488 0.524436 0.905848 0.528433 0.9114 0.531986 0.915841 0.536428 0.920283 0.542646 0.921948 0.547976 0.922504 0.554638 0.922504 0.561745 0.918617 0.565298 0.914731 0.567519 0.907513 0.567963 0.900296 0.564409 0.886971 0.562189 0.879754 0.558635 0.871981 0.554375 0.874316 0.548125 0.879687 0.541328 0.885254 0.536094 0.890137 0.531094 0.893262 0.528125 0.895312
2 28 0.515494 0.846211 0.510688 0.850104 0.51047 0.857203 0.51047 0.865839 0.51047 0.87369 0.512354 0.882326 0.514866 0.887821 0.518007 0.894102 0.52 0.897461 0.521563 0.900586 0.531094 0.893359 0.535781 0.89043 0.541797 0.885059 0.547344 0.880273 0.554063 0.874609 0.559063 0.871973 0.54941 0.860343 0.545642 0.855728 0.541429 0.850558 0.534888 0.846307 0.525575 0.844411
4 33 0.401636 0.690816 0.413196 0.704149 0.430717 0.724879 0.452125 0.749078 0.487506 0.773277 0.503528 0.784959 0.522887 0.79831 0.546919 0.811662 0.562273 0.814165 0.576292 0.81333 0.5823 0.808324 0.588308 0.797476 0.591646 0.787462 0.607 0.739899 0.625691 0.671474 0.63437 0.62391 0.661072 0.521272 0.685104 0.45702 0.697788 0.41029 0.705131 0.348541 0.703796 0.326011 0.699123 0.325176 0.695785 0.37274 0.68911 0.411125 0.677094 0.460358 0.658221 0.513566 0.642495 0.56341 0.627893 0.626593 0.619469 0.670821 0.609359 0.712943 0.593634 0.762787 0.581278 0.794379 0.576223 0.801399 0.572854 0.804207 0.561621 0.804909 0.549265 0.802803 0.536348 0.795783 0.520623 0.787358 0.500966 0.773318 0.486363 0.763489 0.455474 0.741726 0.423461 0.706625 0.408747 0.688277
3 33 0.340994 0.616974 0.355418 0.634313 0.375734 0.654629 0.401636 0.690816 0.408747 0.688277 0.393002 0.666691 0.378781 0.650185 0.368115 0.637487 0.362021 0.631139 0.359989 0.626695 0.358465 0.619711 0.355926 0.615902 0.352878 0.612093 0.344194 0.605639
1 33 0.289786 0.572301 0.285519 0.554965 0.288186 0.540963 0.292453 0.533629 0.299388 0.528295 0.303655 0.527628 0.308456 0.527628 0.313256 0.529628 0.320724 0.532962 0.325525 0.53963 0.327658 0.54363 0.333203 0.555371 0.330325 0.556966 0.326591 0.559633 0.321791 0.560966 0.311123 0.563633 0.301521 0.564967
2 33 0.289786 0.572301 0.299388 0.588303 0.304188 0.594971 0.311123 0.601639 0.31859 0.60964 0.325525 0.614974 0.333526 0.620975 0.340994 0.616974 0.344194 0.605639 0.34206 0.598305 0.340994 0.589637 0.339927 0.579635 0.33726 0.570301 0.333281 0.555371 0.330325 0.556966 0.326591 0.559633 0.321791 0.560966 0.311123 0.563633 0.301521 0.564967
0 22 0.322969 0.41543 0.321641 0.416992 0.321484 0.418262 0.321719 0.420801 0.322813 0.422559 0.325078 0.422461 0.326016 0.419922 0.325703 0.416992 0.324922 0.415137
0 28 0.539922 0.895996 0.537734 0.899512 0.539141 0.904687 0.541094 0.906445 0.543281 0.906445 0.544922 0.905566 0.546172 0.902246 0.546328 0.900098 0.545469 0.897754 0.543047 0.895996 0.541563 0.895898
