4 26 0.415374 0.336003 0.414 0.347168 0.445613 0.35294 0.479542 0.360211 0.503293 0.368088 0.529952 0.375358 0.547886 0.382023 0.562912 0.389899 0.581815 0.401411 0.604112 0.414741 0.63174 0.440188 0.657976 0.471408 0.674735 0.493751 0.682081 0.528245 0.690778 0.559437 0.694266 0.579782 0.696359 0.605649 0.703799 0.652152 0.707985 0.667556 0.712816 0.68721 0.71655 0.700545 0.720283 0.715214 0.724017 0.733883 0.737588 0.781987 0.747697 0.804452 0.753313 0.815685 0.762861 0.810068 0.752752 0.788305 0.742081 0.756714 0.733095 0.726527 0.729163 0.70336 0.721238 0.674241 0.713565 0.637329 0.70752 0.612043 0.703799 0.576585 0.700079 0.546358 0.695661 0.521653 0.689151 0.500727 0.681478 0.480672 0.668508 0.460456 0.643235 0.432375 0.625263 0.416228 0.591565 0.393061 0.5448 0.365776 0.512141 0.352429 0.480109 0.345364 0.445565 0.338298 0.42421 0.335942
3 26 0.318053 0.330776 0.321531 0.326429 0.32257 0.32221 0.328455 0.324837 0.334983 0.327414 0.340136 0.329132 0.34735 0.329561 0.355596 0.330849 0.370368 0.332996 0.38308 0.332138 0.399914 0.333855 0.415374 0.336003 0.414 0.347168 0.398301 0.344711 0.381884 0.342897 0.366354 0.343914 0.354114 0.343498 0.343392 0.341002 0.336736 0.340586 0.32642 0.335594 0.320097 0.332266
0 26 0.27696 0.296892 0.279504 0.297759 0.282511 0.297181 0.284592 0.294868 0.283898 0.29111 0.280892 0.289664 0.277885 0.289664 0.275341 0.289953 0.27349 0.292555 0.273722 0.295157 0.274647 0.295446
1 26 0.279517 0.278957 0.278422 0.28471 0.273323 0.306728 0.270541 0.324111 0.268687 0.3357 0.261734 0.332223 0.252463 0.32527 0.245973 0.319475 0.242265 0.310784 0.243192 0.299775 0.251072 0.288766 0.259416 0.282971 0.269614 0.279495
2 26 0.279276 0.339146 0.292792 0.340335 0.308089 0.337438 0.315505 0.333961 0.321531 0.326429 0.323386 0.318896 0.318287 0.303251 0.31087 0.290504 0.303453 0.283551 0.287229 0.278915 0.279757 0.278656 0.278422 0.28471 0.273323 0.306728 0.270541 0.324111 0.268687 0.3357 0.273257 0.337641
4 25 0.515535 0.695789 0.510506 0.686662 0.491019 0.70138 0.478008 0.711361 0.463222 0.719862 0.454351 0.727255 0.446071 0.734648 0.428033 0.745737 0.41236 0.754978 0.400532 0.759414 0.374509 0.767546 0.362385 0.770503 0.348191 0.77272 0.304188 0.7796 0.279508 0.783908 0.266183 0.784463 0.256412 0.785574 0.241311 0.782242 0.225765 0.773914 0.215106 0.768918 0.201337 0.763366 0.18135 0.754483 0.170246 0.749486 0.161363 0.74782 0.148927 0.750041 0.144041 0.754483 0.142264 0.758924 0.140932 0.765031 0.147594 0.767252 0.150703 0.763921 0.155145 0.76059 0.160919 0.757259 0.167137 0.758924 0.176464 0.765031 0.185791 0.770028 0.193342 0.775025 0.215994 0.785574 0.23376 0.793901 0.250638 0.797233 0.265739 0.798343 0.283949 0.797788 0.301716 0.793346 0.336804 0.78946 0.366562 0.782242 0.3941 0.776135 0.41231 0.767252 0.436739 0.753928 0.457614 0.738937 0.478489 0.725613 0.489149 0.717285 0.502473 0.706736 0.507359 0.702295
3 25 0.510506 0.686662 0.519863 0.678595 0.525349 0.674561 0.536642 0.668511 0.546968 0.662461 0.555034 0.658025 0.565683 0.653588 0.576976 0.650361 0.585284 0.649589 0.585284 0.655907 0.586937 0.658269 0.586043 0.658872 0.580987 0.660202 0.575134 0.6612 0.570079 0.663195 0.562097 0.664525 0.553582 0.669182 0.544004 0.67284 0.534691 0.678494 0.527242 0.684481 0.515535 0.695789
1 25 0.638516 0.664941 0.636797 0.654883 0.631641 0.639355 0.629063 0.629687 0.625721 0.621507 0.622351 0.613785 0.634273 0.609988 0.644928 0.610974 0.654004 0.615907 0.657556 0.621333 0.659923 0.634652 0.659134 0.643531 0.655583 0.651917 0.649268 0.65833 0.644533 0.66129
2 25 0.617858 0.616593 0.60831 0.623613 0.598763 0.63274 0.593147 0.639058 0.58753 0.645376 0.585284 0.649589 0.585284 0.655907 0.589215 0.661523 0.598201 0.666437 0.60831 0.667841 0.617858 0.668543 0.630775 0.667139 0.634922 0.66582 0.638281 0.664551 0.636953 0.654785 0.631641 0.639453 0.629063 0.629687 0.625721 0.621507 0.622351 0.613785
2 24 0.51567 0.607161 0.518155 0.622251 0.522061 0.636896 0.525966 0.64666 0.530937 0.655536 0.536263 0.659086 0.542298 0.659974 0.545139 0.655092 0.547269 0.64666 0.548689 0.637784 0.550109 0.628908 0.549609 0.618066 0.548828 0.614746 0.546797 0.604004 0.543718 0.604499 0.537683 0.604499 0.529517 0.601392 0.525 0.596387 0.520859 0.593848 0.516172 0.592285 0.51496 0.601392
1 24 0.525078 0.596387 0.529517 0.601392 0.537683 0.604499 0.543718 0.604499 0.546875 0.603711 0.546094 0.599219 0.544078 0.592048 0.540634 0.584219 0.535623 0.576781 0.531239 0.575998 0.523723 0.57913 0.519966 0.584219 0.516208 0.592048 0.520937 0.593945
0 24 0.530225 0.595743 0.53163 0.594238 0.533838 0.594238 0.535042 0.595743 0.535644 0.598753 0.535644 0.601262 0.533436 0.602767 0.53143 0.603018 0.530025 0.601262 0.529399 0.599474 0.529423 0.597248
3 24 0.529387 0.666478 0.530937 0.655536 0.536263 0.659086 0.540093 0.659649 0.53934 0.666207 0.538639 0.671257 0.538979 0.676551 0.540617 0.684036 0.543715 0.691979 0.546422 0.701872 0.549674 0.714124 0.555041 0.73047 0.545762 0.734905 0.543579 0.728423 0.538393 0.710343 0.535391 0.696015 0.531844 0.68237 0.529683 0.672023
4 24 0.545762 0.734905 0.555041 0.73047 0.563942 0.746221 0.583042 0.787578 0.606066 0.838695 0.626838 0.880055 0.651471 0.917279 0.679034 0.956452 0.692747 0.976133 0.711031 1 0.694271 1 0.674463 0.972959 0.648713 0.935662 0.639926 0.922804 0.62926 0.906298 0.614428 0.882364 0.602899 0.859127 0.596444 0.843631 0.584565 0.820591 0.574408 0.797101 0.563234 0.774245 0.557139 0.762818 0.549521 0.746946
2 23 0.330621 0.633481 0.321939 0.641374 0.317993 0.648773 0.313652 0.656666 0.313652 0.661599 0.313652 0.666531 0.316414 0.671464 0.320755 0.677877 0.330621 0.68281 0.340881 0.680343 0.347195 0.67689 0.352325 0.673931 0.356272 0.672451 0.347195 0.661105 0.34167 0.650253 0.337724 0.64236 0.335751 0.635454 0.334173 0.630028
1 23 0.334173 0.630028 0.335751 0.635454 0.337724 0.64236 0.34167 0.650253 0.347195 0.661105 0.356272 0.672451 0.366895 0.664069 0.371922 0.653719 0.374583 0.645956 0.373105 0.638564 0.370443 0.630062 0.366599 0.625626 0.362459 0.6223 0.357728 0.6223 0.352405 0.6223 0.343829 0.624887 0.338802 0.627474 0.337324 0.628214
3 23 0.313652 0.661599 0.313652 0.666531 0.316414 0.671464 0.307304 0.674093 0.293287 0.678311 0.282126 0.682854 0.270446 0.687071 0.258506 0.689018 0.247604 0.690965 0.240596 0.691938 0.239817 0.682854 0.251497 0.680258 0.264476 0.678311 0.276416 0.674093 0.285241 0.670849 0.296402 0.668253 0.307044 0.664684
4 23 0.240596 0.691938 0.239817 0.682854 0.223042 0.683876 0.201053 0.681807 0.184266 0.678851 0.167715 0.673827 0.142179 0.666438 0.126137 0.662494 0.095649 0.65928 0.073977 0.655606 0.055611 0.651474 0.02696 0.646883 0 0.646423 0 0.660198 0.029164 0.658361 0.047897 0.660198 0.063692 0.663412 0.088303 0.668463 0.119893 0.673054 0.130178 0.673054 0.141197 0.675809 0.154421 0.679483 0.166543 0.684992 0.178664 0.688666 0.189317 0.69188 0.205846 0.692798 0.221274 0.693716 0.230824 0.694175
0 25 0.635313 0.625977 0.632969 0.628418 0.633047 0.63291 0.634687 0.634375 0.637188 0.634375 0.640156 0.633398 0.6425 0.631348 0.643047 0.630078 0.642266 0.627051 0.641406 0.625391 0.639141 0.625293 0.637031 0.625586 0.636172 0.625488
0 23 0.361172 0.633496 0.358984 0.633105 0.357812 0.635645 0.359063 0.638574 0.359922 0.641406 0.361016 0.644141 0.361875 0.645898 0.364141 0.646777 0.364922 0.644531 0.364766 0.64209 0.364297 0.639258 0.363203 0.635059
