2 6 0.562047 0.330889 0.56424 0.337042 0.566791 0.346455 0.573314 0.354609 0.582209 0.360539 0.587546 0.363504 0.592883 0.356832 0.597034 0.347196 0.599406 0.332371 0.601185 0.315323 0.599999 0.310875 0.591274 0.308439 0.582658 0.311056 0.576132 0.314576 0.570942 0.317544 0.565012 0.31977 0.563233 0.323477
4 6 0.49665 0.329509 0.50145 0.338844 0.478514 0.344845 0.440174 0.35101 0.407861 0.35917 0.366774 0.365288 0.337596 0.364366 0.297119 0.36362 0.267396 0.362091 0.240043 0.358401 0.204612 0.345089 0.186229 0.336935 0.170218 0.321369 0.158951 0.299873 0.153615 0.27986 0.15787 0.250677 0.173044 0.195825 0.187192 0.163786 0.207288 0.125338 0.223588 0.093067 0.232483 0.080466 0.236634 0.078983 0.238413 0.08269 0.228203 0.10432 0.21508 0.12662 0.196215 0.167887 0.182066 0.196081 0.169763 0.22889 0.165474 0.243539 0.163695 0.256881 0.162509 0.272447 0.164288 0.288013 0.170218 0.302838 0.181485 0.319146 0.201054 0.331747 0.242207 0.347332 0.279329 0.352502 0.371104 0.356433 0.405148 0.351267 0.44596 0.341383 0.48747 0.333229
3 6 0.49665 0.329509 0.506784 0.324842 0.519586 0.319508 0.530254 0.316841 0.539322 0.314841 0.544656 0.314174 0.552124 0.316174 0.563749 0.322402 0.563233 0.323477 0.562047 0.330889 0.562801 0.333003 0.556925 0.330843 0.549991 0.326842 0.540923 0.325509 0.533455 0.328176 0.514252 0.334843 0.50145 0.338844
1 6 0.599999 0.310875 0.601185 0.315323 0.599406 0.332371 0.597034 0.347196 0.592883 0.356832 0.587546 0.363504 0.592883 0.367951 0.603557 0.369433 0.615416 0.36721 0.621939 0.359797 0.624311 0.348679 0.625497 0.336078 0.621939 0.324218 0.614823 0.317547 0.607707 0.313099
2 13 0.701365 0.431413 0.693503 0.428605 0.686202 0.422286 0.681147 0.414564 0.6789 0.411054 0.675531 0.408246 0.673846 0.403331 0.674969 0.394907 0.680024 0.392099 0.686202 0.385781 0.695749 0.380164 0.70268 0.379376 0.707218 0.382156 0.712598 0.38227 0.714283 0.389993 0.713721 0.401225 0.712036 0.412458 0.70979 0.42369 0.70642 0.432817
4 13 0.140378 0.286289 0.143936 0.294443 0.136227 0.297408 0.129111 0.299632 0.125812 0.300035 0.111914 0.300373 0.074556 0.300373 0.039569 0.300373 0 0.305562 0 0.295184 0.030674 0.290737 0.076928 0.291801 0.123348 0.287896 0.140378 0.286289 0.140378 0.286289 0.149273 0.282583 0.157575 0.278877 0.16054 0.275912 0.16054 0.267758 0.156389 0.264793 0.147494 0.261828 0.142157 0.26257 0.138006 0.267017 0.134448 0.27443 0.134448 0.283324 0.136227 0.293702 0.14275 0.304079 0.152831 0.318904 0.165284 0.330023 0.183074 0.348554 0.195526 0.362637 0.208572 0.379686 0.222211 0.398217 0.237629 0.417489 0.254233 0.433796 0.269651 0.444174 0.291591 0.453069 0.320648 0.458257 0.349705 0.462705 0.381133 0.45974 0.403074 0.454551 0.426201 0.448621 0.465338 0.438244 0.512185 0.420454 0.543613 0.410077 0.564961 0.405629 0.579193 0.404888 0.598169 0.401182 0.60649 0.399483 0.607557 0.407484 0.595152 0.413735 0.580327 0.4167 0.566095 0.4167 0.555421 0.4167 0.543561 0.420406 0.51747 0.430042 0.461728 0.450056 0.419941 0.461241 0.393216 0.466013 0.36649 0.47174 0.329839 0.469831 0.301586 0.463149 0.271043 0.455514 0.236682 0.428788 0.220647 0.410653 0.193921 0.374383 0.167656 0.34633 0.153424 0.333729 0.139192 0.318904 0.129704 0.304079 0.126146 0.282583 0.130297 0.26257 0.139785 0.253675 0.152831 0.251451 0.163695 0.256881 0.16647 0.26257 0.168249 0.270723 0.166934 0.281084 0.159518 0.288013 0.143936 0.294443 0.140378 0.286289
3 13 0.60649 0.399483 0.612358 0.397483 0.620892 0.395482 0.626226 0.395482 0.633161 0.393482 0.647563 0.391482 0.656631 0.391482 0.668899 0.394815 0.674685 0.397041 0.673846 0.403331 0.674616 0.405579 0.666232 0.40415 0.653964 0.40215 0.643296 0.401483 0.633694 0.402817 0.626226 0.40415 0.615025 0.405484 0.607557 0.407484
1 13 0.712598 0.38227 0.714283 0.389993 0.713721 0.401225 0.712036 0.412458 0.70979 0.42369 0.70642 0.432817 0.715406 0.432115 0.728323 0.425796 0.735625 0.418776 0.738433 0.411756 0.738433 0.401927 0.736186 0.393503 0.732816 0.387185 0.724954 0.382973 0.717653 0.381568
2 20 0.824493 0.246252 0.830423 0.246993 0.839911 0.246252 0.851771 0.241063 0.860666 0.231427 0.863038 0.226239 0.85948 0.215861 0.854736 0.208449 0.84762 0.200295 0.835167 0.187694 0.830423 0.195106 0.825679 0.204001 0.822714 0.211414 0.820935 0.222532 0.820342 0.234392 0.820935 0.242546
4 20 0.787725 0.320409 0.794464 0.323217 0.782054 0.354835 0.769008 0.388932 0.752998 0.431924 0.744103 0.452679 0.728685 0.495671 0.714453 0.53718 0.699628 0.571277 0.688954 0.598703 0.685396 0.612787 0.681838 0.617234 0.675908 0.618717 0.668792 0.616493 0.666421 0.605375 0.671164 0.538663 0.685989 0.47121 0.694884 0.432665 0.693503 0.428605 0.701365 0.431413 0.702 0.439336 0.697849 0.452679 0.691919 0.475657 0.683617 0.510496 0.677094 0.551264 0.674722 0.574984 0.674129 0.589808 0.673536 0.598703 0.674722 0.604633 0.676501 0.606116 0.679466 0.599445 0.687175 0.579431 0.701407 0.54311 0.715046 0.509013 0.735801 0.451938 0.757741 0.394121 0.783833 0.331115
3 20 0.787725 0.320409 0.800642 0.286009 0.806918 0.268082 0.813627 0.252296 0.820695 0.239237 0.820935 0.242546 0.824493 0.246252 0.827603 0.246641 0.823107 0.25863 0.811509 0.287536 0.804012 0.302858 0.794464 0.323217
1 20 0.835167 0.187694 0.84762 0.200295 0.854736 0.208449 0.85948 0.215861 0.863038 0.226239 0.868968 0.218826 0.874305 0.204743 0.874305 0.192883 0.872526 0.181023 0.866596 0.17361 0.858887 0.169904 0.845841 0.172128 0.838132 0.181023
2 27 0.882406 0.42657 0.874241 0.427356 0.86482 0.429711 0.856764 0.435617 0.848858 0.442119 0.841888 0.453172 0.844512 0.455042 0.849746 0.462685 0.862935 0.470535 0.876753 0.474461 0.886433 0.478385 0.890571 0.464255 0.890571 0.451693 0.890571 0.440702 0.888058 0.429711
4 27 0.901607 0.352613 0.908541 0.35328 0.913307 0.327338 0.915819 0.292009 0.920216 0.251184 0.920844 0.222136 0.918332 0.204079 0.898233 0.149908 0.847988 0.022723 0.839823 0 0.829146 0 0.854268 0.061977 0.878763 0.126355 0.900746 0.177386 0.907026 0.198583 0.907655 0.201723 0.909539 0.212715 0.910167 0.229202 0.908911 0.244118 0.906398 0.273952 0.903886 0.307711 0.901374 0.342254
3 27 0.878242 0.426971 0.883471 0.416622 0.891472 0.398619 0.897873 0.381284 0.901607 0.352613 0.908541 0.35328 0.908008 0.370615 0.904807 0.388618 0.90214 0.401286 0.897873 0.415288 0.892539 0.42529 0.888604 0.4321 0.888058 0.429711 0.882406 0.42657
0 27 0.863973 0.475195 0.864261 0.477712 0.864836 0.47951 0.866563 0.480589 0.868864 0.480589 0.870878 0.478431 0.870878 0.476274 0.87059 0.473756 0.868864 0.471958 0.867138 0.471958 0.8657 0.471958 0.864836 0.473037 0.863973 0.475195 0.859398 0.473414 0.8584 0.469255 0.855737 0.468007 0.853075 0.468423 0.85008 0.469671 0.848416 0.471335 0.847418 0.474662 0.848083 0.477574 0.85008 0.479238 0.852742 0.48007 0.855737 0.479654 0.8584 0.477574 0.859398 0.473414
1 27 0.844531 0.45498 0.849746 0.462685 0.862935 0.470535 0.876753 0.474461 0.886528 0.478623 0.882406 0.485452 0.875078 0.495312 0.869844 0.499584 0.864297 0.502051 0.86 0.502734 0.850391 0.500098 0.842096 0.493093 0.839599 0.48503 0.837415 0.474498 0.839495 0.463705 0.841992 0.453302
0 20 0.845625 0.195215 0.844531 0.196777 0.844766 0.198633 0.846406 0.200879 0.84875 0.2 0.848984 0.198242 0.848594 0.195605 0.847109 0.19502 0.846562 0.194824
0 6 0.602422 0.348633 0.601016 0.351758 0.601562 0.355371 0.6025 0.357812 0.605 0.357812 0.607031 0.357031 0.608125 0.354199 0.607578 0.349707 0.605547 0.348145 0.603437 0.347852
1 1 0.446329 0.268789 0.45268 0.271738 0.456673 0.27412 0.459123 0.278657 0.459758 0.284442 0.458215 0.292381 0.456128 0.297939 0.450503 0.304404 0.441883 0.308487 0.432083 0.309395 0.426004 0.308033 0.430722 0.296124 0.436166 0.283421 0.440794 0.275255 0.445078 0.268164
0 1 0.441973 0.278657 0.439886 0.279338 0.439523 0.282967 0.44034 0.284101 0.442155 0.284328 0.443607 0.283875 0.443879 0.28172 0.443607 0.279791
2 1 0.425822 0.308033 0.430813 0.296578 0.436801 0.28274 0.440612 0.275255 0.445156 0.268359 0.44279 0.266975 0.432627 0.263459 0.423463 0.261304 0.410306 0.262892 0.40341 0.267315 0.400053 0.270718 0.39851 0.280472 0.401323 0.285122 0.404952 0.292381 0.41076 0.299187 0.414026 0.301795 0.418745 0.305425
3 1 0.398395 0.281124 0.394816 0.283229 0.39271 0.296654 0.391973 0.364697 0.38555 0.365224 0.385024 0.31429 0.386919 0.288362 0.389867 0.271516 0.397869 0.264014 0.401975 0.265462 0.403344 0.267436 0.399869 0.270858
4 1 0.392139 0.364016 0.394334 0.403792 0.394553 0.447957 0.389506 0.496236 0.37985 0.536012 0.370852 0.555214 0.356807 0.570302 0.335082 0.574416 0.319281 0.571124 0.304358 0.559055 0.29163 0.538207 0.280877 0.503917 0.279341 0.468256 0.280657 0.4208 0.277585 0.388979 0.26863 0.368383 0.246595 0.341778 0.226312 0.329571 0.204778 0.318929 0.210036 0.313608 0.232572 0.322059 0.25611 0.336457 0.276142 0.36181 0.285657 0.38685 0.290164 0.42128 0.287911 0.461031 0.289413 0.49327 0.298427 0.52864 0.307943 0.549298 0.328726 0.565261 0.34375 0.564635 0.358273 0.557123 0.368039 0.545855 0.374048 0.524258 0.382061 0.483254 0.385817 0.433487 0.385817 0.363688
